step,epoch,syncs,loss,time,com_time,calc_time,exper_id
1,1,0,2.3040714,0.35018324851989746,0.0,0.0,213
2,1,1,2.2997618,2.313075542449951,0.588007926940918,1.0743238925933838,213
3,1,1,2.302548,3.4326770305633545,0.609874963760376,1.8931498527526855,213
4,1,1,2.2941883,4.553717136383057,0.6210958957672119,2.714204788208008,213
5,1,1,2.3144822,5.6886210441589355,0.6406757831573486,3.536533832550049,213
6,1,1,2.3096151,6.808734655380249,0.6424999237060547,4.358700752258301,213
7,1,1,2.3024,7.924404859542847,0.6443691253662109,5.177494764328003,213
8,1,1,2.2795062,9.050921440124512,0.6461772918701172,6.004239797592163,213
9,1,1,2.2891488,10.184345483779907,0.6775901317596436,6.824804782867432,213
10,1,1,2.273007,11.297386407852173,0.6794443130493164,7.6505126953125,213
11,1,1,2.29143,12.420972347259521,0.698554277420044,8.474764823913574,213
12,1,1,2.276215,13.551017045974731,0.7310261726379395,9.295107126235962,213
13,1,1,2.2817574,14.662902593612671,0.736213207244873,10.122373104095459,213
14,1,1,2.2638884,15.78045392036438,0.743577241897583,10.940191984176636,213
15,1,1,2.2757833,16.90443706512451,0.7732172012329102,11.757719278335571,213
16,1,1,2.2236125,18.013557195663452,0.7750751972198486,12.58256220817566,213
17,1,1,2.1862178,19.155919313430786,0.814777135848999,13.405689239501953,213
18,1,1,2.1019006,20.296008348464966,0.8369162082672119,14.229987382888794,213
19,1,1,2.1182795,21.405789375305176,0.8388330936431885,15.045624256134033,213
20,1,1,2.163085,22.521960258483887,0.8557531833648682,15.865576267242432,213
21,1,1,1.991638,23.645394325256348,0.8642771244049072,16.68505835533142,213
22,1,1,2.0173283,24.765722274780273,0.8663151264190674,17.508711576461792,213
23,1,1,1.9362265,25.8933265209198,0.8961191177368164,18.327812671661377,213
24,1,1,2.0894506,27.00848698616028,0.91550612449646,19.1420795917511,213
25,1,1,1.3271787,28.13253903388977,0.9180471897125244,19.970191478729248,213
26,1,1,1.4977441,29.251381158828735,0.9202749729156494,20.797120571136475,213
27,1,2,1.4693675,30.801056146621704,1.334583044052124,21.62284564971924,213
28,1,2,2.1234004,31.91167402267456,1.3425920009613037,22.4450466632843,213
29,1,2,2.0326242,33.0354688167572,1.3444111347198486,23.272809505462646,213
30,1,2,1.7818024,34.14625120162964,1.356626033782959,24.09447145462036,213
31,1,2,1.5611742,35.27824282646179,1.3937690258026123,24.908061504364014,213
32,1,2,1.5253934,36.406980991363525,1.4261329174041748,25.72313356399536,213
33,1,2,1.4429507,37.5240044593811,1.4371590614318848,26.54244065284729,213
34,1,2,1.4361129,38.64517879486084,1.4661052227020264,27.35896372795105,213
35,1,2,1.0415598,39.75525403022766,1.4788122177124023,28.18288779258728,213
36,1,2,0.9908946,40.86897563934326,1.4951472282409668,28.99957776069641,213
37,1,2,1.0301247,41.98441219329834,1.522127389907837,29.81377601623535,213
38,1,2,0.99344856,43.09119772911072,1.5265355110168457,30.63724398612976,213
39,1,2,0.88557243,44.22382569313049,1.5285794734954834,31.4641330242157,213
40,1,2,0.7497258,45.36205458641052,1.5702235698699951,32.27582812309265,213
41,1,2,0.7452549,46.48148703575134,1.5904655456542969,33.09559631347656,213
42,1,2,0.8817171,47.60493469238281,1.592315435409546,33.91751527786255,213
43,1,2,0.9183239,48.72121453285217,1.5998492240905762,34.74121928215027,213
44,1,2,0.98082566,49.8432183265686,1.6359341144561768,35.55753231048584,213
45,1,2,0.94129735,50.953017234802246,1.6379539966583252,36.376588582992554,213
46,1,2,0.6895885,52.075363874435425,1.6482889652252197,37.20121669769287,213
47,1,2,0.75412256,53.19719123840332,1.6535110473632812,38.02930450439453,213
48,1,2,0.73513734,54.312124490737915,1.660865068435669,38.850836515426636,213
49,1,2,0.8022062,55.431819438934326,1.6730239391326904,39.67116045951843,213
50,1,2,0.6493127,56.55616903305054,1.707669973373413,40.4876024723053,213
51,1,2,0.6431426,57.66977071762085,1.7098050117492676,41.30166959762573,213
52,1,3,0.9413764,59.18492150306702,2.092133045196533,42.12927842140198,213
53,1,3,0.9603214,60.302417278289795,2.102692127227783,42.94673728942871,213
54,1,3,0.53397965,61.41920018196106,2.121856212615967,43.770748138427734,213
55,1,3,0.48295262,62.526531457901,2.140090227127075,44.586586236953735,213
56,1,3,0.7525549,63.64065432548523,2.1528892517089844,45.40056848526001,213
57,1,3,0.5774884,64.76281881332397,2.1899843215942383,46.21489143371582,213
58,1,3,0.6846174,65.88597083091736,2.1999402046203613,47.03281235694885,213
59,1,3,0.51855546,67.01239442825317,2.201946258544922,47.86081337928772,213
60,1,3,0.53775024,68.14168429374695,2.2135202884674072,48.69093441963196,213
61,1,3,0.45606765,69.2691924571991,2.2152132987976074,49.52666759490967,213
62,1,3,0.48165357,70.38668656349182,2.2273504734039307,50.34948968887329,213
63,1,3,0.44832042,71.50856328010559,2.243107318878174,51.17240381240845,213
64,1,3,0.6717634,72.62428069114685,2.256747245788574,51.99622559547424,213
65,1,3,0.42562652,73.73502016067505,2.264111280441284,52.817190647125244,213
66,1,3,0.32679862,74.84342241287231,2.2739741802215576,53.644447803497314,213
67,1,3,0.42501307,75.96133875846863,2.293069362640381,54.46665072441101,213
68,1,3,0.7024444,77.0717761516571,2.2949893474578857,55.28492784500122,213
69,1,3,0.4448539,78.1914553642273,2.3149263858795166,56.0974497795105,213
70,1,3,0.3659137,79.30238628387451,2.3274223804473877,56.92196559906006,213
71,1,3,0.27981108,80.4355480670929,2.3486082553863525,57.74219250679016,213
72,1,3,0.64463353,81.54768562316895,2.350546360015869,58.5589804649353,213
73,1,3,0.2770232,82.66078352928162,2.361490488052368,59.3715033531189,213
74,1,3,0.3085612,83.79000091552734,2.374103546142578,60.192761182785034,213
75,1,3,0.5190045,84.8982675075531,2.379608631134033,61.006813049316406,213
76,1,3,0.46183348,86.01466536521912,2.3817286491394043,61.83117389678955,213
77,1,3,0.6390454,87.13292813301086,2.4039504528045654,62.64726281166077,213
78,1,3,0.27051827,88.24433946609497,2.4059934616088867,63.46692252159119,213
79,1,3,0.38291585,89.36493372917175,2.4080405235290527,64.2841944694519,213
80,1,3,0.4681813,90.4812650680542,2.433276653289795,65.10993957519531,213
81,1,3,0.28188002,91.60130310058594,2.436450481414795,65.93212676048279,213
82,1,3,0.6790272,92.70925688743591,2.4577956199645996,66.75575280189514,213
83,1,3,0.35183454,93.82207155227661,2.4635486602783203,67.57479405403137,213
84,1,3,0.277311,94.92940092086792,2.4726176261901855,68.39030289649963,213
85,1,3,0.33285606,96.04996013641357,2.4802746772766113,69.21624684333801,213
86,1,3,0.31606668,97.1667811870575,2.4823365211486816,70.03993582725525,213
87,1,3,0.5291876,98.28970623016357,2.5071253776550293,70.86280989646912,213
88,1,3,0.26503155,99.40466046333313,2.5089023113250732,71.68102765083313,213
89,1,3,0.31303164,100.52190089225769,2.5198044776916504,72.50228071212769,213
90,1,3,0.36366412,101.64145469665527,2.521867513656616,73.3178117275238,213
91,1,3,0.30177647,102.76026821136475,2.5477705001831055,74.13984775543213,213
92,1,4,0.2408831,104.26084995269775,2.9211485385894775,74.95768165588379,213
93,1,4,0.32927325,105.3854751586914,2.9310433864593506,75.78790187835693,213
94,1,4,0.40397096,106.5096275806427,2.9565935134887695,76.6112608909607,213
95,1,4,0.1767316,107.62759733200073,2.9759254455566406,77.43023490905762,213
96,1,4,0.3779773,108.73969650268555,2.9862823486328125,78.2589840888977,213
97,1,4,0.38325804,109.86157011985779,3.0068304538726807,79.07411408424377,213
98,1,4,0.24530372,110.97685384750366,3.0262084007263184,79.89458012580872,213
99,1,4,0.361588,112.09331846237183,3.0283203125,80.71606230735779,213
100,1,4,0.1963015,113.20841455459595,3.031675338745117,81.53193426132202,213
101,1,4,0.13799876,114.33315229415894,3.046412467956543,82.35879302024841,213
102,1,4,0.13627206,115.45773363113403,3.0689966678619385,83.18527722358704,213
103,1,4,0.167554,116.57430911064148,3.089815616607666,84.00620913505554,213
104,1,4,0.08197593,117.69541835784912,3.097501516342163,84.82859396934509,213
105,1,4,0.18658088,118.81894612312317,3.0993974208831787,85.65325975418091,213
106,1,4,0.29492363,119.94242405891418,3.119485378265381,86.47540664672852,213
107,1,4,0.29914948,121.05317091941833,3.125988245010376,87.29295468330383,213
108,1,4,0.30189285,122.18439102172852,3.147932291030884,88.11605668067932,213
109,1,4,0.21047406,123.30732607841492,3.1592824459075928,88.9444227218628,213
110,1,4,0.084148824,124.43161106109619,3.1878254413604736,89.76124286651611,213
111,1,4,0.22921008,125.54251456260681,3.1915924549102783,90.58222198486328,213
112,1,4,0.06360941,126.6537561416626,3.201761484146118,91.40462303161621,213
113,1,4,0.47107148,127.77151823043823,3.2309935092926025,92.22682809829712,213
114,1,4,0.2970705,128.88416647911072,3.2588934898376465,93.04137134552002,213
115,1,4,0.29341498,130.00228548049927,3.2788734436035156,93.85227823257446,213
116,1,4,0.12245953,131.1257860660553,3.2952146530151367,94.67987418174744,213
117,1,4,0.18231173,132.25192832946777,3.298532724380493,95.50000619888306,213
118,2,4,0.49918342,133.2737488746643,3.3008227348327637,96.31838631629944,213
119,2,4,0.32448518,134.4029426574707,3.308753728866577,97.13967323303223,213
120,2,4,0.4028262,135.52061367034912,3.336707592010498,97.95440316200256,213
121,2,4,0.12943871,136.64008259773254,3.3668596744537354,98.77052211761475,213
122,2,4,0.29446113,137.75686264038086,3.3759686946868896,99.58785700798035,213
123,2,4,0.10432076,138.8801565170288,3.37795090675354,100.41694784164429,213
124,2,4,0.20041437,140.0037055015564,3.4129269123077393,101.2313621044159,213
125,2,4,0.28741843,141.12251687049866,3.432394027709961,102.04684901237488,213
126,2,4,0.2099129,142.24016094207764,3.4556620121002197,102.8672547340393,213
127,2,4,0.20450784,143.3685028553009,3.4913690090179443,103.68888449668884,213
128,2,4,0.23007934,144.48668670654297,3.505390167236328,104.50852966308594,213
129,2,4,0.27472693,145.6001718044281,3.526501178741455,105.32367038726807,213
130,2,4,0.18975234,146.78095030784607,3.602107286453247,106.1477644443512,213
131,2,4,0.34038675,147.903555393219,3.6278762817382812,106.9610390663147,213
132,2,4,0.39443266,149.04778146743774,3.6659343242645264,107.78620600700378,213
133,2,4,0.37396824,150.16816473007202,3.6756372451782227,108.60652017593384,213
134,2,4,0.33328766,151.2752969264984,3.6803133487701416,109.43037605285645,213
135,2,4,0.3557107,152.39489436149597,3.696958303451538,110.25197505950928,213
136,2,4,0.14385039,153.50520205497742,3.699108123779297,111.07505989074707,213
137,2,4,0.21586786,154.62197971343994,3.701019048690796,111.90104269981384,213
138,2,4,0.43308684,155.74317359924316,3.7138569355010986,112.71607971191406,213
139,2,4,0.27497602,156.86280155181885,3.726200819015503,113.5335795879364,213
140,2,4,0.34152913,157.98280954360962,3.728386878967285,114.35804843902588,213
141,2,4,0.36543682,159.09279799461365,3.7303109169006348,115.17913246154785,213
142,2,4,0.3398819,160.21118664741516,3.734565019607544,116.00121736526489,213
143,2,4,0.1360814,161.32394981384277,3.7387120723724365,116.82631945610046,213
144,2,4,0.2213958,162.43025922775269,3.7528910636901855,117.646000623703,213
145,2,4,0.1876754,163.55735325813293,3.7798149585723877,118.46664357185364,213
146,2,4,0.22921774,164.67667961120605,3.7891697883605957,119.29085659980774,213
147,2,4,0.119618356,165.79373025894165,3.8043057918548584,120.1084156036377,213
148,2,4,0.26809278,166.91056156158447,3.8065948486328125,120.92310571670532,213
149,2,4,0.29324776,168.02377367019653,3.821464776992798,121.73807573318481,213
150,2,4,0.50252646,169.14427208900452,3.8235628604888916,122.56495976448059,213
151,2,4,0.13415983,170.26754307746887,3.825683832168579,123.38663172721863,213
152,2,4,0.2293524,171.37907600402832,3.8368427753448486,124.20921277999878,213
153,2,4,0.275966,172.50790286064148,3.8629627227783203,125.02650952339172,213
154,2,4,0.1699289,173.62422847747803,3.8825125694274902,125.84521341323853,213
155,2,4,0.24810135,174.7477524280548,3.885495662689209,126.66079449653625,213
156,2,4,0.18437535,175.86796355247498,3.8872976303100586,127.48408031463623,213
157,2,4,0.17614567,176.99164485931396,3.9015016555786133,128.30979347229004,213
158,2,5,0.21812704,178.5285816192627,4.307266473770142,129.13219952583313,213
159,2,5,0.14783528,179.6553089618683,4.337015390396118,129.9441215991974,213
160,2,5,0.09122259,180.77767825126648,4.346683502197266,130.76565551757812,213
161,2,5,0.2782513,181.89584112167358,4.356237411499023,131.59206771850586,213
162,2,5,0.3219674,183.01291060447693,4.375023365020752,132.41335487365723,213
163,2,5,0.07810982,184.13902306556702,4.413821458816528,133.2356309890747,213
164,2,5,0.11024782,185.26526522636414,4.438473463058472,134.0575249195099,213
165,2,5,0.15122135,186.3809084892273,4.447198390960693,134.87591195106506,213
166,2,5,0.23254558,187.50032544136047,4.472994565963745,135.6996591091156,213
167,2,5,0.25003657,188.61992859840393,4.4870195388793945,136.51975321769714,213
168,2,5,0.115357704,189.7309787273407,4.499049425125122,137.3410930633545,213
169,2,5,0.302,190.8400149345398,4.501189470291138,138.1644310951233,213
170,2,5,0.22978957,191.95281720161438,4.523277521133423,138.9858682155609,213
171,2,5,0.10801393,193.07496643066406,4.544891595840454,139.80821132659912,213
172,2,5,0.32033625,194.1887652873993,4.55916166305542,140.6194133758545,213
173,2,5,0.069583036,195.31104469299316,4.579606771469116,141.437979221344,213
174,2,5,0.3925921,196.4181501865387,4.595078945159912,142.25437331199646,213
175,2,5,0.09075502,197.54519295692444,4.614330053329468,143.073810338974,213
176,2,5,0.08629278,198.65626287460327,4.6257710456848145,143.8870062828064,213
177,2,5,0.17496419,199.76532816886902,4.6278440952301025,144.7012984752655,213
178,2,5,0.1491778,200.88484382629395,4.630603075027466,145.52158641815186,213
179,2,5,0.3353065,202.01419353485107,4.660721063613892,146.3357834815979,213
180,2,5,0.17271082,203.12671828269958,4.662921905517578,147.16067147254944,213
181,2,5,0.13366355,204.2381021976471,4.672098875045776,147.98083353042603,213
182,2,5,0.060595658,205.36705899238586,4.702676773071289,148.79816150665283,213
183,2,5,0.09415229,206.4955096244812,4.722132682800293,149.61450242996216,213
184,2,5,0.05130265,207.61497330665588,4.740252733230591,150.43057656288147,213
185,2,5,0.13789135,208.72601056098938,4.766448736190796,151.24823570251465,213
186,2,5,0.21184896,209.8421652317047,4.768516778945923,152.0705177783966,213
187,2,5,0.13245508,210.96749329566956,4.7949059009552,152.89034342765808,213
188,2,5,0.16392457,212.0761275291443,4.798436880111694,153.7082974910736,213
189,2,5,0.089582406,213.19764757156372,4.800262928009033,154.5361442565918,213
190,2,5,0.22401842,214.32902908325195,4.811630964279175,155.35827922821045,213
191,2,5,0.12191282,215.44202828407288,4.8196120262146,156.17381930351257,213
192,2,5,0.040188827,216.5572669506073,4.834398984909058,156.9949073791504,213
193,2,5,0.1863063,217.68084526062012,4.85070013999939,157.8150143623352,213
194,2,5,0.16943654,218.79891109466553,4.8660900592803955,158.6329324245453,213
195,2,5,0.18172549,219.9145691394806,4.8680830001831055,159.45516061782837,213
196,2,5,0.13036646,221.05399632453918,4.906095027923584,160.27669262886047,213
197,2,5,0.26626095,222.1803069114685,4.918974161148071,161.09818577766418,213
198,2,5,0.4375775,223.30356907844543,4.936732053756714,161.91840195655823,213
199,2,5,0.3020385,224.4227864742279,4.957085847854614,162.73540472984314,213
200,2,5,0.14328659,225.53391766548157,4.959264755249023,163.55115580558777,213
201,2,5,0.19298106,226.6497573852539,4.961118698120117,164.37397694587708,213
202,2,5,0.11698352,227.75999760627747,4.963284730911255,165.19669699668884,213
203,2,5,0.39537108,228.8868236541748,4.993370771408081,166.0132098197937,213
204,2,5,0.19763292,229.99474143981934,4.995873928070068,166.83508372306824,213
205,2,5,0.22874345,231.096431016922,5.008663892745972,167.65253281593323,213
206,2,5,0.15290871,232.20398449897766,5.011836051940918,168.4656047821045,213
207,2,5,0.4074685,233.32866191864014,5.046488046646118,169.28917002677917,213
208,2,5,0.25212514,234.45789504051208,5.048376083374023,170.1073350906372,213
209,2,5,0.16073568,235.57558298110962,5.06304407119751,170.9232451915741,213
210,2,5,0.111968614,236.69868874549866,5.097604274749756,171.74484515190125,213
211,2,5,0.1792254,237.81492733955383,5.099911212921143,172.56410193443298,213
212,2,5,0.10652547,238.94143795967102,5.101863145828247,173.38985085487366,213
213,2,5,0.16332361,240.0688920021057,5.112307071685791,174.2160587310791,213
214,2,5,0.3545506,241.19598722457886,5.135452032089233,175.03728246688843,213
215,2,5,0.29420048,242.31753063201904,5.137517213821411,175.85508465766907,213
216,2,5,0.07928081,243.44553089141846,5.163463354110718,176.68271470069885,213
217,2,5,0.11068195,244.56102013587952,5.16528844833374,177.50428676605225,213
218,2,5,0.07941459,245.6742024421692,5.175618648529053,178.3256528377533,213
219,2,5,0.12545569,246.7839937210083,5.186818599700928,179.14483785629272,213
220,2,5,0.16335014,247.88808608055115,5.201476573944092,179.9663577079773,213
221,2,5,0.049285427,249.01491045951843,5.2033305168151855,180.78959369659424,213
222,2,5,0.40434915,250.13214015960693,5.205300569534302,181.60722875595093,213
223,2,5,0.13482,251.2448468208313,5.231563568115234,182.42201566696167,213
224,2,5,0.3398708,252.37622904777527,5.233598470687866,183.23985266685486,213
225,2,5,0.24435762,253.49997115135193,5.244418382644653,184.05730676651,213
226,2,5,0.19071025,254.6213071346283,5.262129306793213,184.88466668128967,213
227,2,5,0.1999675,255.74898838996887,5.273804187774658,185.70929861068726,213
228,2,5,0.09386481,256.88440918922424,5.307535171508789,186.5259494781494,213
229,2,5,0.055880953,257.9966015815735,5.315856218338013,187.34980750083923,213
230,2,5,0.1628629,259.1112611293793,5.317575216293335,188.17951154708862,213
231,2,5,0.20212132,260.22382402420044,5.323237180709839,188.99997663497925,213
232,2,5,0.27919093,261.35970735549927,5.354083061218262,189.81566262245178,213
233,2,5,0.1667255,262.4836082458496,5.378743886947632,190.63704371452332,213
234,2,5,0.20201558,263.5975294113159,5.3868608474731445,191.46058654785156,213
235,3,5,0.21895769,264.6123945713043,5.389222860336304,192.28006863594055,213
236,3,5,0.13450167,265.7229218482971,5.395961761474609,193.094988822937,213
237,3,6,0.15861046,267.2665903568268,5.803477764129639,193.9197916984558,213
238,3,6,0.28054544,268.38273572921753,5.820970773696899,194.73871159553528,213
239,3,6,0.09817417,269.514945268631,5.861806631088257,195.55599355697632,213
240,3,6,0.1256457,270.61991691589355,5.868151664733887,196.37304639816284,213
241,3,6,0.17282552,271.7418432235718,5.869903564453125,197.195246219635,213
242,3,6,0.2175405,272.85786390304565,5.900529623031616,198.01350212097168,213
243,3,6,0.10294927,273.97727704048157,5.917886734008789,198.8281271457672,213
244,3,6,0.1841391,275.10103845596313,5.950232744216919,199.64416527748108,213
245,3,6,0.16336769,276.21357583999634,5.977170705795288,200.4703471660614,213
246,3,6,0.13226092,277.33248496055603,5.994600772857666,201.28757500648499,213
247,3,6,0.06156398,278.4394750595093,6.0108349323272705,202.11357617378235,213
248,3,6,0.35220724,279.56078839302063,6.014230966567993,202.93595623970032,213
249,3,6,0.20873453,280.6896855831146,6.016497850418091,203.76017117500305,213
250,3,6,0.17542553,281.8024933338165,6.027318000793457,204.5799560546875,213
251,3,6,0.11495446,282.9123728275299,6.040185928344727,205.4056417942047,213
252,3,6,0.108784415,284.0266134738922,6.0825278759002686,206.22523403167725,213
253,3,6,0.10313499,285.1474652290344,6.110870838165283,207.04225492477417,213
254,3,6,0.18892781,286.25868010520935,6.1352667808532715,207.8641209602356,213
255,3,6,0.14935596,287.38136434555054,6.165377855300903,208.68030905723572,213
256,3,6,0.04779882,288.5095226764679,6.167336940765381,209.50941705703735,213
257,3,6,0.26305035,289.6334662437439,6.179335832595825,210.33347511291504,213
258,3,6,0.04584715,290.7572703361511,6.1986846923828125,211.14919900894165,213
259,3,6,0.1389732,291.879914522171,6.209629774093628,211.96748304367065,213
260,3,6,0.16608223,292.99591755867004,6.220556974411011,212.79422807693481,213
261,3,6,0.11674069,294.120402097702,6.2227020263671875,213.6229510307312,213
262,3,6,0.26892924,295.23196387290955,6.229456186294556,214.44827580451965,213
263,3,6,0.15595332,296.3423366546631,6.243760108947754,215.27138876914978,213
264,3,6,0.21110885,297.45220923423767,6.267000198364258,216.08670258522034,213
265,3,6,0.38951156,298.5686433315277,6.289660215377808,216.90243864059448,213
266,3,6,0.3208451,299.6790204048157,6.295042276382446,217.72409772872925,213
267,3,6,0.119452424,300.8111608028412,6.309320449829102,218.55057287216187,213
268,3,6,0.16691104,301.9185016155243,6.322775363922119,219.37215495109558,213
269,3,6,0.22850831,303.0443832874298,6.3617894649505615,220.19151091575623,213
270,3,6,0.06425029,304.1613790988922,6.379767417907715,221.0119435787201,213
271,3,6,0.20749891,305.2848470211029,6.384135484695435,221.83738660812378,213
272,3,6,0.091227956,306.4049816131592,6.405849456787109,222.65495657920837,213
273,3,6,0.16623682,307.5178008079529,6.414496421813965,223.47690057754517,213
274,3,6,0.09719712,308.6393208503723,6.431012392044067,224.29703664779663,213
275,3,6,0.10028292,309.7664620876312,6.432857513427734,225.11340284347534,213
276,3,6,0.28607345,310.87393260002136,6.462181568145752,225.93327283859253,213
277,3,6,0.1285801,311.9969882965088,6.471675634384155,226.75466299057007,213
278,3,6,0.059300434,313.1128840446472,6.473893642425537,227.57857370376587,213
279,3,6,0.06895024,314.2451674938202,6.503349781036377,228.40660285949707,213
280,3,6,0.03363828,315.36162090301514,6.539687871932983,229.22267484664917,213
281,3,6,0.22153579,316.48886132240295,6.549964904785156,230.04846286773682,213
282,3,6,0.044205956,317.6078362464905,6.569514036178589,230.87457060813904,213
283,3,6,0.03595113,318.72587752342224,6.588119029998779,231.68792152404785,213
284,3,6,0.054875497,319.85741114616394,6.612350940704346,232.50579237937927,213
285,3,6,0.16213381,320.98550367355347,6.630080938339233,233.32355117797852,213
286,3,6,0.25190836,322.1061501502991,6.639559030532837,234.14405918121338,213
287,3,6,0.11470231,323.2166802883148,6.651486158370972,234.96024322509766,213
288,3,6,0.1983771,324.3317494392395,6.676728010177612,235.78086137771606,213
289,3,6,0.15230405,325.4476001262665,6.687819004058838,236.59710240364075,213
290,3,6,0.083749644,326.5771267414093,6.713101863861084,237.4177005290985,213
291,3,6,0.09058758,327.698974609375,6.72342586517334,238.23807859420776,213
292,3,6,0.017474078,328.819367647171,6.725406885147095,239.06114149093628,213
293,3,6,0.19709533,329.9461545944214,6.75459098815918,239.87823843955994,213
294,3,6,0.5581893,331.0581126213074,6.7607738971710205,240.70035648345947,213
295,3,6,0.19880585,332.1691880226135,6.772469758987427,241.52152252197266,213
296,3,6,0.19411013,333.2900755405426,6.774354934692383,242.34973740577698,213
297,3,6,0.16812709,334.4103841781616,6.784721851348877,243.17859745025635,213
298,3,6,0.30084863,335.53013920783997,6.809548854827881,243.99092054367065,213
299,3,6,0.18886255,336.6425087451935,6.827329635620117,244.81190752983093,213
300,3,6,0.08191109,337.7588686943054,6.829420804977417,245.63236141204834,213
301,3,6,0.10396991,338.87912464141846,6.833127737045288,246.44664645195007,213
302,3,6,0.21840456,339.9928500652313,6.844935655593872,247.2660391330719,213
303,3,6,0.25764436,341.106388092041,6.847061634063721,248.08992314338684,213
304,3,6,0.19702041,342.22019028663635,6.865684509277344,248.91590189933777,213
305,3,6,0.18676159,343.3377203941345,6.888572454452515,249.73967170715332,213
306,3,6,0.16889702,344.44861936569214,6.894043445587158,250.55923175811768,213
307,3,6,0.08741784,345.5613012313843,6.905292510986328,251.3779797554016,213
308,3,6,0.19845231,346.6856060028076,6.915830612182617,252.2009859085083,213
309,3,6,0.10307786,347.80502462387085,6.945610523223877,253.0166609287262,213
310,3,6,0.022853006,348.9274022579193,6.9673144817352295,253.82864713668823,213
311,3,6,0.16893798,350.05835461616516,7.011428594589233,254.6461420059204,213
312,3,6,0.19040063,351.1826298236847,7.014970541000366,255.46380305290222,213
313,3,6,0.06391224,352.2996242046356,7.021353721618652,256.2861907482147,213
314,3,6,0.19139382,353.42474484443665,7.043223857879639,257.10575580596924,213
315,3,6,0.23978202,354.5333135128021,7.061501979827881,257.9329857826233,213
316,3,6,0.17449039,355.6422345638275,7.069982051849365,258.7601087093353,213
317,3,6,0.06757882,356.7747850418091,7.085397958755493,259.58348298072815,213
318,3,7,0.18004686,358.2910158634186,7.48065710067749,260.41480112075806,213
319,3,7,0.15041114,359.4079625606537,7.488821268081665,261.2308871746063,213
320,3,7,0.06905779,360.52961587905884,7.511846303939819,262.0470349788666,213
321,3,7,0.12890282,361.6512954235077,7.530843257904053,262.8623118400574,213
322,3,7,0.089478694,362.76892924308777,7.548135042190552,263.68285393714905,213
323,3,7,0.153026,363.8981566429138,7.573752164840698,264.51127576828003,213
324,3,7,0.10247699,365.02512097358704,7.588586330413818,265.33415484428406,213
325,3,7,0.118076995,366.1392614841461,7.602483510971069,266.1545979976654,213
326,3,7,0.21001224,367.2544765472412,7.621797561645508,266.97341895103455,213
327,3,7,0.1262074,368.36217427253723,7.628049612045288,267.79076409339905,213
328,3,7,0.15408605,369.48798727989197,7.660281658172607,268.6065628528595,213
329,3,7,0.121469446,370.59819889068604,7.676175594329834,269.42587089538574,213
330,3,7,0.23352522,371.7258186340332,7.689370632171631,270.24127888679504,213
331,3,7,0.06777552,372.8326241970062,7.698646783828735,271.05808186531067,213
332,3,7,0.070290074,373.95270013809204,7.700500965118408,271.8796579837799,213
333,3,7,0.043808408,375.0695457458496,7.702437877655029,272.7063789367676,213
334,3,7,0.25768733,376.1952829360962,7.750881910324097,273.5203490257263,213
335,3,7,0.08601899,377.3104305267334,7.7793920040130615,274.33609318733215,213
336,3,7,0.20667896,378.42755913734436,7.811510801315308,275.1533372402191,213
337,3,7,0.06285548,379.5427107810974,7.8373048305511475,275.9736523628235,213
338,3,7,0.08417885,380.66405153274536,7.846054792404175,276.7946126461029,213
339,3,7,0.11734255,381.7821502685547,7.856971740722656,277.6164915561676,213
340,3,7,0.14640522,382.9050364494324,7.887399673461914,278.43511056900024,213
341,3,7,0.068834156,384.0168778896332,7.890920639038086,279.26040840148926,213
342,3,7,0.047852255,385.12546253204346,7.899223804473877,280.07684230804443,213
343,3,7,0.10685384,386.2556483745575,7.901371955871582,280.90309262275696,213
344,3,7,0.17263184,387.3759412765503,7.930395841598511,281.7209095954895,213
345,3,7,0.11395794,388.4855577945709,7.932478904724121,282.54958152770996,213
346,3,7,0.12704617,389.59697222709656,7.948011875152588,283.3648235797882,213
347,3,7,0.097582325,390.7166142463684,7.950027942657471,284.1857407093048,213
348,3,7,0.12101051,391.8326721191406,7.979146957397461,285.0053188800812,213
349,3,7,0.16178173,392.9466073513031,7.994199991226196,285.83263182640076,213
350,3,7,0.1305772,394.07731914520264,7.996104955673218,286.66037487983704,213
351,3,7,0.20417973,395.196270942688,8.02007508277893,287.48057746887207,213
352,4,7,0.05237323,396.21874260902405,8.022430896759033,288.2957675457001,213
353,4,7,0.1362186,397.34747529029846,8.045409917831421,289.1179747581482,213
354,4,7,0.0987129,398.4748785495758,8.074273109436035,289.9351055622101,213
355,4,7,0.106208175,399.59116435050964,8.086027145385742,290.7520275115967,213
356,4,7,0.17191347,400.7117042541504,8.103986024856567,291.5695834159851,213
357,4,7,0.18811664,401.83695673942566,8.142127990722656,292.38572430610657,213
358,4,7,0.10207106,402.9573509693146,8.17581295967102,293.20802640914917,213
359,4,7,0.043633796,404.0861279964447,8.219974994659424,294.02238845825195,213
360,4,7,0.21296431,405.2136414051056,8.243654012680054,294.8385136127472,213
361,4,7,0.12021678,406.3382086753845,8.257364988327026,295.65959572792053,213
362,4,7,0.22176123,407.46808338165283,8.259637117385864,296.4867823123932,213
363,4,7,0.07971472,408.57954955101013,8.272923231124878,297.3090012073517,213
364,4,7,0.12448691,409.6950902938843,8.283223152160645,298.13297605514526,213
365,4,7,0.09382655,410.8185136318207,8.321177244186401,298.94871401786804,213
366,4,7,0.054146666,411.95557403564453,8.350287199020386,299.76485538482666,213
367,4,7,0.10813096,413.0795741081238,8.36247706413269,300.5837972164154,213
368,4,7,0.09595284,414.2002410888672,8.39125108718872,301.4034562110901,213
369,4,7,0.13201065,415.32225155830383,8.406148195266724,302.2253179550171,213
370,4,7,0.2815577,416.4671652317047,8.429295063018799,303.0614387989044,213
371,4,7,0.08282648,417.59315729141235,8.432950973510742,303.88797187805176,213
372,4,7,0.077043205,418.7133677005768,8.447957992553711,304.704696893692,213
373,4,7,0.03390377,419.8366279602051,8.472904920578003,305.52742195129395,213
374,4,7,0.1372642,420.9552013874054,8.485074996948242,306.344046831131,213
375,4,7,0.008032264,422.08074617385864,8.487153053283691,307.16695165634155,213
376,4,7,0.23218082,423.19455003738403,8.489188194274902,307.98572158813477,213
377,4,7,0.14955254,424.317578792572,8.506595134735107,308.8067784309387,213
378,4,7,0.14765915,425.4381618499756,8.532341241836548,309.62667655944824,213
379,4,7,0.065164775,426.55530524253845,8.549710273742676,310.4549536705017,213
380,4,7,0.20234804,427.66916966438293,8.559073209762573,311.27354669570923,213
381,4,7,0.028421024,428.7919120788574,8.576694250106812,312.0909676551819,213
382,4,7,0.24104556,429.90197348594666,8.596660137176514,312.90987181663513,213
383,4,7,0.18388213,431.0150113105774,8.604464054107666,313.7259666919708,213
384,4,7,0.11229255,432.1382179260254,8.617403030395508,314.54805088043213,213
385,4,7,0.24206108,433.26144075393677,8.636664867401123,315.3693027496338,213
386,4,7,0.14729479,434.38476634025574,8.648794651031494,316.19224190711975,213
387,4,7,0.1704189,435.48963689804077,8.652913808822632,317.0145525932312,213
388,4,7,0.13747743,436.60594177246094,8.662121772766113,317.8421678543091,213
389,4,7,0.16205074,437.7228379249573,8.674385786056519,318.6659109592438,213
390,4,7,0.06350858,438.8596456050873,8.705787897109985,319.4880340099335,213
391,4,7,0.14299594,440.0294773578644,8.786537885665894,320.3047339916229,213
392,4,7,0.023681972,441.14911103248596,8.816618919372559,321.1249008178711,213
393,4,7,0.18257993,442.2567095756531,8.819883823394775,321.94516587257385,213
394,4,7,0.077708595,443.36735939979553,8.829913854598999,322.7643418312073,213
395,4,7,0.027186058,444.4844455718994,8.84514594078064,323.5865635871887,213
396,4,7,0.2448994,445.6053726673126,8.847191095352173,324.4094924926758,213
397,4,7,0.07404846,446.72275853157043,8.869123935699463,325.2375588417053,213
398,4,7,0.028799608,447.8448188304901,8.8816819190979,326.06841492652893,213
399,4,7,0.024674606,448.96333360671997,8.883774042129517,326.8965799808502,213
400,4,7,0.03158802,450.07736992836,8.888001203536987,327.71613478660583,213
401,4,7,0.22242196,451.1945095062256,8.916478157043457,328.5300097465515,213
402,4,7,0.21972965,452.3261947631836,8.93795132637024,329.3514657020569,213
403,4,7,0.16661589,453.4461214542389,8.949443340301514,330.17885756492615,213
404,4,8,0.14046195,454.96210980415344,9.332637548446655,331.0003185272217,213
405,4,8,0.09194,456.0688536167145,9.356195449829102,331.8213894367218,213
406,4,8,0.10660121,457.1859929561615,9.37464451789856,332.64412546157837,213
407,4,8,0.2877304,458.3150887489319,9.407927513122559,333.4666736125946,213
408,4,8,0.07095532,459.432621717453,9.429117441177368,334.2878794670105,213
409,4,8,0.028761515,460.5634822845459,9.460108518600464,335.11187839508057,213
410,4,8,0.10168154,461.68238735198975,9.474844455718994,335.93145751953125,213
411,4,8,0.1639046,462.8003010749817,9.492608308792114,336.7515535354614,213
412,4,8,0.18936354,463.91357946395874,9.49456238746643,337.58052134513855,213
413,4,8,0.08937674,465.03412342071533,9.507717370986938,338.3993625640869,213
414,4,8,0.11904283,466.1589443683624,9.52695631980896,339.2150146961212,213
415,4,8,0.022897087,467.27062153816223,9.548026323318481,340.0333788394928,213
416,4,8,0.063186795,468.39242124557495,9.577306509017944,340.8524069786072,213
417,4,8,0.08647318,469.5040671825409,9.580537557601929,341.6743998527527,213
418,4,8,0.11712566,470.61903643608093,9.589837551116943,342.4899756908417,213
419,4,8,0.25424853,471.7403779029846,9.623237609863281,343.3084046840668,213
420,4,8,0.08633664,472.86501598358154,9.628001689910889,344.1305458545685,213
421,4,8,0.048322305,473.98302841186523,9.643651723861694,344.953501701355,213
422,4,8,0.13695106,475.1031630039215,9.645749568939209,345.7763235569,213
423,4,8,0.08336309,476.22344875335693,9.64774465560913,346.6085596084595,213
424,4,8,0.015888128,477.3431079387665,9.67941665649414,347.42479252815247,213
425,4,8,0.16888356,478.4592957496643,9.693435668945312,348.25187253952026,213
426,4,8,0.18751863,479.5796298980713,9.698729515075684,349.0735356807709,213
427,4,8,0.04826322,480.6945004463196,9.710411548614502,349.89780139923096,213
428,4,8,0.016828066,481.8167014122009,9.712557554244995,350.71219396591187,213
429,4,8,0.0713013,482.9343373775482,9.714579582214355,351.53372406959534,213
430,4,8,0.04060496,484.0450131893158,9.7214834690094,352.3509032726288,213
431,4,8,0.030928781,485.17265701293945,9.743321657180786,353.1717212200165,213
432,4,8,0.055116195,486.2983000278473,9.764811515808105,353.9900212287903,213
433,4,8,0.14153822,487.4094567298889,9.775317430496216,354.81165623664856,213
434,4,8,0.09436596,488.53039050102234,9.7771635055542,355.629102230072,213
435,4,8,0.01457937,489.6518886089325,9.786229372024536,356.4537172317505,213
436,4,8,0.15385607,490.7591302394867,9.788329362869263,357.2764513492584,213
437,4,8,0.08921362,491.87027382850647,9.798662185668945,358.0929343700409,213
438,4,8,0.1783548,492.98693203926086,9.80089807510376,358.91178250312805,213
439,4,8,0.0731327,494.10270595550537,9.807463884353638,359.7229106426239,213
440,4,8,0.21810071,495.222617149353,9.816848754882812,360.54045963287354,213
441,4,8,0.07511127,496.34379601478577,9.824101686477661,361.362455368042,213
442,4,8,0.11425257,497.4559805393219,9.834589719772339,362.1826102733612,213
443,4,8,0.40278557,498.56903171539307,9.836479663848877,362.9984202384949,213
444,4,8,0.027155612,499.68071722984314,9.848951816558838,363.82202529907227,213
445,4,8,0.065296195,500.8017544746399,9.852590799331665,364.64834427833557,213
446,4,8,0.21068439,501.9122197628021,9.854505777359009,365.46633434295654,213
447,4,8,0.06594457,503.03328251838684,9.866127729415894,366.28897738456726,213
448,4,8,0.037671883,504.16814827919006,9.877050638198853,367.12547421455383,213
449,4,8,0.09629316,505.29265332221985,9.883965730667114,367.9474050998688,213
450,4,8,0.22145528,506.4217221736908,9.897891759872437,368.76934003829956,213
451,4,8,0.18230541,507.546817779541,9.901752710342407,369.5993549823761,213
452,4,8,0.05865195,508.66503953933716,9.923179864883423,370.42366075515747,213
453,4,8,0.1570376,509.7929286956787,9.925081729888916,371.2439568042755,213
454,4,8,0.026825879,510.9135899543762,9.931525707244873,372.0651888847351,213
455,4,8,0.1719721,512.0351538658142,9.933315515518188,372.88730692863464,213
456,4,8,0.10371221,513.1540393829346,9.935688734054565,373.70943689346313,213
457,4,8,0.09068113,514.2694358825684,9.938090801239014,374.52900981903076,213
458,4,8,0.0044407737,515.3906230926514,9.957616806030273,375.3479940891266,213
459,4,8,0.26446897,516.5122549533844,9.969667911529541,376.1738350391388,213
460,4,8,0.19099881,517.6370944976807,9.971865892410278,377.00034499168396,213
461,4,8,0.16485865,518.7404980659485,9.974790811538696,377.82275915145874,213
462,4,8,0.07486285,519.854816198349,9.998725891113281,378.6482961177826,213
463,4,8,0.0308025,520.9675495624542,10.003389835357666,379.4767231941223,213
464,4,8,0.14178628,522.0742695331573,10.020265817642212,380.28986835479736,213
465,4,8,0.15728703,523.2058663368225,10.034801721572876,381.11933040618896,213
466,4,8,0.104202524,524.3282761573792,10.05268383026123,381.9386131763458,213
467,4,8,0.22814731,525.4440152645111,10.067079782485962,382.75451827049255,213
468,4,8,0.09865713,526.552549123764,10.07631778717041,383.5741693973541,213
469,5,8,0.10509458,527.5822138786316,10.078742742538452,384.3901765346527,213
470,5,8,0.1303794,528.6966972351074,10.080700635910034,385.2154095172882,213
471,5,8,0.09367847,529.8100790977478,10.098365545272827,386.0311677455902,213
472,5,8,0.24349877,530.9269061088562,10.12237548828125,386.84972977638245,213
473,5,8,0.090562396,532.0520989894867,10.141660451889038,387.6673288345337,213
474,5,8,0.09179882,533.1622519493103,10.162257432937622,388.483589887619,213
475,5,8,0.067998156,534.2790002822876,10.183448314666748,389.2993609905243,213
476,5,8,0.05993386,535.3947281837463,10.211990356445312,390.11773014068604,213
477,5,8,0.07345053,536.5149147510529,10.214496374130249,390.9412569999695,213
478,5,8,0.13292617,537.6394073963165,10.222851276397705,391.7630648612976,213
479,5,8,0.2132017,538.7492480278015,10.238914489746094,392.58553099632263,213
480,5,8,0.25907654,539.8785288333893,10.276084423065186,393.4026460647583,213
481,5,8,0.121244565,540.9984381198883,10.27806544303894,394.2214090824127,213
482,5,8,0.017129708,542.1161844730377,10.29465126991272,395.0365660190582,213
483,5,8,0.11832231,543.2344923019409,10.316718339920044,395.8520767688751,213
484,5,8,0.21938784,544.3641595840454,10.345104455947876,396.67148995399475,213
485,5,8,0.0967838,545.4869983196259,10.351717472076416,397.49446868896484,213
486,5,8,0.091244474,546.6113805770874,10.35390567779541,398.32269287109375,213
487,5,8,0.025611412,547.7349617481232,10.38058066368103,399.136846780777,213
488,5,8,0.14982802,548.8598098754883,10.382777690887451,399.9599816799164,213
489,5,8,0.03612528,549.9759154319763,10.415496826171875,400.7781386375427,213
490,5,8,0.12408628,551.0980472564697,10.42113471031189,401.6029417514801,213
491,5,8,0.09207107,552.2245388031006,10.423240900039673,402.42990469932556,213
492,5,8,0.08884866,553.3444309234619,10.443794965744019,403.2525146007538,213
493,5,8,0.035501756,554.4573180675507,10.447465181350708,404.07974338531494,213
494,5,8,0.037285827,555.5687897205353,10.452059030532837,404.90235114097595,213
495,5,9,0.055768877,557.089599609375,10.862329959869385,405.7271451950073,213
496,5,9,0.2883146,558.2225480079651,10.886709928512573,406.5388271808624,213
497,5,9,0.008565434,559.3447518348694,10.903869867324829,407.3606812953949,213
498,5,9,0.062208343,560.4564578533173,10.907419919967651,408.1818675994873,213
499,5,9,0.024945956,561.5794861316681,10.933336734771729,409.0026137828827,213
500,5,9,0.14640822,562.6969578266144,10.942510604858398,409.81353187561035,213
501,5,9,0.09983287,563.8249819278717,10.970340728759766,410.6344769001007,213
502,5,9,0.03064907,564.9593908786774,10.972583770751953,411.45997881889343,213
503,5,9,0.05691087,566.0829346179962,10.998124837875366,412.28232288360596,213
504,5,9,0.04330696,567.2109110355377,11.004138708114624,413.1073069572449,213
505,5,9,0.023012532,568.3327732086182,11.00578260421753,413.9266698360443,213
506,5,9,0.08189709,569.4508543014526,11.025939464569092,414.74339604377747,213
507,5,9,0.034072295,570.5535681247711,11.031372547149658,415.56289625167847,213
508,5,9,0.07178938,571.6629757881165,11.038918495178223,416.38233494758606,213
509,5,9,0.061536018,572.7853512763977,11.064456462860107,417.20582008361816,213
510,5,9,0.108349256,573.8965780735016,11.08611536026001,418.0248980522156,213
511,5,9,0.036598757,575.0188837051392,11.107755184173584,418.843474149704,213
512,5,9,0.09122993,576.1443340778351,11.140174150466919,419.6584520339966,213
513,5,9,0.16038735,577.2809538841248,11.142258167266846,420.4854428768158,213
514,5,9,0.08089142,578.4124670028687,11.164797067642212,421.30714201927185,213
515,5,9,0.07196602,579.5350179672241,11.198340892791748,422.1272220611572,213
516,5,9,0.12773381,580.6786267757416,11.223407983779907,422.94453716278076,213
517,5,9,0.06929263,581.8154897689819,11.238662958145142,423.761244058609,213
518,5,9,0.13367975,582.929692029953,11.252120971679688,424.5824508666992,213
519,5,9,0.0834402,584.0546455383301,11.279658794403076,425.3989317417145,213
520,5,9,0.06179082,585.1696400642395,11.307166814804077,426.21017360687256,213
521,5,9,0.08261132,586.2987208366394,11.311349868774414,427.0373237133026,213
522,5,9,0.056249544,587.4207172393799,11.324636936187744,427.86079382896423,213
523,5,9,0.08353971,588.533353805542,11.353479862213135,428.6797456741333,213
524,5,9,0.2315511,589.6568214893341,11.386043787002563,429.50390577316284,213
525,5,9,0.03997137,590.7896001338959,11.430449724197388,430.3252365589142,213
526,5,9,0.08745807,591.9027278423309,11.432447671890259,431.14776158332825,213
527,5,9,0.13882242,593.02823138237,11.457592487335205,431.96796345710754,213
528,5,9,0.28592926,594.1476261615753,11.48360562324524,432.7882192134857,213
529,5,9,0.08739695,595.2667682170868,11.501127481460571,433.6067442893982,213
530,5,9,0.2203988,596.393274307251,11.545843601226807,434.42414116859436,213
531,5,9,0.10570004,597.5127727985382,11.554729461669922,435.24689197540283,213
532,5,9,0.16728637,598.6352939605713,11.571138620376587,436.06583619117737,213
533,5,9,0.1294135,599.7405416965485,11.581789493560791,436.8920180797577,213
534,5,9,0.12184497,600.8598792552948,11.589791536331177,437.7133038043976,213
535,5,9,0.042055972,601.9827795028687,11.594270467758179,438.53408193588257,213
536,5,9,0.09041159,603.1043982505798,11.59657335281372,439.35344982147217,213
537,5,9,0.09857896,604.2334399223328,11.59847640991211,440.18313789367676,213
538,5,9,0.14828512,605.3465576171875,11.614042520523071,440.99830865859985,213
539,5,9,0.12785314,606.4610290527344,11.62326955795288,441.8220977783203,213
540,5,9,0.11287576,607.5848805904388,11.641344785690308,442.6499116420746,213
541,5,9,0.025707152,608.7055568695068,11.65729284286499,443.47521352767944,213
542,5,9,0.11821346,609.8226022720337,11.664222002029419,444.297194480896,213
543,5,9,0.050131805,610.9471898078918,11.68631100654602,445.11617255210876,213
544,5,9,0.1711978,612.075083732605,11.711488962173462,445.9314715862274,213
545,5,9,0.06215219,613.1970660686493,11.739083051681519,446.7468013763428,213
546,5,9,0.045199018,614.3337242603302,11.753983974456787,447.56917333602905,213
547,5,9,0.0132108135,615.4660785198212,11.7952721118927,448.3857922554016,213
548,5,9,0.18410261,616.5902047157288,11.814617156982422,449.2043762207031,213
549,5,9,0.06145866,617.7184479236603,11.846370220184326,450.0249412059784,213
550,5,9,0.031994894,618.8273937702179,11.851505279541016,450.84871006011963,213
551,5,9,0.04233221,619.9411709308624,11.863224267959595,451.66816234588623,213
552,5,9,0.18450494,621.0765416622162,11.907302141189575,452.48293447494507,213
553,5,9,0.10233773,622.1954581737518,11.926027059555054,453.29714846611023,213
554,5,9,0.10738171,623.3161487579346,11.960955142974854,454.10770440101624,213
555,5,9,0.07571477,624.4389834403992,11.967005014419556,454.934100151062,213
556,5,9,0.039316613,625.5532326698303,11.973137855529785,455.7552561759949,213
557,5,9,0.0375187,626.6577553749084,11.989028692245483,456.5742509365082,213
558,5,9,0.0512425,627.764728307724,12.003178596496582,457.3845648765564,213
559,5,9,0.109564096,628.8837697505951,12.037813663482666,458.19497990608215,213
560,5,9,0.21363321,629.9984724521637,12.041157722473145,459.0164840221405,213
561,5,9,0.0576531,631.108090877533,12.052977800369263,459.8314459323883,213
562,5,9,0.074311666,632.2217917442322,12.073420763015747,460.6438751220703,213
563,5,9,0.06689441,633.3465476036072,12.088939666748047,461.46976709365845,213
564,5,9,0.030359928,634.476790189743,12.106877565383911,462.2878580093384,213
565,5,9,0.12173114,635.5943288803101,12.128304719924927,463.1067190170288,213
566,5,9,0.10053841,636.7078132629395,12.137681722640991,463.92630410194397,213
567,5,9,0.1878429,637.8296844959259,12.144497632980347,464.7442271709442,213
568,5,9,0.03612849,638.9500396251678,12.148675680160522,465.5687198638916,213
569,5,9,0.22068816,640.065366268158,12.16295576095581,466.39488673210144,213
570,5,9,0.017768737,641.1856417655945,12.194880962371826,467.2148017883301,213
571,5,9,0.045756042,642.3046565055847,12.218038082122803,468.03479075431824,213
572,5,9,0.3016126,643.4313628673553,12.252065181732178,468.8566496372223,213
573,5,9,0.06766676,644.5412104129791,12.25998830795288,469.67104744911194,213
574,5,9,0.1249427,645.6627414226532,12.285550355911255,470.48814058303833,213
575,5,9,0.15060687,646.7797417640686,12.305128335952759,471.3063545227051,213
576,5,10,0.061402585,648.2908277511597,12.674258470535278,472.1393713951111,213
577,5,10,0.13195664,649.4107351303101,12.681292533874512,472.9609942436218,213
578,5,10,0.018921094,650.5222837924957,12.698431491851807,473.77761149406433,213
579,5,10,0.053687006,651.6445009708405,12.714192390441895,474.59721159935,213
580,5,10,0.06300683,652.7692136764526,12.73197340965271,475.4177894592285,213
581,5,10,0.03624602,653.882563829422,12.74075722694397,476.247763633728,213
582,5,10,0.060216926,654.9973819255829,12.747693300247192,477.0735487937927,213
583,5,10,0.015006328,656.1123299598694,12.75523042678833,477.89031195640564,213
584,5,10,0.056501318,657.2224440574646,12.779058456420898,478.71055698394775,213
585,5,10,0.018508656,658.3455247879028,12.795962572097778,479.52811884880066,213
586,6,10,0.043353483,659.3726470470428,12.79829454421997,480.3394739627838,213
587,6,10,0.14607042,660.4934592247009,12.800320625305176,481.16368794441223,213
588,6,10,0.12000727,661.6129419803619,12.802489757537842,481.9812071323395,213
589,6,10,0.010973094,662.7318077087402,12.815496683120728,482.7936701774597,213
590,6,10,0.17795014,663.8567368984222,12.836109638214111,483.6265802383423,213
591,6,10,0.06549691,664.9699602127075,12.838136672973633,484.45051622390747,213
592,6,10,0.11525704,666.0854120254517,12.840221643447876,485.27637338638306,213
593,6,10,0.03395657,667.1950461864471,12.849242687225342,486.09245443344116,213
594,6,10,0.083573624,668.3065121173859,12.850937604904175,486.91687750816345,213
595,6,10,0.006949785,669.4179639816284,12.854525566101074,487.7416696548462,213
596,6,10,0.19100127,670.530308008194,12.871152400970459,488.56534147262573,213
597,6,10,0.06460766,671.6639626026154,12.886512279510498,489.38878750801086,213
598,6,10,0.1516389,672.7917675971985,12.915111303329468,490.20947456359863,213
599,6,10,0.040309794,673.904186964035,12.917843341827393,491.0347275733948,213
600,6,10,0.23114774,675.0249903202057,12.91955828666687,491.8663115501404,213
601,6,10,0.03281957,676.1369986534119,12.922012329101562,492.6958656311035,213
602,6,10,0.0067708334,677.2504813671112,12.930105447769165,493.51068663597107,213
603,6,10,0.15954262,678.3642308712006,12.948689460754395,494.3346576690674,213
604,6,10,0.042041473,679.475519657135,12.950663328170776,495.15459275245667,213
605,6,10,0.009547908,680.5942006111145,12.964706420898438,495.9818449020386,213
606,6,10,0.103676766,681.7063879966736,12.97246241569519,496.8049147129059,213
607,6,10,0.23559272,682.8161425590515,12.976157188415527,497.6303496360779,213
608,6,10,0.05939707,683.9352853298187,12.990401029586792,498.4481065273285,213
609,6,10,0.07865362,685.048285484314,12.992556095123291,499.26573061943054,213
610,6,10,0.24453369,686.1673183441162,13.00253415107727,500.0873475074768,213
611,6,10,0.054254457,687.2974772453308,13.024027109146118,500.90357279777527,213
612,6,10,0.0602782,688.424831867218,13.045836925506592,501.7260596752167,213
613,6,10,0.03737604,689.5457510948181,13.069431781768799,502.54639077186584,213
614,6,10,0.025995381,690.6768724918365,13.089074611663818,503.36653447151184,213
615,6,10,0.11990616,691.7866418361664,13.091097593307495,504.1830966472626,213
616,6,10,0.018270954,692.8884494304657,13.10295057296753,504.9990677833557,213
617,6,10,0.25039044,694.0036175251007,13.12548565864563,505.81947469711304,213
618,6,10,0.025621904,695.124249458313,13.142197608947754,506.6423559188843,213
619,6,10,0.013760607,696.2363517284393,13.151209592819214,507.46290397644043,213
620,6,10,0.03514421,697.3617522716522,13.15336275100708,508.2924499511719,213
621,6,10,0.055364847,698.4704761505127,13.155257940292358,509.11751985549927,213
622,6,10,0.038307287,699.5915834903717,13.170801877975464,509.9462070465088,213
623,6,10,0.11209367,700.7212519645691,13.179999828338623,510.7758300304413,213
624,6,10,0.18069185,701.8420112133026,13.182422876358032,511.6003968715668,213
625,6,10,0.0437666,702.9675424098969,13.184529781341553,512.4194729328156,213
626,6,10,0.078584,704.0939271450043,13.197954893112183,513.2361969947815,213
627,6,10,0.1136283,705.211005449295,13.20946478843689,514.058091878891,213
628,6,10,0.11360598,706.3487086296082,13.246303796768188,514.8798067569733,213
629,6,10,0.02171733,707.4679620265961,13.25718379020691,515.6949298381805,213
630,6,10,0.044786505,708.5777802467346,13.25926399230957,516.5165605545044,213
631,6,10,0.08651753,709.7105715274811,13.296201944351196,517.3338046073914,213
632,6,10,0.12134172,710.8244845867157,13.298349857330322,518.1564016342163,213
633,6,10,0.0597314,711.9566683769226,13.300257682800293,518.9812927246094,213
634,6,10,0.109883755,713.0792827606201,13.324950695037842,519.8027365207672,213
635,6,10,0.21842742,714.2005977630615,13.327142715454102,520.6272366046906,213
636,6,10,0.03109897,715.320987701416,13.336793661117554,521.4560296535492,213
637,6,10,0.070416525,716.436662197113,13.351523637771606,522.2817344665527,213
638,6,10,0.060405083,717.5493154525757,13.353375673294067,523.0980358123779,213
639,6,10,0.1346876,718.6832449436188,13.377264738082886,523.9092168807983,213
640,6,10,0.10299094,719.8007864952087,13.398179769515991,524.7241606712341,213
641,6,10,0.14779955,720.9226608276367,13.414723634719849,525.5479135513306,213
642,6,10,0.10633673,722.0409781932831,13.459446668624878,526.3646688461304,213
643,6,10,0.18848169,723.1678569316864,13.475907564163208,527.1797077655792,213
644,6,10,0.07130795,724.2853271961212,13.477896690368652,528.0020189285278,213
645,6,10,0.13883631,725.4037222862244,13.493408679962158,528.8211469650269,213
646,6,10,0.054449975,726.5095236301422,13.500034809112549,529.6423840522766,213
647,6,10,0.031151602,727.6252613067627,13.516182899475098,530.4576990604401,213
648,6,10,0.15343887,728.759191274643,13.557100772857666,531.2692739963531,213
649,6,10,0.15788282,729.8713479042053,13.57746171951294,532.0925569534302,213
650,6,10,0.0669406,730.9876101016998,13.601932764053345,532.9098169803619,213
651,6,10,0.09138328,732.1087987422943,13.61549162864685,533.7339301109314,213
652,6,10,0.10663536,733.2355558872223,13.617427587509155,534.5576610565186,213
653,6,10,0.061302003,734.4234528541565,13.705968618392944,535.3694880008698,213
654,6,10,0.07042213,735.5402879714966,13.735406637191772,536.1846461296082,213
655,6,10,0.10130444,736.6557202339172,13.739921808242798,536.9984500408173,213
656,6,10,0.027785372,737.8219547271729,13.784746885299683,537.8224151134491,213
657,6,10,0.044680063,738.943544626236,13.78686785697937,538.6352841854095,213
658,6,10,0.10699907,740.0535461902618,13.789001703262329,539.4589464664459,213
659,6,10,0.10296252,741.1629219055176,13.811932802200317,540.2790822982788,213
660,6,10,0.02658735,742.2762422561646,13.813759803771973,541.104813337326,213
661,6,10,0.08647403,743.393143415451,13.815778970718384,541.9332454204559,213
662,6,10,0.018427894,744.5116288661957,13.82371997833252,542.7548434734344,213
663,6,11,0.014369752,745.9949505329132,14.194437265396118,543.5709483623505,213
664,6,11,0.06287176,747.1289422512054,14.196470260620117,544.3965013027191,213
665,6,11,0.09847552,748.2521371841431,14.232300281524658,545.2204532623291,213
666,6,11,0.0010615047,749.3580236434937,14.2385892868042,546.032484292984,213
667,6,11,0.03161112,750.4849052429199,14.267470359802246,546.8583030700684,213
668,6,11,0.041770607,751.601368188858,14.274038314819336,547.6791172027588,213
669,6,11,0.007566191,752.724648475647,14.306645393371582,548.4990961551666,213
670,6,11,0.11420515,753.8278770446777,14.308699369430542,549.3237111568451,213
671,6,11,0.0011934887,754.945050239563,14.310731172561646,550.1475253105164,213
672,6,11,0.07153332,756.0685651302338,14.31501817703247,550.9735081195831,213
673,6,11,0.049254384,757.1825881004333,14.327154159545898,551.7896482944489,213
674,6,11,0.06034873,758.2992765903473,14.332301139831543,552.6124801635742,213
675,6,11,0.11753438,759.4142696857452,14.33445405960083,553.4323461055756,213
676,6,11,0.017597597,760.5393326282501,14.35601806640625,554.2637259960175,213
677,6,11,0.043394905,761.6516506671906,14.360642910003662,555.085352897644,213
678,6,11,0.17057359,762.7678709030151,14.369955062866211,555.9038698673248,213
679,6,11,0.18897614,763.8930521011353,14.389492988586426,556.7227556705475,213
680,6,11,0.0363854,765.0014796257019,14.404805898666382,557.5438146591187,213
681,6,11,0.18005028,766.1275618076324,14.43561577796936,558.358170747757,213
682,6,11,0.14454153,767.2618758678436,14.437546730041504,559.1840267181396,213
683,6,11,0.06594919,768.3780324459076,14.45014762878418,560.00111079216,213
684,6,11,0.08902856,769.4878323078156,14.470258474349976,560.8195197582245,213
685,6,11,0.13449337,770.5991969108582,14.472021341323853,561.6373207569122,213
686,6,11,0.012688084,771.7181704044342,14.474247455596924,562.4617047309875,213
687,6,11,0.037939157,772.8435981273651,14.504794359207153,563.2719554901123,213
688,6,11,0.06750024,773.9657626152039,14.513644456863403,564.087509393692,213
689,6,11,0.025765585,775.0801794528961,14.518722534179688,564.9200422763824,213
690,6,11,0.023761215,776.1983218193054,14.520870685577393,565.746749162674,213
691,6,11,0.08168912,777.3219721317291,14.534689664840698,566.5705943107605,213
692,6,11,0.074509144,778.4519124031067,14.571418523788452,567.3921225070953,213
693,6,11,0.046205014,779.567281961441,14.576394319534302,568.2161483764648,213
694,6,11,0.022515718,780.7030534744263,14.578468322753906,569.032746553421,213
695,6,11,0.02943042,781.8199257850647,14.595635175704956,569.8554866313934,213
696,6,11,0.024887513,782.9427556991577,14.603447198867798,570.6844415664673,213
697,6,11,0.11267375,784.0662748813629,14.634111166000366,571.5018193721771,213
698,6,11,0.10525961,785.184885263443,14.644965171813965,572.324182510376,213
699,6,11,0.01677021,786.296136379242,14.654308319091797,573.1407084465027,213
700,6,11,0.11137552,787.4123940467834,14.668339252471924,573.9596123695374,213
701,6,11,0.08695618,788.5313131809235,14.683380126953125,574.7820854187012,213
702,6,11,0.027711742,789.6508629322052,14.694578170776367,575.6014184951782,213
703,7,11,0.030300898,790.6898467540741,14.696981191635132,576.4235496520996,213
704,7,11,0.026827488,791.8071506023407,14.719206094741821,577.2435736656189,213
705,7,11,0.038817372,792.9218339920044,14.721424102783203,578.0612585544586,213
706,7,11,0.15510339,794.0487768650055,14.744535207748413,578.8836755752563,213
707,7,11,0.007236037,795.178188085556,14.746407270431519,579.71528673172,213
708,7,11,0.08177331,796.2942163944244,14.758862257003784,580.5385129451752,213
709,7,11,0.022857135,797.4072921276093,14.761113166809082,581.3606491088867,213
710,7,11,0.036930192,798.5189971923828,14.781269073486328,582.1819772720337,213
711,7,11,0.035107337,799.6342759132385,14.79549503326416,582.9969072341919,213
712,7,11,0.078647636,800.7668659687042,14.816269874572754,583.8199520111084,213
713,7,11,0.09246898,801.8859395980835,14.817951917648315,584.6389191150665,213
714,7,11,0.0044724713,803.0033524036407,14.842808961868286,585.4546120166779,213
715,7,11,0.016952157,804.1215767860413,14.84466290473938,586.2724239826202,213
716,7,11,0.005574914,805.2425937652588,14.856002807617188,587.0958287715912,213
717,7,11,0.016273297,806.3551614284515,14.859160661697388,587.9252815246582,213
718,7,11,0.031685077,807.4778923988342,14.87024974822998,588.7396855354309,213
719,7,11,0.0026095659,808.6028082370758,14.88602590560913,589.5655176639557,213
720,7,11,0.08600542,809.7396330833435,14.888012886047363,590.3892896175385,213
721,7,11,0.05710853,810.85298204422,14.91073203086853,591.2080807685852,213
722,7,11,0.17402217,811.9760715961456,14.91267204284668,592.030800819397,213
723,7,11,0.19944227,813.0995280742645,14.937469005584717,592.8437087535858,213
724,7,11,0.029987998,814.2159984111786,14.961918115615845,593.6673588752747,213
725,7,11,0.031520933,815.3322234153748,14.973775148391724,594.4819548130035,213
726,7,11,0.1342256,816.4628489017487,14.975856065750122,595.3106327056885,213
727,7,11,0.07738857,817.5752844810486,14.979636907577515,596.1284599304199,213
728,7,11,0.053871807,818.6912934780121,14.981769800186157,596.956396818161,213
729,7,11,0.055156887,819.8231973648071,15.01865291595459,597.7749569416046,213
730,7,11,0.045215584,820.9536509513855,15.044933080673218,598.5880100727081,213
731,7,11,0.041538544,822.0675871372223,15.06524920463562,599.4070851802826,213
732,7,11,0.061172582,823.1903388500214,15.091495275497437,600.2320821285248,213
733,7,11,0.14253867,824.3078052997589,15.137420415878296,601.0519213676453,213
734,7,11,0.09432179,825.4291877746582,15.147246360778809,601.8754210472107,213
735,7,11,0.17692593,826.5410962104797,15.15869927406311,602.6964020729065,213
736,7,11,0.036849298,827.6604475975037,15.177337408065796,603.5086290836334,213
737,7,11,0.006528405,828.7762460708618,15.186321258544922,604.3290040493011,213
738,7,11,0.055297624,829.876612663269,15.1881263256073,605.1495101451874,213
739,7,11,0.043861344,830.9791600704193,15.199477195739746,605.9677639007568,213
740,7,11,0.059124872,832.0951728820801,15.20408010482788,606.7868278026581,213
741,7,11,0.0438864,833.2108449935913,15.20610499382019,607.6034958362579,213
742,7,11,0.035743684,834.3354227542877,15.208136796951294,608.4209718704224,213
743,7,11,0.06021536,835.4469363689423,15.221149921417236,609.2373867034912,213
744,7,11,0.016099334,836.5554389953613,15.232959985733032,610.0571067333221,213
745,7,11,0.11976785,837.6736104488373,15.235315084457397,610.8743267059326,213
746,7,11,0.0034863465,838.789591550827,15.264157056808472,611.6877155303955,213
747,7,11,0.078654274,839.912659406662,15.28162693977356,612.5121335983276,213
748,7,11,0.040167622,841.0257730484009,15.30063796043396,613.3301656246185,213
749,7,11,0.06873006,842.1340551376343,15.302242040634155,614.150066614151,213
750,7,11,0.09521676,843.2508413791656,15.32146692276001,614.9720704555511,213
751,7,11,0.011828811,844.3753681182861,15.344818830490112,615.793051481247,213
752,7,11,0.022945039,845.5102145671844,15.381629943847656,616.6084904670715,213
753,7,11,0.0114735225,846.6254975795746,15.398172855377197,617.4311451911926,213
754,7,11,0.021610953,847.7416987419128,15.400499820709229,618.2514991760254,213
755,7,11,0.28556424,848.8539826869965,15.419665813446045,619.0685453414917,213
756,7,11,0.003902903,849.9669530391693,15.429381847381592,619.8871574401855,213
757,7,11,0.007825613,851.0725145339966,15.43955397605896,620.6979575157166,213
758,7,11,0.050645977,852.1806507110596,15.450561046600342,621.5234904289246,213
759,7,11,0.079079494,853.2900147438049,15.467668056488037,622.3419365882874,213
760,7,12,0.21954691,854.8196127414703,15.898669958114624,623.1576046943665,213
761,7,12,0.0037733612,855.9416561126709,15.926909923553467,623.9796676635742,213
762,7,12,0.06780256,857.0549721717834,15.93299388885498,624.7976546287537,213
763,7,12,0.029035013,858.1739048957825,15.943408966064453,625.6160688400269,213
764,7,12,0.04075608,859.2936718463898,15.981523990631104,626.4325540065765,213
765,7,12,0.025817052,860.4112477302551,15.987049102783203,627.2577381134033,213
766,7,12,0.004998935,861.5379881858826,15.988939046859741,628.0824680328369,213
767,7,12,0.004195396,862.6434624195099,16.004293203353882,628.9037389755249,213
768,7,12,0.15350662,863.7634925842285,16.01618218421936,629.7215168476105,213
769,7,12,0.017339537,864.8799364566803,16.026164054870605,630.5411236286163,213
770,7,12,0.13760066,865.9916472434998,16.03320598602295,631.3656907081604,213
771,7,12,0.0556074,867.1029365062714,16.035192012786865,632.1884617805481,213
772,7,12,0.038466923,868.228627204895,16.04259705543518,633.0160467624664,213
773,7,12,0.2243803,869.3486235141754,16.047513961791992,633.8396887779236,213
774,7,12,0.081596695,870.4636614322662,16.049747943878174,634.6639697551727,213
775,7,12,0.14402285,871.589761018753,16.081207036972046,635.4822416305542,213
776,7,12,0.1079839,872.7003302574158,16.08416509628296,636.3057963848114,213
777,7,12,0.09900694,873.8303940296173,16.094446897506714,637.1280055046082,213
778,7,12,0.059803225,874.9463922977448,16.108760833740234,637.9492495059967,213
779,7,12,0.1603904,876.0625674724579,16.110935926437378,638.7717456817627,213
780,7,12,0.025089027,877.1808619499207,16.1336989402771,639.5870926380157,213
781,7,12,0.07296164,878.2985038757324,16.15144991874695,640.4108834266663,213
782,7,12,0.01714662,879.4217982292175,16.17919397354126,641.2329304218292,213
783,7,12,0.09318981,880.5418725013733,16.20163083076477,642.046085357666,213
784,7,12,0.0020743555,881.6501524448395,16.21136999130249,642.8672821521759,213
785,7,12,0.19524314,882.7763459682465,16.230820178985596,643.6925480365753,213
786,7,12,0.15691403,883.8991394042969,16.233436107635498,644.518098115921,213
787,7,12,0.08781037,885.0169291496277,16.256234169006348,645.3340058326721,213
788,7,12,0.077664986,886.1382508277893,16.267415046691895,646.1526689529419,213
789,7,12,0.18695055,887.2604629993439,16.26939105987549,646.9645960330963,213
790,7,12,0.03359619,888.3756141662598,16.27136516571045,647.7885022163391,213
791,7,12,0.013779607,889.4974632263184,16.293819189071655,648.6092321872711,213
792,7,12,0.059817858,890.6086843013763,16.296739101409912,649.4277129173279,213
793,7,12,0.05932806,891.722086429596,16.298620223999023,650.2528598308563,213
794,7,12,0.05652622,892.8491160869598,16.315017223358154,651.0703127384186,213
795,7,12,0.17435277,893.9632019996643,16.321341276168823,651.8955116271973,213
796,7,12,0.17375635,895.084157705307,16.345677375793457,652.7155606746674,213
797,7,12,0.0028042702,896.1960716247559,16.348036527633667,653.5384664535522,213
798,7,12,0.049970813,897.3024346828461,16.35364556312561,654.3586795330048,213
799,7,12,0.15565208,898.4152572154999,16.361267566680908,655.1753706932068,213
800,7,12,0.08441675,899.5411281585693,16.378483533859253,656.0009477138519,213
801,7,12,0.18604137,900.6592636108398,16.415506601333618,656.8154027462006,213
802,7,12,0.02028734,901.7793760299683,16.443309783935547,657.6317477226257,213
803,7,12,0.11835848,902.8936820030212,16.466282844543457,658.4462478160858,213
804,7,12,0.2639168,904.0106785297394,16.47734570503235,659.2725434303284,213
805,7,12,0.043988533,905.1324527263641,16.47933864593506,660.099089384079,213
806,7,12,0.0073264823,906.241297006607,16.481197595596313,660.9221346378326,213
807,7,12,0.39513487,907.3627548217773,16.49128246307373,661.7407605648041,213
808,7,12,0.122595996,908.4880034923553,16.514294385910034,662.5635545253754,213
809,7,12,0.04352182,909.615496635437,16.54667639732361,663.3813064098358,213
810,7,12,0.019173108,910.736209154129,16.556652307510376,664.1995522975922,213
811,7,12,0.09462107,911.863391160965,16.58296823501587,665.0149343013763,213
812,7,12,0.032638412,912.9761145114899,16.591225147247314,665.828771352768,213
813,7,12,0.056214828,914.0848932266235,16.596002101898193,666.6456146240234,213
814,7,12,0.027434673,915.1933207511902,16.598034143447876,667.4658575057983,213
815,7,12,0.06971741,916.3073289394379,16.617699146270752,668.2848603725433,213
816,7,12,0.13392104,917.4140565395355,16.621581315994263,669.1074223518372,213
817,7,12,0.08791154,918.5292930603027,16.644895315170288,669.9271664619446,213
818,7,12,0.100567564,919.6488971710205,16.666614294052124,670.7491784095764,213
819,7,12,0.11468475,920.7795679569244,16.668558359146118,671.5759043693542,213
820,7,12,0.1964664,921.8968539237976,16.67155647277832,672.4052393436432,213
821,8,12,0.020072222,922.9279556274414,16.6740083694458,673.2282521724701,213
822,8,12,0.021360967,924.0429356098175,16.68876624107361,674.0555293560028,213
823,8,12,0.0033868887,925.1562287807465,16.70038628578186,674.8718094825745,213
824,8,12,0.09955908,926.2783808708191,16.72082018852234,675.6949133872986,213
825,8,12,0.032074913,927.3915793895721,16.729135274887085,676.5199563503265,213
826,8,12,0.038872972,928.5049529075623,16.73270320892334,677.3377401828766,213
827,8,12,0.14159608,929.6260223388672,16.74680519104004,678.1598372459412,213
828,8,12,0.07156982,930.7475638389587,16.761497259140015,678.9790632724762,213
829,8,12,0.032002542,931.852340221405,16.76790428161621,679.8004641532898,213
830,8,12,0.040679023,932.9817180633545,16.769938230514526,680.6238830089569,213
831,8,12,0.007245409,934.1016526222229,16.788931131362915,681.4393827915192,213
832,8,12,0.0037992683,935.2211754322052,16.812299013137817,682.261040687561,213
833,8,12,0.042329773,936.3399438858032,16.822778940200806,683.0792875289917,213
834,8,12,0.111056216,937.4802017211914,16.859426736831665,683.8991255760193,213
835,8,12,0.014971355,938.5948383808136,16.871729850769043,684.7242257595062,213
836,8,12,0.028766423,939.7030668258667,16.88385581970215,685.5374567508698,213
837,8,12,0.009028166,940.8153069019318,16.903756856918335,686.3597278594971,213
838,8,12,0.10783916,941.934591293335,16.921468019485474,687.1786959171295,213
839,8,12,0.12880366,943.036782503128,16.93587303161621,687.9962158203125,213
840,8,12,0.06985712,944.1500737667084,16.961037158966064,688.8166949748993,213
841,8,12,0.03883171,945.2765998840332,16.96318507194519,689.6471636295319,213
842,8,12,0.027662214,946.3938112258911,16.96499800682068,690.4645185470581,213
843,8,12,0.16459866,947.5349526405334,16.966898918151855,691.29048371315,213
844,8,12,0.102282986,948.6401324272156,16.970880031585693,692.1085488796234,213
845,8,12,0.20501968,949.7492134571075,16.978814125061035,692.9317109584808,213
846,8,12,0.14321867,950.858640909195,16.9935302734375,693.7526490688324,213
847,8,12,0.0154617485,951.9731910228729,16.996362447738647,694.5749650001526,213
848,8,12,0.07266735,953.094521522522,17.004087448120117,695.4018239974976,213
849,8,12,0.037262257,954.21342420578,17.005946397781372,696.2184488773346,213
850,8,12,0.0072515286,955.3275454044342,17.010773420333862,697.0486929416656,213
851,8,12,0.029954312,956.4405014514923,17.012916564941406,697.876946926117,213
852,8,12,0.022207012,957.5656695365906,17.015148639678955,698.697637796402,213
853,8,12,0.091215804,958.6917431354523,17.01747965812683,699.5144927501678,213
854,8,13,0.05276456,960.2046039104462,17.403499841690063,700.3289248943329,213
855,8,13,0.053756587,961.316211938858,17.413304805755615,701.1413328647614,213
856,8,13,0.035847075,962.4277100563049,17.417980670928955,701.9629440307617,213
857,8,13,0.01501897,963.55482172966,17.42460060119629,702.7879831790924,213
858,8,13,0.038899504,964.6672117710114,17.444008588790894,703.6201128959656,213
859,8,13,0.092625745,965.7912139892578,17.464767694473267,704.4430711269379,213
860,8,13,0.01602181,966.9094264507294,17.475435733795166,705.2667653560638,213
861,8,13,0.08661359,968.0198876857758,17.486713647842407,706.0904953479767,213
862,8,13,0.017328722,969.1298396587372,17.488648653030396,706.9085142612457,213
863,8,13,0.037198085,970.2455043792725,17.49051856994629,707.7305903434753,213
864,8,13,0.0027952804,971.3721239566803,17.507729530334473,708.5590672492981,213
865,8,13,0.04177159,972.4889254570007,17.517635583877563,709.380975484848,213
866,8,13,0.25214916,973.6044166088104,17.53385853767395,710.2001576423645,213
867,8,13,0.22169247,974.739089012146,17.539663553237915,711.0303747653961,213
868,8,13,0.0036570884,975.8625943660736,17.554569482803345,711.8480696678162,213
869,8,13,0.041934285,976.9755184650421,17.57141661643982,712.6666507720947,213
870,8,13,0.012005391,978.0946042537689,17.586296558380127,713.4858255386353,213
871,8,13,0.012315547,979.2108471393585,17.58832859992981,714.3112785816193,213
872,8,13,0.117101915,980.3373332023621,17.612316608428955,715.1309914588928,213
873,8,13,0.0136155095,981.4602427482605,17.61642050743103,715.9492726325989,213
874,8,13,0.010104591,982.5816223621368,17.618785619735718,716.7757086753845,213
875,8,13,0.01809251,983.7015824317932,17.635804653167725,717.596542596817,213
876,8,13,0.03974296,984.8179297447205,17.642661809921265,718.4141335487366,213
877,8,13,0.014164139,985.9339926242828,17.64527177810669,719.2361874580383,213
878,8,13,0.13846265,987.0589487552643,17.67358684539795,720.0528962612152,213
879,8,13,0.0696508,988.1800122261047,17.698530912399292,720.8684532642365,213
880,8,13,0.11429228,989.2912967205048,17.72198510169983,721.6898102760315,213
881,8,13,0.07465438,990.4114532470703,17.724513292312622,722.5128395557404,213
882,8,13,0.27323258,991.5302910804749,17.748738288879395,723.3346834182739,213
883,8,13,0.10867932,992.6407086849213,17.752389192581177,724.1553335189819,213
884,8,13,0.021744315,993.748161315918,17.764812231063843,724.9728527069092,213
885,8,13,0.046138294,994.862829208374,17.77743911743164,725.7974526882172,213
886,8,13,0.014297858,995.9849319458008,17.795691967010498,726.6223146915436,213
887,8,13,0.15049127,997.1126773357391,17.837183952331543,727.4420714378357,213
888,8,13,0.25412866,998.2365398406982,17.858152866363525,728.2587053775787,213
889,8,13,0.13609685,999.3512952327728,17.87969970703125,729.0839314460754,213
890,8,13,0.011456238,1000.4802143573761,17.91400384902954,729.9044985771179,213
891,8,13,0.06770326,1001.6073586940765,17.92629098892212,730.729029417038,213
892,8,13,0.037080016,1002.7286465167999,17.94940495491028,731.549078464508,213
893,8,13,0.09502603,1003.8463008403778,17.951396942138672,732.3653676509857,213
894,8,13,0.03802405,1004.9696865081787,17.953213930130005,733.1912617683411,213
895,8,13,0.13758938,1006.0857462882996,17.955304861068726,734.010354757309,213
896,8,13,0.13589041,1007.2038140296936,17.957149028778076,734.8429708480835,213
897,8,13,0.025814246,1008.3151862621307,17.96512198448181,735.666424036026,213
898,8,13,0.030358799,1009.4300575256348,17.9684579372406,736.4913840293884,213
899,8,13,0.0052901376,1010.5515379905701,17.98942995071411,737.3125460147858,213
900,8,13,0.0041488004,1011.6835763454437,18.023602962493896,738.1313848495483,213
901,8,13,0.0199537,1012.8010141849518,18.028698921203613,738.9505708217621,213
902,8,13,0.046699837,1013.9160969257355,18.03848099708557,739.7730085849762,213
903,8,13,0.082698375,1015.0390522480011,18.055068969726562,740.5985414981842,213
904,8,13,0.06243757,1016.156361579895,18.059406995773315,741.4289262294769,213
905,8,13,0.0017747862,1017.2731509208679,18.064109086990356,742.2491314411163,213
906,8,13,0.07852955,1018.3920068740845,18.06638193130493,743.0724766254425,213
907,8,13,0.07830089,1019.5145816802979,18.068145036697388,743.8991234302521,213
908,8,13,0.0873595,1020.6441833972931,18.082170963287354,744.7209994792938,213
909,8,13,0.011037357,1021.7529170513153,18.089416027069092,745.5452334880829,213
910,8,13,0.5664767,1022.8726577758789,18.091376066207886,746.3658394813538,213
911,8,13,0.20264764,1023.9867367744446,18.102593898773193,747.1845517158508,213
912,8,13,0.025532775,1025.098162651062,18.104753971099854,748.0106246471405,213
913,8,13,0.07166239,1026.2038745880127,18.12019419670105,748.8300089836121,213
914,8,13,0.057510246,1027.3229594230652,18.122313022613525,749.6527471542358,213
915,8,13,0.058502465,1028.4641270637512,18.15670108795166,750.4742150306702,213
916,8,13,0.077684104,1029.5970783233643,18.178924083709717,751.2961032390594,213
917,8,13,0.062491763,1030.748422384262,18.225690126419067,752.1156461238861,213
918,8,13,0.08966889,1031.8861906528473,18.24985432624817,752.940258026123,213
919,8,13,0.093130186,1033.01194357872,18.264577388763428,753.7661471366882,213
920,8,13,0.05125226,1034.1337649822235,18.28213119506836,754.5830340385437,213
921,8,13,0.028732695,1035.2520413398743,18.29120922088623,755.4060909748077,213
922,8,13,0.08782703,1036.3730823993683,18.29327917098999,756.2314310073853,213
923,8,13,0.014402801,1037.4999120235443,18.333051204681396,757.0467948913574,213
924,8,13,0.061677694,1038.6213660240173,18.334948301315308,757.860753774643,213
925,8,13,0.043060772,1039.734168291092,18.336834192276,758.6790187358856,213
926,8,13,0.012374184,1040.8494379520416,18.343587160110474,759.5017726421356,213
927,8,13,0.078748815,1041.9617488384247,18.350959062576294,760.3159897327423,213
928,8,13,0.062200528,1043.0861158370972,18.369046211242676,761.1394877433777,213
929,8,13,0.031425044,1044.1974234580994,18.389536142349243,761.9578907489777,213
930,8,13,0.06277403,1045.326341867447,18.402363061904907,762.7857866287231,213
931,8,13,0.069479525,1046.4401473999023,18.404099941253662,763.5987627506256,213
932,8,13,0.0155335525,1047.5570757389069,18.416956901550293,764.4218757152557,213
933,8,13,0.04222362,1048.6657609939575,18.419070720672607,765.2381546497345,213
934,8,13,0.044435587,1049.7786905765533,18.429370641708374,766.0580058097839,213
935,8,13,0.116657704,1050.9122214317322,18.454107761383057,766.8892557621002,213
936,8,13,0.13116157,1052.0366723537445,18.466855764389038,767.7115576267242,213
937,8,13,0.021955837,1053.1598589420319,18.4869327545166,768.5305116176605,213
938,9,13,0.0037639602,1054.1898534297943,18.489165782928467,769.3550815582275,213
939,9,13,0.06536552,1055.321144104004,18.506942987442017,770.1777017116547,213
940,9,13,0.03123989,1056.4349255561829,18.509130001068115,771.0041518211365,213
941,9,13,0.002026089,1057.5592198371887,18.535027980804443,771.8318617343903,213
942,9,13,0.0327591,1058.673175573349,18.538418769836426,772.6557655334473,213
943,9,13,0.03299395,1059.7981069087982,18.55136489868164,773.4824616909027,213
944,9,13,0.024746442,1060.9152698516846,18.555612087249756,774.2989387512207,213
945,9,13,0.05682198,1062.0300433635712,18.55792498588562,775.1206746101379,213
946,9,13,0.056429535,1063.1367812156677,18.566617965698242,775.9396748542786,213
947,9,13,0.0042787283,1064.258883714676,18.570387840270996,776.7698957920074,213
948,9,13,0.055330355,1065.3763782978058,18.58025288581848,777.5924928188324,213
949,9,13,0.05115205,1066.4945101737976,18.582265853881836,778.4201459884644,213
950,9,14,0.009279803,1068.0062103271484,18.987300872802734,779.2404179573059,213
951,9,14,0.007380926,1069.1179866790771,18.989274740219116,780.062922000885,213
952,9,14,0.007848414,1070.2182040214539,18.99969983100891,780.8792338371277,213
953,9,14,0.057763837,1071.331239938736,19.007515907287598,781.6991808414459,213
954,9,14,0.001820681,1072.4501080513,19.01580286026001,782.5254397392273,213
955,9,14,0.05445598,1073.5502021312714,19.019656896591187,783.3381109237671,213
956,9,14,0.2034346,1074.6735444068909,19.034598112106323,784.1560859680176,213
957,9,14,0.0038613484,1075.7968668937683,19.061886072158813,784.9767327308655,213
958,9,14,0.07460764,1076.9178755283356,19.072036266326904,785.7947518825531,213
959,9,14,0.09907916,1078.028356552124,19.07405138015747,786.6184568405151,213
960,9,14,0.017057698,1079.1546430587769,19.112451553344727,787.4402389526367,213
961,9,14,0.0033146017,1080.2810299396515,19.138195514678955,788.2564790248871,213
962,9,14,0.031701885,1081.4101560115814,19.179189443588257,789.0775153636932,213
963,9,14,0.07293935,1082.5136742591858,19.181119441986084,789.8984022140503,213
964,9,14,0.09107266,1083.6386225223541,19.20745038986206,790.7113292217255,213
965,9,14,0.08777056,1084.7600166797638,19.218204259872437,791.5316152572632,213
966,9,14,0.24667852,1085.871925354004,19.232542276382446,792.3460133075714,213
967,9,14,0.07828446,1086.990926027298,19.242117166519165,793.1657602787018,213
968,9,14,0.034031913,1088.1065816879272,19.251798152923584,793.9933490753174,213
969,9,14,0.038908575,1089.2176098823547,19.262728214263916,794.8152868747711,213
970,9,14,0.048659727,1090.3393986225128,19.273986101150513,795.6429009437561,213
971,9,14,0.08297354,1091.4664063453674,19.275871992111206,796.4705917835236,213
972,9,14,0.011344544,1092.5951597690582,19.27786684036255,797.3057327270508,213
973,9,14,0.01693169,1093.7042045593262,19.286828756332397,798.1283686161041,213
974,9,14,0.04258811,1094.82421708107,19.297149896621704,798.9514925479889,213
975,9,14,0.17071283,1095.9330732822418,19.299313068389893,799.7651605606079,213
976,9,14,0.15261097,1097.0571496486664,19.322691202163696,800.5882484912872,213
977,9,14,0.012094191,1098.1882326602936,19.34358525276184,801.4000923633575,213
978,9,14,0.109957844,1099.2994766235352,19.36032223701477,802.2168984413147,213
979,9,14,0.012701631,1100.4141218662262,19.36628818511963,803.037787437439,213
980,9,14,0.02528799,1101.5355772972107,19.37234616279602,803.857593536377,213
981,9,14,0.0412405,1102.650229692459,19.380473136901855,804.6755304336548,213
982,9,14,0.031616095,1103.7545804977417,19.396363258361816,805.4923975467682,213
983,9,14,0.01823169,1104.8685274124146,19.41897416114807,806.3195567131042,213
984,9,14,0.016221285,1105.9859671592712,19.456419229507446,807.1351337432861,213
985,9,14,0.009012221,1107.0979299545288,19.47770929336548,807.9492816925049,213
986,9,14,0.042877182,1108.2154326438904,19.479785442352295,808.7759637832642,213
987,9,14,0.020976555,1109.3258612155914,19.488632440567017,809.6012406349182,213
988,9,14,0.08724001,1110.450007200241,19.49075746536255,810.4249386787415,213
989,9,14,0.06643013,1111.5718250274658,19.508700370788574,811.2451696395874,213
990,9,14,0.025607238,1112.6866874694824,19.51998543739319,812.0621047019958,213
991,9,14,0.03763248,1113.8047366142273,19.522083282470703,812.8810634613037,213
992,9,14,0.03178724,1114.918268918991,19.534077167510986,813.7021152973175,213
993,9,14,0.0027716286,1116.0357115268707,19.53619623184204,814.5201470851898,213
994,9,14,0.13357262,1117.155457496643,19.538182258605957,815.3477468490601,213
995,9,14,0.07502863,1118.282160282135,19.552852392196655,816.1698429584503,213
996,9,14,0.019146558,1119.408138513565,19.56991744041443,817.0016567707062,213
997,9,14,0.08747771,1120.5243344306946,19.59623432159424,817.8228209018707,213
998,9,14,0.24859837,1121.650325536728,19.600346326828003,818.6419978141785,213
999,9,14,0.03527029,1122.7731547355652,19.60221529006958,819.455769777298,213
1000,9,14,0.035900366,1123.9016439914703,19.620431423187256,820.2756388187408,213
1001,9,14,0.0571895,1125.0174598693848,19.628544569015503,821.0925567150116,213
1002,9,14,0.035138372,1126.1278519630432,19.640698432922363,821.9070744514465,213
1003,9,14,0.066747434,1127.2374544143677,19.64688229560852,822.7290546894073,213
1004,9,14,0.031432148,1128.362620830536,19.676793098449707,823.5515215396881,213
1005,9,14,0.07585083,1129.4817037582397,19.70696210861206,824.3695025444031,213
1006,9,14,0.07544328,1130.599808216095,19.727211236953735,825.188779592514,213
1007,9,14,0.1984976,1131.7091753482819,19.73407220840454,826.0091316699982,213
1008,9,14,0.101364344,1132.8293178081512,19.742300271987915,826.8357236385345,213
1009,9,14,0.10598596,1133.9502305984497,19.760095357894897,827.6488642692566,213
1010,9,14,0.026606763,1135.0674328804016,19.762266397476196,828.4763133525848,213
1011,9,14,0.09718121,1136.1873421669006,19.797039270401,829.2959566116333,213
1012,9,14,0.024662893,1137.3024861812592,19.80880641937256,830.1174855232239,213
1013,9,14,0.21221125,1138.418821811676,19.82479238510132,830.9371194839478,213
1014,9,14,0.05183401,1139.5386612415314,19.835612297058105,831.7533776760101,213
1015,9,14,0.06854825,1140.6593656539917,19.837486267089844,832.5754156112671,213
1016,9,14,0.16401699,1141.7779867649078,19.84860610961914,833.3955755233765,213
1017,9,14,0.1990431,1142.8900005817413,19.855943202972412,834.2091066837311,213
1018,9,14,0.034612708,1144.0060353279114,19.86388325691223,835.0271866321564,213
1019,9,14,0.18610579,1145.123522758484,19.866819381713867,835.8420855998993,213
1020,9,14,0.009493709,1146.2399551868439,19.86871027946472,836.6639695167542,213
1021,9,14,0.03824882,1147.3595707416534,19.888577222824097,837.4809386730194,213
1022,9,14,0.21614966,1148.4819076061249,19.90872025489807,838.2951726913452,213
1023,9,14,0.051737085,1149.5970311164856,19.929269075393677,839.1129915714264,213
1024,9,14,0.041780774,1150.7199416160583,19.9584801197052,839.9297544956207,213
1025,9,14,0.14566463,1151.8347001075745,19.978287935256958,840.7436256408691,213
1026,9,14,0.071149185,1152.9436333179474,19.985310792922974,841.5652415752411,213
1027,9,14,0.07536796,1154.0606045722961,19.999030590057373,842.3904235363007,213
1028,9,14,0.05100674,1155.194985151291,20.001025676727295,843.217714548111,213
1029,9,14,0.10201902,1156.3001589775085,20.01134157180786,844.0409345626831,213
1030,9,14,0.038287695,1157.4254167079926,20.013129472732544,844.8699607849121,213
1031,9,14,0.0029336947,1158.5455558300018,20.015140533447266,845.695065498352,213
1032,9,14,0.08052868,1159.6613302230835,20.017087697982788,846.5157513618469,213
1033,9,14,0.0035988884,1160.7823107242584,20.033061742782593,847.3270802497864,213
1034,9,14,0.015648937,1161.921887397766,20.067258834838867,848.1432282924652,213
1035,9,14,0.10234926,1163.0355615615845,20.071882009506226,848.9572143554688,213
1036,9,15,0.03712528,1164.5544736385345,20.450292110443115,849.7834844589233,213
1037,9,15,0.028941436,1165.679652929306,20.48123002052307,850.6087305545807,213
1038,9,15,0.0150459325,1166.7864322662354,20.48306918144226,851.4213175773621,213
1039,9,15,0.24312335,1167.9093565940857,20.5091233253479,852.2381455898285,213
1040,9,15,0.0036484029,1169.0275223255157,20.53338932991028,853.0541896820068,213
1041,9,15,0.08992793,1170.153664112091,20.541856288909912,853.8854765892029,213
1042,9,15,0.010432434,1171.2723398208618,20.568626403808594,854.7022867202759,213
1043,9,15,0.038692094,1172.3876628875732,20.600566625595093,855.5167286396027,213
1044,9,15,0.047564376,1173.5014944076538,20.602396726608276,856.3444278240204,213
1045,9,15,0.006875546,1174.6160700321198,20.614242792129517,857.1621549129486,213
1046,9,15,0.09486316,1175.7391262054443,20.630040884017944,857.9835059642792,213
1047,9,15,0.07055646,1176.8746073246002,20.656115770339966,858.8062529563904,213
1048,9,15,0.027372148,1177.9879326820374,20.661245822906494,859.6207067966461,213
1049,9,15,0.01754432,1179.1067020893097,20.663136959075928,860.4426698684692,213
1050,9,15,0.006217738,1180.2309629917145,20.681899785995483,861.2701218128204,213
1051,9,15,0.10823634,1181.3488767147064,20.68961763381958,862.0909206867218,213
1052,9,15,0.014908001,1182.4703016281128,20.69141960144043,862.9200637340546,213
1053,9,15,0.046241317,1183.5909185409546,20.7124445438385,863.7421977519989,213
1054,9,15,0.028004508,1184.706107378006,20.731711626052856,864.567037820816,213
1055,10,15,0.01310843,1185.7141108512878,20.733831644058228,865.3759806156158,213
1056,10,15,0.0038379752,1186.8418366909027,20.764928817749023,866.194760799408,213
1057,10,15,0.07179151,1187.962952375412,20.783931732177734,867.0141348838806,213
1058,10,15,0.23530631,1189.0768525600433,20.786028623580933,867.8363349437714,213
1059,10,15,0.005714269,1190.2016184329987,20.788066625595093,868.6583168506622,213
1060,10,15,0.027010063,1191.3289918899536,20.817832708358765,869.4772706031799,213
1061,10,15,0.009919322,1192.4419684410095,20.827627658843994,870.2967846393585,213
1062,10,15,0.0018164802,1193.5723855495453,20.829559803009033,871.1222677230835,213
1063,10,15,0.0989501,1194.6856565475464,20.84491777420044,871.942129611969,213
1064,10,15,0.004110763,1195.8261141777039,20.885007858276367,872.7636835575104,213
1065,10,15,0.18222092,1196.9538872241974,20.902567863464355,873.5899107456207,213
1066,10,15,0.005417422,1198.063158273697,20.914196729660034,874.404290676117,213
1067,10,15,0.019460352,1199.2029790878296,20.940753698349,875.2223777770996,213
1068,10,15,0.017276615,1200.3191180229187,20.954100608825684,876.0468037128448,213
1069,10,15,0.11616905,1201.437134027481,20.98544955253601,876.8610527515411,213
1070,10,15,0.005399903,1202.5548946857452,20.991861581802368,877.6808269023895,213
1071,10,15,0.095610455,1203.6746184825897,20.993999481201172,878.5021181106567,213
1072,10,15,0.061936572,1204.7988111972809,21.009239435195923,879.3146374225616,213
1073,10,15,0.1555186,1205.9203102588654,21.011390447616577,880.1419522762299,213
1074,10,15,0.059738725,1207.0225207805634,21.023707628250122,880.9589312076569,213
1075,10,15,0.073908135,1208.1436867713928,21.048385620117188,881.7788951396942,213
1076,10,15,0.03132133,1209.2562351226807,21.050431489944458,882.6092519760132,213
1077,10,15,0.021497454,1210.374033689499,21.05263352394104,883.4331710338593,213
1078,10,15,0.057107627,1211.503175020218,21.067168712615967,884.2552559375763,213
1079,10,15,0.012629826,1212.6138005256653,21.06928777694702,885.0819358825684,213
1080,10,15,0.0406588,1213.7274911403656,21.08209776878357,885.9033527374268,213
1081,10,15,0.043430485,1214.8482193946838,21.101248741149902,886.7179486751556,213
1082,10,15,0.020095564,1215.9602818489075,21.105031728744507,887.5340456962585,213
1083,10,15,0.087907694,1217.075475692749,21.10862159729004,888.3560748100281,213
1084,10,15,0.02845322,1218.1965854167938,21.120768547058105,889.1836986541748,213
1085,10,15,0.024437683,1219.3001613616943,21.125544548034668,889.9974625110626,213
1086,10,15,0.03157875,1220.4159886837006,21.13883948326111,890.821855545044,213
1087,10,15,0.0073102694,1221.5254406929016,21.14310336112976,891.6473443508148,213
1088,10,15,0.015102959,1222.6416671276093,21.151520252227783,892.4733552932739,213
1089,10,15,0.014532027,1223.75728058815,21.1537344455719,893.2965581417084,213
1090,10,15,0.0011841584,1224.8675744533539,21.15563654899597,894.119823217392,213
1091,10,15,0.044604197,1225.9938082695007,21.165090560913086,894.9427270889282,213
1092,10,15,0.07299515,1227.104257106781,21.176218509674072,895.766704082489,213
1093,10,15,0.0018313217,1228.2263479232788,21.17804455757141,896.5887620449066,213
1094,10,15,0.095372625,1229.3489890098572,21.205732583999634,897.410374879837,213
1095,10,15,0.0029276386,1230.4703872203827,21.23431944847107,898.2307798862457,213
1096,10,15,0.07167655,1231.5804860591888,21.23634648323059,899.056316614151,213
1097,10,15,0.030906375,1232.7006285190582,21.255704402923584,899.8855516910553,213
1098,10,15,0.0011929449,1233.813283443451,21.274166584014893,900.7007803916931,213
1099,10,15,0.006663877,1234.9317908287048,21.2793927192688,901.5278573036194,213
1100,10,15,0.036918525,1236.0475883483887,21.283321857452393,902.3482632637024,213
1101,10,15,0.008212507,1237.175175189972,21.314117908477783,903.166353225708,213
1102,10,15,0.066294566,1238.2930788993835,21.31618094444275,903.9891500473022,213
1103,10,15,0.10508618,1239.4131197929382,21.328293800354004,904.8136298656464,213
1104,10,15,0.0037102385,1240.5346529483795,21.34938097000122,905.6301069259644,213
1105,10,15,0.06007339,1241.6584687232971,21.373918056488037,906.4473810195923,213
1106,10,15,0.0078314375,1242.7942821979523,21.40190601348877,907.2604911327362,213
1107,10,15,0.04062895,1243.9089758396149,21.42402219772339,908.0770769119263,213
1108,10,15,0.0017106845,1245.0294966697693,21.445242166519165,908.8970119953156,213
1109,10,15,0.15446867,1246.1522512435913,21.485549211502075,909.7198569774628,213
1110,10,15,0.015512731,1247.282855272293,21.52919912338257,910.5421938896179,213
1111,10,15,0.0027679196,1248.4018878936768,21.548277139663696,911.3622858524323,213
1112,10,15,0.009024423,1249.5262513160706,21.5785870552063,912.187577009201,213
1113,10,15,0.3381545,1250.6470873355865,21.589686155319214,913.0099151134491,213
1114,10,15,0.016563369,1251.7614641189575,21.591682195663452,913.8355650901794,213
1115,10,15,0.270526,1252.8850574493408,21.613323211669922,914.6592700481415,213
1116,10,15,0.034972604,1254.0094277858734,21.63329315185547,915.4711771011353,213
1117,10,15,0.007158939,1255.125574350357,21.643027305603027,916.2843501567841,213
1118,10,15,0.0936887,1256.2449960708618,21.64505648612976,917.1025340557098,213
1119,10,15,0.033101264,1257.3630156517029,21.649518489837646,917.9249882698059,213
1120,10,15,0.023143869,1258.485757112503,21.67615842819214,918.7439351081848,213
1121,10,15,0.018424695,1259.604187965393,21.67956852912903,919.5605540275574,213
1122,10,15,0.15363123,1260.7226712703705,21.683661699295044,920.3841099739075,213
1123,10,16,0.027325429,1262.2215945720673,22.077072858810425,921.1995277404785,213
1124,10,16,0.059451498,1263.326667547226,22.09421682357788,922.0194618701935,213
1125,10,16,0.15866725,1264.4292459487915,22.099824905395508,922.8395040035248,213
1126,10,16,0.029452749,1265.5424995422363,22.105130910873413,923.6572518348694,213
1127,10,16,0.04111451,1266.656019449234,22.107154846191406,924.4786999225616,213
1128,10,16,0.0020049827,1267.7735006809235,22.112506866455078,925.3041388988495,213
1129,10,16,0.025410727,1268.8854637145996,22.118525981903076,926.1263499259949,213
1130,10,16,0.24217458,1270.001378774643,22.132426023483276,926.9523828029633,213
1131,10,16,0.0018026982,1271.13028550148,22.152372121810913,927.7667367458344,213
1132,10,16,0.045268163,1272.2472641468048,22.159176111221313,928.5806646347046,213
1133,10,16,0.007727544,1273.3739576339722,22.17688822746277,929.4040777683258,213
1134,10,16,0.030696077,1274.4849133491516,22.199926137924194,930.2206947803497,213
1135,10,16,0.066064455,1275.5988359451294,22.20486807823181,931.0414934158325,213
1136,10,16,0.007291697,1276.7184174060822,22.22604489326477,931.8578994274139,213
1137,10,16,0.059947062,1277.8230984210968,22.231438875198364,932.6797184944153,213
1138,10,16,0.0041205697,1278.9312076568604,22.233378887176514,933.493979215622,213
1139,10,16,0.06766243,1280.0475537776947,22.23539686203003,934.31147813797,213
1140,10,16,0.029775718,1281.157570362091,22.254268884658813,935.1307640075684,213
1141,10,16,0.0033843918,1282.2728283405304,22.256710052490234,935.957300901413,213
1142,10,16,0.007292017,1283.3970139026642,22.283664226531982,936.7747581005096,213
1143,10,16,0.018517653,1284.5175454616547,22.30387020111084,937.5990560054779,213
1144,10,16,0.014656102,1285.6353764533997,22.32292938232422,938.417867898941,213
1145,10,16,0.02945161,1286.7590460777283,22.343112468719482,939.2435269355774,213
1146,10,16,0.05484568,1287.8939168453217,22.380188465118408,940.068963766098,213
1147,10,16,0.17500141,1289.0171945095062,22.382216453552246,940.8881688117981,213
1148,10,16,0.11975872,1290.1393563747406,22.390701293945312,941.7033710479736,213
1149,10,16,0.16031489,1291.2467913627625,22.39262628555298,942.522941827774,213
1150,10,16,0.017258378,1292.365564584732,22.41146731376648,943.3429269790649,213
1151,10,16,0.02270141,1293.4867837429047,22.447798252105713,944.1560051441193,213
1152,10,16,0.090381935,1294.6033010482788,22.45553231239319,944.9733612537384,213
1153,10,16,0.065964945,1295.707832813263,22.457932233810425,945.7951650619507,213
1154,10,16,0.039784636,1296.8160331249237,22.459655284881592,946.6182670593262,213
1155,10,16,0.17686096,1297.9323990345001,22.469359397888184,947.4330959320068,213
1156,10,16,0.122210935,1299.0570452213287,22.490314483642578,948.2503221035004,213
1157,10,16,0.035188727,1300.1715800762177,22.49353051185608,949.070677280426,213
1158,10,16,0.045432836,1301.2861640453339,22.49521040916443,949.8980691432953,213
1159,10,16,0.024781901,1302.419039964676,22.535338401794434,950.7163572311401,213
1160,10,16,0.03399032,1303.5379192829132,22.552638292312622,951.5385873317719,213
1161,10,16,0.035443507,1304.6657273769379,22.554574489593506,952.3672144412994,213
1162,10,16,0.015904682,1305.794492483139,22.58293628692627,953.1874785423279,213
1163,10,16,0.0134686865,1306.906682252884,22.613518238067627,954.0033292770386,213
1164,10,16,0.089948274,1308.0206940174103,22.615774393081665,954.832355260849,213
1165,10,16,0.053738788,1309.1412780284882,22.628722429275513,955.660783290863,213
1166,10,16,0.039371096,1310.248543024063,22.64185929298401,956.4732184410095,213
1167,10,16,0.02009027,1311.3741250038147,22.64388346672058,957.2946133613586,213
1168,10,16,0.0075911405,1312.4972968101501,22.64587950706482,958.1251294612885,213
1169,10,16,0.07077236,1313.6179494857788,22.656697511672974,958.944126367569,213
1170,10,16,0.054636355,1314.7424919605255,22.67361354827881,959.766152381897,213
1171,10,16,0.04633563,1315.858342885971,22.67981767654419,960.5872373580933,213
1172,11,16,0.031171719,1316.8870816230774,22.682307720184326,961.404664516449,213
1173,11,16,0.13826987,1318.0076303482056,22.70223569869995,962.2189402580261,213
1174,11,16,0.03274958,1319.1208772659302,22.719530820846558,963.0414111614227,213
1175,11,16,0.019073112,1320.2641966342926,22.739866733551025,963.8598899841309,213
1176,11,16,0.008224847,1321.3869099617004,22.74948787689209,964.6819360256195,213
1177,11,16,0.03130684,1322.5423319339752,22.751704931259155,965.541962146759,213
1178,11,16,0.044814534,1323.6681394577026,22.763704776763916,966.3659861087799,213
1179,11,16,0.04151771,1324.7923815250397,22.765602588653564,967.1866462230682,213
1180,11,16,0.040831953,1325.9051020145416,22.767720699310303,968.0127151012421,213
1181,11,16,0.044105936,1327.039274930954,22.80006766319275,968.8380501270294,213
1182,11,16,0.030074602,1328.1560225486755,22.831249713897705,969.6510992050171,213
1183,11,16,0.10175994,1329.291134595871,22.840914726257324,970.4831292629242,213
1184,11,16,0.023131784,1330.4197072982788,22.877399682998657,971.3053231239319,213
1185,11,16,0.017588018,1331.5315532684326,22.897653818130493,972.1250970363617,213
1186,11,16,0.08239024,1332.6489312648773,22.908727884292603,972.9528241157532,213
1187,11,16,0.007973906,1333.771239042282,22.91766905784607,973.7782809734344,213
1188,11,16,0.018831177,1334.8884019851685,22.93509006500244,974.5979721546173,213
1189,11,16,0.027965253,1336.0068047046661,22.960666179656982,975.4101510047913,213
1190,11,16,0.08250772,1337.1249315738678,22.962477207183838,976.2322888374329,213
1191,11,16,0.04514779,1338.2464756965637,22.96441125869751,977.0499699115753,213
1192,11,16,0.03669195,1339.3746583461761,22.99428105354309,977.8712179660797,213
1193,11,16,0.0063620927,1340.4981455802917,23.003624200820923,978.6964728832245,213
1194,11,16,0.04445541,1341.6068451404572,23.0054931640625,979.5217387676239,213
1195,11,16,0.019658823,1342.727709054947,23.010956048965454,980.3449249267578,213
1196,11,16,0.05280878,1343.8437428474426,23.030275106430054,981.1615600585938,213
1197,11,16,0.00771061,1344.9603650569916,23.04221796989441,981.9839301109314,213
1198,11,16,0.013714036,1346.0791947841644,23.04520082473755,982.8070292472839,213
1199,11,16,0.021787753,1347.1942267417908,23.04730486869812,983.6271591186523,213
1200,11,16,0.010900088,1348.3157827854156,23.075145959854126,984.4486141204834,213
1201,11,16,0.2891789,1349.4297366142273,23.085921049118042,985.2671041488647,213
1202,11,16,0.020555161,1350.5521128177643,23.111836910247803,986.0797882080078,213
1203,11,16,0.08827443,1351.6640648841858,23.11551594734192,986.9002571105957,213
1204,11,16,0.12405844,1352.7961587905884,23.14411687850952,987.7275521755219,213
1205,11,16,0.13945736,1353.9081337451935,23.146003007888794,988.5548400878906,213
1206,11,16,0.07272509,1355.036340713501,23.15715503692627,989.3787651062012,213
1207,11,16,0.07696111,1356.1571025848389,23.1592800617218,990.2008831501007,213
1208,11,16,0.01581593,1357.2750625610352,23.176077127456665,991.014820098877,213
1209,11,16,0.00884742,1358.3909873962402,23.182332038879395,991.8365411758423,213
1210,11,16,0.09845801,1359.501676082611,23.194889068603516,992.6529984474182,213
1211,11,16,0.03407408,1360.6311910152435,23.196924209594727,993.482860326767,213
1212,11,16,0.023230456,1361.7393822669983,23.20743417739868,994.2992947101593,213
1213,11,16,0.04693748,1362.8628854751587,23.22528624534607,995.1204679012299,213
1214,11,16,0.009048062,1363.9831314086914,23.234225273132324,995.9380729198456,213
1215,11,16,0.0444583,1365.1009542942047,23.236435174942017,996.7580409049988,213
1216,11,16,0.02670744,1366.2187314033508,23.252986192703247,997.5763618946075,213
1217,11,17,0.0524434,1367.7229170799255,23.647878408432007,998.393013715744,213
1218,11,17,0.21535736,1368.8420627117157,23.649916410446167,999.2127976417542,213
1219,11,17,0.098287985,1369.9573907852173,23.66106629371643,1000.0370337963104,213
1220,11,17,0.014496767,1371.0628402233124,23.66318130493164,1000.8582968711853,213
1221,11,17,0.0028547717,1372.201276063919,23.712078332901,1001.672730922699,213
1222,11,17,0.0040945574,1373.3289802074432,23.74534249305725,1002.4953289031982,213
1223,11,17,0.029091008,1374.4437501430511,23.752959489822388,1003.3213839530945,213
1224,11,17,0.0055036894,1375.5598638057709,23.754886627197266,1004.1411318778992,213
1225,11,17,0.0026117105,1376.6783981323242,23.776065587997437,1004.958878993988,213
1226,11,17,0.022014987,1377.7923049926758,23.782931566238403,1005.7827749252319,213
1227,11,17,0.031018356,1378.9144551753998,23.784814596176147,1006.6093752384186,213
1228,11,17,0.15122241,1380.029184103012,23.794280529022217,1007.4327871799469,213
1229,11,17,0.0159176,1381.1542212963104,23.796316623687744,1008.25470495224,213
1230,11,17,0.0037364615,1382.2697169780731,23.8103346824646,1009.0791049003601,213
1231,11,17,0.011015436,1383.3942823410034,23.820387601852417,1009.909946680069,213
1232,11,17,0.0031835907,1384.5139734745026,23.831369638442993,1010.7259387969971,213
1233,11,17,0.06460569,1385.6315069198608,23.833338499069214,1011.5502989292145,213
1234,11,17,0.061843146,1386.7545130252838,23.85900354385376,1012.3715031147003,213
1235,11,17,0.15352787,1387.8724358081818,23.875699520111084,1013.1980850696564,213
1236,11,17,0.09203299,1388.9919176101685,23.877833604812622,1014.0194461345673,213
1237,11,17,0.017822016,1390.112156867981,23.906919717788696,1014.8331460952759,213
1238,11,17,0.007104486,1391.24241065979,23.9090256690979,1015.6505341529846,213
1239,11,17,0.007403925,1392.3691606521606,23.93436574935913,1016.4655199050903,213
1240,11,17,0.034854524,1393.4964084625244,23.980623722076416,1017.2836909294128,213
1241,11,17,0.027972851,1394.6091017723083,23.982589721679688,1018.1045260429382,213
1242,11,17,0.006120785,1395.7334547042847,23.9854416847229,1018.9277648925781,213
1243,11,17,0.052204557,1396.8446307182312,24.007203578948975,1019.7509799003601,213
1244,11,17,0.05815609,1397.9590339660645,24.030462503433228,1020.5712087154388,213
1245,11,17,0.07715746,1399.1043982505798,24.06410050392151,1021.3872137069702,213
1246,11,17,0.010636073,1400.2216255664825,24.07649850845337,1022.2047607898712,213
1247,11,17,0.02262796,1401.3446624279022,24.08790349960327,1023.0253188610077,213
1248,11,17,0.031947166,1402.4585559368134,24.089948415756226,1023.848308801651,213
1249,11,17,0.067617424,1403.5699830055237,24.10092830657959,1024.6702427864075,213
1250,11,17,0.14324117,1404.6847779750824,24.103199243545532,1025.4890248775482,213
1251,11,17,0.068542965,1405.8087048530579,24.115631103515625,1026.3135108947754,213
1252,11,17,0.25599247,1406.922456741333,24.129276037216187,1027.1312737464905,213
1253,11,17,0.028884249,1408.0370428562164,24.13615608215332,1027.9618518352509,213
1254,11,17,0.042639565,1409.1509652137756,24.138277053833008,1028.7841267585754,213
1255,11,17,0.014039199,1410.2619972229004,24.15401315689087,1029.608164548874,213
1256,11,17,0.08386464,1411.369977235794,24.16160821914673,1030.4285733699799,213
1257,11,17,0.03520533,1412.4999997615814,24.18031620979309,1031.2524495124817,213
1258,11,17,0.021206796,1413.6155598163605,24.22366714477539,1032.0727593898773,213
1259,11,17,0.014049666,1414.739260673523,24.249832153320312,1032.895527124405,213
1260,11,17,0.042823266,1415.8594415187836,24.25177812576294,1033.7226612567902,213
1261,11,17,0.08827214,1416.9858338832855,24.27819013595581,1034.5449981689453,213
1262,11,17,0.020958964,1418.0995242595673,24.29071021080017,1035.358689069748,213
1263,11,17,0.29421088,1419.2176785469055,24.29910635948181,1036.1869332790375,213
1264,11,17,0.015131505,1420.333956003189,24.316190481185913,1037.0027203559875,213
1265,11,17,0.032405972,1421.449461698532,24.318195581436157,1037.8299374580383,213
1266,11,17,0.04081515,1422.5672442913055,24.333804607391357,1038.655906677246,213
1267,11,17,0.104981974,1423.6805005073547,24.339579582214355,1039.47496175766,213
1268,11,17,0.013554032,1424.7965986728668,24.341426372528076,1040.294400691986,213
1269,11,17,0.020856973,1425.919333934784,24.3598313331604,1041.1172065734863,213
1270,11,17,0.068472415,1427.0285420417786,24.366891384124756,1041.9329795837402,213
1271,11,17,0.052256163,1428.1410007476807,24.3785982131958,1042.764863729477,213
1272,11,17,0.016747538,1429.2589964866638,24.38045024871826,1043.5914885997772,213
1273,11,17,0.035721667,1430.378428220749,24.395113229751587,1044.4176864624023,213
1274,11,17,0.040162824,1431.5025548934937,24.41045832633972,1045.2368595600128,213
1275,11,17,0.023698073,1432.6150302886963,24.41252636909485,1046.0611371994019,213
1276,11,17,0.14558557,1433.7269575595856,24.42963433265686,1046.8748829364777,213
1277,11,17,0.007038137,1434.8443846702576,24.43858027458191,1047.6940670013428,213
1278,11,17,0.08279337,1435.9582028388977,24.440515279769897,1048.519065618515,213
1279,11,17,0.046730425,1437.0838057994843,24.457906246185303,1049.3294615745544,213
1280,11,17,0.025687411,1438.2067430019379,24.47739315032959,1050.1446287631989,213
1281,11,17,0.008318119,1439.335248708725,24.51498508453369,1050.9643440246582,213
1282,11,17,0.0097447615,1440.4534225463867,24.52910804748535,1051.7886230945587,213
1283,11,17,0.0101387,1441.5708990097046,24.534465074539185,1052.6119780540466,213
1284,11,17,0.041294545,1442.6839170455933,24.54602313041687,1053.4349610805511,213
1285,11,17,0.0150335515,1443.789268732071,24.54786205291748,1054.2647151947021,213
1286,11,17,0.05612571,1444.9129486083984,24.566032886505127,1055.0880432128906,213
1287,11,17,0.00915425,1446.0409729480743,24.59394097328186,1055.9176874160767,213
1288,11,17,0.007926025,1447.1698081493378,24.625659942626953,1056.737121105194,213
1289,12,17,0.022258261,1448.219763994217,24.627920866012573,1057.5567078590393,213
1290,12,17,0.017306376,1449.3366305828094,24.63617181777954,1058.380794763565,213
1291,12,17,0.0056767752,1450.4685730934143,24.654908895492554,1059.2108280658722,213
1292,12,17,0.05795198,1451.596246957779,24.688015937805176,1060.042708158493,213
1293,12,17,0.08251195,1452.7247729301453,24.717358827590942,1060.8598003387451,213
1294,12,17,0.07507655,1453.8437254428864,24.727466821670532,1061.6785342693329,213
1295,12,17,0.00086917414,1454.9632859230042,24.7292218208313,1062.5008661746979,213
1296,12,17,0.030364428,1456.0806641578674,24.758793830871582,1063.3170680999756,213
1297,12,17,0.03566411,1457.1974546909332,24.76079797744751,1064.1339824199677,213
1298,12,17,0.014207229,1458.3166117668152,24.772845029830933,1064.9602284431458,213
1299,12,17,0.0041283355,1459.438125371933,24.79973006248474,1065.7857193946838,213
1300,12,17,0.008948238,1460.5496702194214,24.806653022766113,1066.6056866645813,213
1301,12,17,0.02692166,1461.6729221343994,24.808409929275513,1067.4304268360138,213
1302,12,17,0.046142668,1462.7870030403137,24.810420989990234,1068.2522258758545,213
1303,12,17,0.034755826,1463.9232206344604,24.83302402496338,1069.0778667926788,213
1304,12,17,0.035063796,1465.049576997757,24.834884881973267,1069.8999865055084,213
1305,12,17,0.05822363,1466.1580801010132,24.866259813308716,1070.716665506363,213
1306,12,17,0.010348117,1467.2805676460266,24.86832594871521,1071.5416414737701,213
1307,12,17,0.0305999,1468.4031434059143,24.87428593635559,1072.3715116977692,213
1308,12,17,0.001680376,1469.530501127243,24.900902032852173,1073.1876800060272,213
1309,12,17,0.024512745,1470.6542754173279,24.923149824142456,1074.0033340454102,213
1310,12,17,0.01089247,1471.7857751846313,24.946708917617798,1074.8185069561005,213
1311,12,17,0.09042075,1472.9188103675842,24.9680118560791,1075.6390569210052,213
1312,12,17,0.056667343,1474.035700082779,24.970157861709595,1076.4631159305573,213
1313,12,17,0.0023436865,1475.1524312496185,24.982605934143066,1077.284884929657,213
1314,12,17,0.016250063,1476.2684631347656,24.98480987548828,1078.1039459705353,213
1315,12,17,0.16486137,1477.3857572078705,24.986884832382202,1078.9266119003296,213
1316,12,18,0.07938501,1478.8987774848938,25.39501690864563,1079.7449889183044,213
1317,12,18,0.017211108,1480.017117023468,25.408951997756958,1080.571029663086,213
1318,12,18,0.0027816778,1481.1392447948456,25.43339204788208,1081.3925566673279,213
1319,12,18,0.033904158,1482.2687532901764,25.444397926330566,1082.2187066078186,213
1320,12,18,0.0061508208,1483.375955581665,25.450158834457397,1083.0503265857697,213
1321,12,18,0.03285591,1484.4970831871033,25.456712007522583,1083.870052576065,213
1322,12,18,0.0313797,1485.6161725521088,25.461638927459717,1084.6985876560211,213
1323,12,18,0.0012501226,1486.736512184143,25.478132963180542,1085.5221054553986,213
1324,12,18,0.0025952607,1487.8552422523499,25.48115611076355,1086.3482897281647,213
1325,12,18,0.0828603,1488.9803977012634,25.492292165756226,1087.1810445785522,213
1326,12,18,0.0025854043,1490.1011703014374,25.494348287582397,1088.0012645721436,213
1327,12,18,0.105082065,1491.2264032363892,25.496190309524536,1088.820785522461,213
1328,12,18,0.076049395,1492.350238084793,25.519866228103638,1089.63618350029,213
1329,12,18,0.031063493,1493.472059726715,25.53515625,1090.457540512085,213
1330,12,18,0.018265411,1494.583805322647,25.538748264312744,1091.2816762924194,213
1331,12,18,0.08258077,1495.7073426246643,25.56890034675598,1092.1019084453583,213
1332,12,18,0.025518805,1496.8142533302307,25.586002349853516,1092.916705608368,213
1333,12,18,0.046208844,1497.9310612678528,25.58953833580017,1093.7427387237549,213
1334,12,18,0.008653154,1499.0548167228699,25.610920190811157,1094.5657606124878,213
1335,12,18,0.0166628,1500.1678426265717,25.612754106521606,1095.3872356414795,213
1336,12,18,0.0648649,1501.2950375080109,25.61469006538391,1096.21444773674,213
1337,12,18,0.018522713,1502.4255402088165,25.660117149353027,1097.0302729606628,213
1338,12,18,0.040169865,1503.5447347164154,25.674732208251953,1097.848120689392,213
1339,12,18,0.09227664,1504.658777475357,25.67702007293701,1098.6674065589905,213
1340,12,18,0.1145626,1505.794737815857,25.67920207977295,1099.4976344108582,213
1341,12,18,0.0033603585,1506.9124386310577,25.698277235031128,1100.315508365631,213
1342,12,18,0.056274448,1508.030217885971,25.71029305458069,1101.1394302845001,213
1343,12,18,0.110720865,1509.1473410129547,25.733057975769043,1101.958574295044,213
1344,12,18,0.0050817,1510.2640438079834,25.750953912734985,1102.7766695022583,213
1345,12,18,0.04797235,1511.3780028820038,25.756771087646484,1103.599371433258,213
1346,12,18,0.117500246,1512.4922697544098,25.76106595993042,1104.4245846271515,213
1347,12,18,0.056931853,1513.6075115203857,25.772238969802856,1105.249389886856,213
1348,12,18,0.013586154,1514.726796388626,25.775986909866333,1106.0764980316162,213
1349,12,18,0.047544524,1515.8465783596039,25.784502744674683,1106.8924300670624,213
1350,12,18,0.0576951,1516.9598355293274,25.80032753944397,1107.7130069732666,213
1351,12,18,0.0270479,1518.080213546753,25.802754402160645,1108.538134098053,213
1352,12,18,0.043438055,1519.2075290679932,25.815661430358887,1109.3645622730255,213
1353,12,18,0.10918717,1520.32532954216,25.830623388290405,1110.1863203048706,213
1354,12,18,0.0036509186,1521.4491488933563,25.841219425201416,1111.0085422992706,213
1355,12,18,0.1447907,1522.562940120697,25.8430016040802,1111.8321974277496,213
1356,12,18,0.004797509,1523.691053390503,25.8586745262146,1112.65535902977,213
1357,12,18,0.08836608,1524.8059363365173,25.860618591308594,1113.47390127182,213
1358,12,18,0.045599375,1525.927869796753,25.864823579788208,1114.2974472045898,213
1359,12,18,0.051328138,1527.031611919403,25.884405612945557,1115.1151285171509,213
1360,12,18,0.08434695,1528.1527707576752,25.90908455848694,1115.932579755783,213
1361,12,18,0.0079826955,1529.268679857254,25.91866445541382,1116.7616889476776,213
1362,12,18,0.00901678,1530.3839843273163,25.920599460601807,1117.5797958374023,213
1363,12,18,0.0038543683,1531.502106666565,25.92749834060669,1118.400424003601,213
1364,12,18,0.02946938,1532.6406908035278,25.965956449508667,1119.2219731807709,213
1365,12,18,0.017668582,1533.753390789032,25.967904567718506,1120.0500371456146,213
1366,12,18,0.04952203,1534.8685774803162,25.987539529800415,1120.870700120926,213
1367,12,18,0.106504425,1535.9899957180023,26.01557469367981,1121.6888201236725,213
1368,12,18,0.020514594,1537.1021325588226,26.020609855651855,1122.5144701004028,213
1369,12,18,0.10345036,1538.2091829776764,26.027448892593384,1123.3309218883514,213
1370,12,18,0.012377474,1539.3283615112305,26.029433012008667,1124.151921749115,213
1371,12,18,0.20469907,1540.459386587143,26.031329870224,1124.980558872223,213
1372,12,18,0.08933572,1541.5872945785522,26.036187887191772,1125.8094918727875,213
1373,12,18,0.14592819,1542.7125010490417,26.041078090667725,1126.636197090149,213
1374,12,18,0.044851016,1543.8398377895355,26.04321312904358,1127.451401233673,213
1375,12,18,0.10879712,1544.9610924720764,26.07073712348938,1128.2689652442932,213
1376,12,18,0.16241246,1546.0742774009705,26.07291007041931,1129.0887269973755,213
1377,12,18,0.040363938,1547.2012403011322,26.075189113616943,1129.9228479862213,213
1378,12,18,0.065512076,1548.319603919983,26.092576026916504,1130.7422311306,213
1379,12,18,0.021957036,1549.4566266536713,26.094666004180908,1131.582034111023,213
1380,12,18,0.07069531,1550.5668516159058,26.096709966659546,1132.4112703800201,213
1381,12,18,0.021273198,1551.6801073551178,26.100732803344727,1133.2409653663635,213
1382,12,18,0.065473296,1552.8077983856201,26.102864742279053,1134.0678553581238,213
1383,12,18,0.012318278,1553.9220261573792,26.104899883270264,1134.8908903598785,213
1384,12,18,0.011969409,1555.0482487678528,26.125568866729736,1135.709430217743,213
1385,12,18,0.0994228,1556.172997713089,26.127482891082764,1136.528295993805,213
1386,12,18,0.012991672,1557.2932443618774,26.129613876342773,1137.3512949943542,213
1387,12,18,0.12782985,1558.4103848934174,26.14890170097351,1138.1711239814758,213
1388,12,18,0.011957459,1559.531686782837,26.16558575630188,1138.9883170127869,213
1389,12,18,0.039717488,1560.6446969509125,26.172738790512085,1139.8098211288452,213
1390,12,18,0.0013729783,1561.7628273963928,26.1906156539917,1140.628632068634,213
1391,12,18,0.010333555,1562.8700506687164,26.192527532577515,1141.4478511810303,213
1392,12,18,0.099797636,1563.9941718578339,26.194726705551147,1142.2736711502075,213
1393,12,18,0.02432085,1565.1129567623138,26.21287775039673,1143.0950560569763,213
1394,12,18,0.031605903,1566.224868774414,26.222648859024048,1143.913605928421,213
1395,12,18,0.13581298,1567.3422615528107,26.224954843521118,1144.742975950241,213
1396,12,18,0.18734984,1568.4627735614777,26.255372762680054,1145.5575551986694,213
1397,12,18,0.006804442,1569.5819861888885,26.25728678703308,1146.3853800296783,213
1398,12,18,0.03035853,1570.7168159484863,26.298255681991577,1147.2096209526062,213
1399,12,18,0.040392984,1571.8254535198212,26.30580163002014,1148.0299911499023,213
1400,12,18,0.13296373,1572.9621767997742,26.33152675628662,1148.855051279068,213
1401,12,18,0.110305324,1574.0786900520325,26.3334858417511,1149.6753952503204,213
1402,12,19,0.029633619,1575.5898232460022,26.73118782043457,1150.4936413764954,213
1403,12,19,0.0148005,1576.7076342105865,26.751129865646362,1151.3092477321625,213
1404,12,19,0.0018486963,1577.8173968791962,26.753195762634277,1152.1374280452728,213
1405,12,19,0.021634638,1578.938996553421,26.755095720291138,1152.9598999023438,213
1406,13,19,0.14164674,1579.9638130664825,26.757442712783813,1153.7780978679657,213
1407,13,19,0.04145684,1581.08633351326,26.797146558761597,1154.594655752182,213
1408,13,19,0.1772243,1582.2018439769745,26.79915165901184,1155.4129467010498,213
1409,13,19,0.0024417166,1583.3083426952362,26.80127477645874,1156.2364826202393,213
1410,13,19,0.018103534,1584.427875995636,26.814969778060913,1157.056649684906,213
1411,13,19,0.048105158,1585.5497908592224,26.823344707489014,1157.8751437664032,213
1412,13,19,0.01418823,1586.6624739170074,26.83750581741333,1158.6968867778778,213
1413,13,19,0.028507637,1587.7887969017029,26.854100704193115,1159.5110068321228,213
1414,13,19,0.023161842,1588.9032425880432,26.867044687271118,1160.3373627662659,213
1415,13,19,0.0023787993,1590.0205585956573,26.893600702285767,1161.1521859169006,213
1416,13,19,0.0053200396,1591.1393265724182,26.92750358581543,1161.9678359031677,213
1417,13,19,0.036278397,1592.2591149806976,26.929473638534546,1162.7941448688507,213
1418,13,19,0.02156042,1593.3742368221283,26.949957609176636,1163.6158900260925,213
1419,13,19,0.0043321843,1594.4881246089935,26.985480546951294,1164.4297139644623,213
1420,13,19,0.026522137,1595.5923480987549,26.988245487213135,1165.2578270435333,213
1421,13,19,0.009363813,1596.7023372650146,26.996267557144165,1166.0778300762177,213
1422,13,19,0.009870848,1597.8154561519623,27.007617473602295,1166.8982830047607,213
1423,13,19,0.010914047,1598.9509088993073,27.04853653907776,1167.7152690887451,213
1424,13,19,0.03686426,1600.0609376430511,27.05754256248474,1168.5320069789886,213
1425,13,19,0.027307887,1601.1789245605469,27.077712535858154,1169.3489990234375,213
1426,13,19,0.0019463907,1602.3105742931366,27.089742422103882,1170.1745059490204,213
1427,13,19,0.016762458,1603.4310245513916,27.104681491851807,1171.0016751289368,213
1428,13,19,0.059175905,1604.5584824085236,27.13944149017334,1171.826818227768,213
1429,13,19,0.005757139,1605.666684627533,27.15984845161438,1172.6416263580322,213
1430,13,19,0.054221775,1606.7785201072693,27.171589612960815,1173.4630575180054,213
1431,13,19,0.002601178,1607.8971903324127,27.17898178100586,1174.281768321991,213
1432,13,19,0.07486001,1609.0146868228912,27.180997610092163,1175.1126291751862,213
1433,13,19,0.03711487,1610.1305253505707,27.18495774269104,1175.9293010234833,213
1434,13,19,0.0064198137,1611.2475819587708,27.187034606933594,1176.7504160404205,213
1435,13,19,0.00088465144,1612.3650069236755,27.18894362449646,1177.5654220581055,213
1436,13,19,0.03936492,1613.5561907291412,27.28561568260193,1178.388571023941,213
1437,13,19,0.0045933546,1614.6825335025787,27.287779808044434,1179.2158589363098,213
1438,13,19,0.0037611586,1615.8353970050812,27.32423686981201,1180.0328719615936,213
1439,13,19,0.0011854328,1616.9675810337067,27.33781099319458,1180.8478360176086,213
1440,13,19,0.063602634,1618.0804178714752,27.348262071609497,1181.6716151237488,213
1441,13,19,0.045344405,1619.2004759311676,27.367733240127563,1182.4894444942474,213
1442,13,19,0.002537062,1620.3073151111603,27.36968421936035,1183.3153924942017,213
1443,13,19,0.012189815,1621.4240016937256,27.394312143325806,1184.1419696807861,213
1444,13,19,0.00209718,1622.5405220985413,27.405092239379883,1184.9629437923431,213
1445,13,19,0.0032450722,1623.6590094566345,27.40709924697876,1185.7762956619263,213
1446,13,19,0.0016582417,1624.775874376297,27.417112350463867,1186.5924806594849,213
1447,13,19,0.019564565,1625.8838403224945,27.430010318756104,1187.4108254909515,213
1448,13,19,0.2028758,1627.0057821273804,27.478597402572632,1188.2278943061829,213
1449,13,19,0.16702528,1628.1161680221558,27.49823546409607,1189.0483090877533,213
1450,13,19,0.022241883,1629.2263822555542,27.51749563217163,1189.872482061386,213
1451,13,19,0.07208235,1630.3485188484192,27.519816637039185,1190.6943559646606,213
1452,13,19,0.01093389,1631.4569926261902,27.52259373664856,1191.5188479423523,213
1453,13,19,0.056851108,1632.573784828186,27.524619579315186,1192.3376109600067,213
1454,13,19,0.022030773,1633.6995165348053,27.526469707489014,1193.1644139289856,213
1455,13,19,0.009739691,1634.8280055522919,27.528600931167603,1193.9885098934174,213
1456,13,19,0.031430546,1635.9468450546265,27.530645847320557,1194.8171150684357,213
1457,13,19,0.004936176,1637.0554468631744,27.53472876548767,1195.640149116516,213
1458,13,19,0.054453038,1638.1738142967224,27.536803722381592,1196.4609870910645,213
1459,13,19,0.15259415,1639.275796175003,27.543054819107056,1197.2793970108032,213
1460,13,19,0.077579096,1640.38902592659,27.54498267173767,1198.1047208309174,213
1461,13,19,0.16803116,1641.5075800418854,27.546960592269897,1198.935139656067,213
1462,13,19,0.009349335,1642.6316967010498,27.588777542114258,1199.7536778450012,213
1463,13,19,0.00842376,1643.7506353855133,27.605281591415405,1200.572509765625,213
1464,13,19,0.015140612,1644.8696465492249,27.60715961456299,1201.40620470047,213
1465,13,19,0.044295985,1645.997183561325,27.60945773124695,1202.2310218811035,213
1466,13,19,0.051427424,1647.128442287445,27.650153636932373,1203.0443606376648,213
1467,13,19,0.009151123,1648.2560288906097,27.665047645568848,1203.8696806430817,213
1468,13,19,0.12384156,1649.3683326244354,27.680099725723267,1204.6931025981903,213
1469,13,19,0.008018333,1650.4905498027802,27.682084798812866,1205.5130245685577,213
1470,13,19,0.09632464,1651.604795217514,27.702194690704346,1206.3313555717468,213
1471,13,19,0.047997765,1652.714293718338,27.705525636672974,1207.1479985713959,213
1472,13,19,0.033390813,1653.8331606388092,27.71908450126648,1207.9663927555084,213
1473,13,19,0.012525443,1654.947907924652,27.724685430526733,1208.7888758182526,213
1474,13,19,0.052221537,1656.0572278499603,27.73880362510681,1209.6120119094849,213
1475,13,19,0.035507806,1657.1847326755524,27.76713252067566,1210.4297187328339,213
1476,13,19,0.16525862,1658.3230514526367,27.794567584991455,1211.254579782486,213
1477,13,19,0.0077536316,1659.4466698169708,27.82084846496582,1212.0684030056,213
1478,13,19,0.013038794,1660.5844695568085,27.840822458267212,1212.89737200737,213
1479,13,19,0.072809756,1661.7131361961365,27.869402408599854,1213.7177259922028,213
1480,13,19,0.0013526812,1662.8274154663086,27.871379375457764,1214.5404291152954,213
1481,13,19,0.005756193,1663.9337067604065,27.881958484649658,1215.3587501049042,213
1482,13,19,0.0064349044,1665.0541639328003,27.895909547805786,1216.1822502613068,213
1483,13,19,0.040098056,1666.1825268268585,27.89811658859253,1217.0058779716492,213
1484,13,19,0.21605198,1667.3415563106537,27.944815397262573,1217.8201308250427,213
1485,13,19,0.0016109383,1668.4515271186829,27.94947838783264,1218.6457216739655,213
1486,13,19,0.07202581,1669.5772523880005,27.97501254081726,1219.4640645980835,213
1487,13,19,0.12557457,1670.6808171272278,27.977733373641968,1220.2807564735413,213
1488,13,19,0.05589997,1671.7878687381744,27.97993040084839,1221.0943205356598,213
1489,13,19,0.11113249,1672.9073944091797,27.99535346031189,1221.9172236919403,213
1490,13,19,0.02775205,1674.0391218662262,28.013216495513916,1222.7430186271667,213
1491,13,19,0.025677409,1675.1477081775665,28.01588535308838,1223.5684885978699,213
1492,13,19,0.01536165,1676.2577970027924,28.01786231994629,1224.3889195919037,213
1493,13,19,0.02854352,1677.387794971466,28.029006481170654,1225.2105984687805,213
1494,13,19,0.033942144,1678.5134208202362,28.05893850326538,1226.0260813236237,213
1495,13,19,0.030413361,1679.6377787590027,28.06591248512268,1226.8405203819275,213
1496,13,19,0.08486087,1680.7578163146973,28.075445413589478,1227.663137435913,213
1497,13,19,0.11672065,1681.872049331665,28.093536376953125,1228.478098154068,213
1498,13,20,0.12993738,1683.3825109004974,28.49217438697815,1229.2955222129822,213
1499,13,20,0.0026768004,1684.5010960102081,28.493980407714844,1230.1255052089691,213
1500,13,20,0.0021620526,1685.6373012065887,28.4957275390625,1230.9514400959015,213
1501,13,20,0.048899233,1686.7519891262054,28.52666664123535,1231.7625970840454,213
1502,13,20,0.025338337,1687.8715193271637,28.553444623947144,1232.5798180103302,213
1503,13,20,0.045449667,1688.9891107082367,28.55686378479004,1233.399020910263,213
1504,13,20,0.08403778,1690.1074812412262,28.565823793411255,1234.2214171886444,213
1505,13,20,0.121782124,1691.224113225937,28.587129831314087,1235.0397644042969,213
1506,13,20,0.046762083,1692.3440799713135,28.594985961914062,1235.8693323135376,213
1507,13,20,0.017283065,1693.4497940540314,28.59675407409668,1236.6849143505096,213
1508,13,20,0.09832503,1694.5688605308533,28.598567008972168,1237.5090413093567,213
1509,13,20,0.03242322,1695.6817944049835,28.608105897903442,1238.3266654014587,213
1510,13,20,0.0069486955,1696.8002092838287,28.609935760498047,1239.145916223526,213
1511,13,20,0.12398943,1697.923868894577,28.62669086456299,1239.9664192199707,213
1512,13,20,0.06871615,1699.045316696167,28.645181894302368,1240.7890973091125,213
1513,13,20,0.033445746,1700.1654052734375,28.66191077232361,1241.6047744750977,213
1514,13,20,0.04751331,1701.2727046012878,28.675569772720337,1242.4226155281067,213
1515,13,20,0.018391032,1702.3877732753754,28.677640676498413,1243.238258600235,213
1516,13,20,0.01576128,1703.4920842647552,28.69253373146057,1244.0596857070923,213
1517,13,20,0.093489245,1704.6104102134705,28.70297861099243,1244.8824887275696,213
1518,13,20,0.06137321,1705.7445194721222,28.73978281021118,1245.699078798294,213
1519,13,20,0.0017189053,1706.8563895225525,28.74598789215088,1246.516296863556,213
1520,13,20,0.012417914,1707.9807238578796,28.757335901260376,1247.3416068553925,213
1521,13,20,0.057003386,1709.1044962406158,28.768192052841187,1248.173979997635,213
1522,13,20,0.27813837,1710.210871219635,28.77004313468933,1248.992949962616,213
1523,13,20,0.03668589,1711.320151090622,28.787710189819336,1249.807889699936,213
1524,14,20,0.0021555282,1712.338829278946,28.790364027023315,1250.62291097641,213
1525,14,20,0.060987473,1713.4647753238678,28.819331884384155,1251.4415249824524,213
1526,14,20,0.08611197,1714.593222618103,28.840288877487183,1252.2599289417267,213
1527,14,20,0.023097994,1715.704515695572,28.859050750732422,1253.0789458751678,213
1528,14,20,0.03348093,1716.8131370544434,28.87885284423828,1253.8987908363342,213
1529,14,20,0.20089301,1717.932210445404,28.908682823181152,1254.712017774582,213
1530,14,20,0.06644383,1719.0555732250214,28.915000915527344,1255.5276556015015,213
1531,14,20,0.07482718,1720.1792011260986,28.919188737869263,1256.342074394226,213
1532,14,20,0.006952032,1721.2904765605927,28.94002079963684,1257.155225276947,213
1533,14,20,0.027846301,1722.406826019287,28.945661783218384,1257.9804611206055,213
1534,14,20,0.12898967,1723.5168800354004,28.95678973197937,1258.7925701141357,213
1535,14,20,0.02848247,1724.6412253379822,28.958675622940063,1259.6199612617493,213
1536,14,20,0.22168438,1725.7614982128143,28.9761745929718,1260.4351353645325,213
1537,14,20,0.013714379,1726.8767528533936,28.99985980987549,1261.2587366104126,213
1538,14,20,0.015524132,1728.0065495967865,29.002001762390137,1262.084817647934,213
1539,14,20,0.005692092,1729.1258990764618,29.00406789779663,1262.9018776416779,213
1540,14,20,0.0048760786,1730.2475254535675,29.036285877227783,1263.717603445053,213
1541,14,20,0.014266039,1731.3609766960144,29.03886389732361,1264.539526462555,213
1542,14,20,0.061812498,1732.4715821743011,29.049762964248657,1265.3587214946747,213
1543,14,20,0.033820193,1733.5865726470947,29.055556058883667,1266.178409576416,213
1544,14,20,0.0043584057,1734.705228805542,29.060811042785645,1267.0051176548004,213
1545,14,20,0.0022975553,1735.829139471054,29.086106061935425,1267.8153767585754,213
1546,14,20,0.08881404,1736.9499025344849,29.12123703956604,1268.6330306529999,213
1547,14,20,0.019700948,1738.0678553581238,29.123313903808594,1269.453620672226,213
1548,14,20,0.014621998,1739.191385269165,29.149790048599243,1270.2674417495728,213
1549,14,20,0.12793092,1740.3033645153046,29.17447805404663,1271.0890645980835,213
1550,14,20,0.064692855,1741.424209356308,29.181509017944336,1271.9087927341461,213
1551,14,20,0.032346502,1742.553168296814,29.210174083709717,1272.73366355896,213
1552,14,20,0.19017228,1743.6667597293854,29.212421894073486,1273.5587096214294,213
1553,14,20,0.009509904,1744.7883009910583,29.223514795303345,1274.372436761856,213
1554,14,20,0.010499779,1745.9067361354828,29.22580075263977,1275.1963317394257,213
1555,14,20,0.015256959,1747.017366886139,29.236299753189087,1276.0221898555756,213
1556,14,20,0.016657745,1748.1319193840027,29.252538681030273,1276.844186782837,213
1557,14,20,0.007758272,1749.2419061660767,29.254653692245483,1277.6628296375275,213
1558,14,20,0.07322734,1750.360354423523,29.275816679000854,1278.4819593429565,213
1559,14,20,0.027584186,1751.4695703983307,29.2899227142334,1279.3067405223846,213
1560,14,20,0.07335575,1752.586027622223,29.30241370201111,1280.1282002925873,213
1561,14,20,0.024612598,1753.7146022319794,29.3398756980896,1280.9467203617096,213
1562,14,20,0.019516548,1754.831503868103,29.353090524673462,1281.7690641880035,213
1563,14,20,0.0794024,1755.9635422229767,29.367088556289673,1282.595004081726,213
1564,14,20,0.004451729,1757.0852341651917,29.384706735610962,1283.421130180359,213
1565,14,20,0.065902375,1758.195830821991,29.386632680892944,1284.2451241016388,213
1566,14,20,0.06787126,1759.3213348388672,29.416496515274048,1285.0681278705597,213
1567,14,20,0.006250825,1760.4385282993317,29.428110599517822,1285.884771823883,213
1568,14,20,0.014923918,1761.5530533790588,29.43426752090454,1286.7003591060638,213
1569,14,20,0.039534494,1762.6605014801025,29.436328411102295,1287.5161249637604,213
1570,14,20,0.0023442404,1763.7939867973328,29.445683479309082,1288.3428571224213,213
1571,14,20,0.067883804,1764.9148633480072,29.460360527038574,1289.1689722537994,213
1572,14,20,0.3481855,1766.0340294837952,29.462753534317017,1289.98646235466,213
1573,14,20,0.11110667,1767.1781086921692,29.515174627304077,1290.8045494556427,213
1574,14,20,0.05609108,1768.2924270629883,29.51733160018921,1291.625872373581,213
1575,14,20,0.030221643,1769.4161591529846,29.535539627075195,1292.4433863162994,213
1576,14,20,0.051907644,1770.529547214508,29.554752588272095,1293.2600202560425,213
1577,14,20,0.051442243,1771.642744064331,29.571143627166748,1294.07839345932,213
1578,14,20,0.057271227,1772.7611937522888,29.572909593582153,1294.9067256450653,213
1579,14,20,0.18466528,1773.8769762516022,29.582502603530884,1295.728886604309,213
1580,14,20,0.028518615,1774.9946331977844,29.589367628097534,1296.5574083328247,213
1581,14,21,0.052906413,1776.5285527706146,29.996476650238037,1297.3791484832764,213
1582,14,21,0.0069435844,1777.649441242218,29.998594760894775,1298.2091546058655,213
1583,14,21,0.005410844,1778.770605802536,30.012914657592773,1299.0346586704254,213
1584,14,21,0.026710423,1779.887532234192,30.01500964164734,1299.8609285354614,213
1585,14,21,0.0023706271,1780.9960253238678,30.0172176361084,1300.6817665100098,213
1586,14,21,0.0061493744,1782.1120920181274,30.02927851676941,1301.5068423748016,213
1587,14,21,0.0039366335,1783.2414758205414,30.031304597854614,1302.332590341568,213
1588,14,21,0.014395452,1784.3613312244415,30.03396964073181,1303.1588342189789,213
1589,14,21,0.009279035,1785.4739482402802,30.05254054069519,1303.971711397171,213
1590,14,21,0.0006639981,1786.5819404125214,30.060672521591187,1304.7923486232758,213
1591,14,21,0.00044676044,1787.703209400177,30.062622547149658,1305.6160306930542,213
1592,14,21,0.0040913015,1788.8338685035706,30.10227942466736,1306.4348113536835,213
1593,14,21,0.16763458,1789.9591813087463,30.10656237602234,1307.265296459198,213
1594,14,21,0.013291339,1791.0650520324707,30.10859441757202,1308.0818073749542,213
1595,14,21,0.007143453,1792.1794891357422,30.12570548057556,1308.9055635929108,213
1596,14,21,0.00029145414,1793.2828414440155,30.137670516967773,1309.7242877483368,213
1597,14,21,0.010084727,1794.402271270752,30.14510750770569,1310.5475976467133,213
1598,14,21,0.0026882302,1795.5254437923431,30.147449493408203,1311.3691947460175,213
1599,14,21,0.06432617,1796.6520442962646,30.1661593914032,1312.1819715499878,213
1600,14,21,0.003527772,1797.753954410553,30.168190479278564,1313.0010986328125,213
1601,14,21,0.03114669,1798.8636560440063,30.177138328552246,1313.8169248104095,213
1602,14,21,0.0013580773,1799.9700148105621,30.199320554733276,1314.63582777977,213
1603,14,21,0.01768368,1801.0875272750854,30.243516445159912,1315.4548997879028,213
1604,14,21,0.000115986746,1802.2091245651245,30.251976490020752,1316.2713708877563,213
1605,14,21,0.00038408383,1803.3248970508575,30.254024267196655,1317.0889780521393,213
1606,14,21,0.014265556,1804.4411404132843,30.256163120269775,1317.9067113399506,213
1607,14,21,0.025865106,1805.5544095039368,30.258037090301514,1318.7224054336548,213
1608,14,21,1.6022665e-05,1806.678203344345,30.27209711074829,1319.536476135254,213
1609,14,21,0.004649531,1807.7975523471832,30.279280185699463,1320.3612763881683,213
1610,14,21,0.0052887504,1808.9185628890991,30.31284213066101,1321.1743392944336,213
1611,14,21,0.0034464926,1810.0288825035095,30.332651138305664,1321.9904491901398,213
1612,14,21,0.01482722,1811.1474390029907,30.34634518623352,1322.816293001175,213
1613,14,21,0.004143345,1812.2812745571136,30.366940021514893,1323.6352860927582,213
1614,14,21,0.032817245,1813.405564546585,30.392165899276733,1324.4527649879456,213
1615,14,21,0.004675969,1814.526662349701,30.394322872161865,1325.2779908180237,213
1616,14,21,0.32765096,1815.645777463913,30.40119981765747,1326.0991644859314,213
1617,14,21,0.09749141,1816.7650971412659,30.409196853637695,1326.913346529007,213
1618,14,21,0.0059844735,1817.875422000885,30.418895959854126,1327.7352595329285,213
1619,14,21,0.011262879,1818.9960100650787,30.444753885269165,1328.5549204349518,213
1620,14,21,0.16287535,1820.1181154251099,30.456444025039673,1329.3765466213226,213
1621,14,21,0.00072983897,1821.2333669662476,30.472187995910645,1330.201018333435,213
1622,14,21,0.005596959,1822.3321459293365,30.4738872051239,1331.022348165512,213
1623,14,21,0.049088787,1823.4547464847565,30.475867986679077,1331.8408432006836,213
1624,14,21,0.08208703,1824.5848231315613,30.4912109375,1332.6647202968597,213
1625,14,21,0.007396983,1825.7012586593628,30.50572180747986,1333.4901251792908,213
1626,14,21,0.07572518,1826.8266100883484,30.528462886810303,1334.3049492835999,213
1627,14,21,0.025685946,1827.9481456279755,30.53082776069641,1335.1226902008057,213
1628,14,21,0.024426972,1829.0554785728455,30.545190811157227,1335.9490852355957,213
1629,14,21,0.0033334375,1830.1670861244202,30.558753728866577,1336.7689142227173,213
1630,14,21,0.078837015,1831.2711119651794,30.56619668006897,1337.596182346344,213
1631,14,21,0.036138114,1832.3848531246185,30.568431615829468,1338.4200143814087,213
1632,14,21,0.063923635,1833.5036299228668,30.57385754585266,1339.2477781772614,213
1633,14,21,0.039620593,1834.620888710022,30.575904607772827,1340.0794532299042,213
1634,14,21,0.010840751,1835.7226264476776,30.57813858985901,1340.8950412273407,213
1635,14,21,0.018440943,1836.8359048366547,30.591208696365356,1341.7190074920654,213
1636,14,21,0.012659742,1837.9578294754028,30.59331178665161,1342.54851436615,213
1637,14,21,0.14012876,1839.0846455097198,30.60410475730896,1343.3704051971436,213
1638,14,21,0.005824543,1840.1977314949036,30.606099843978882,1344.1896212100983,213
1639,14,21,0.049174234,1841.3124260902405,30.614240884780884,1345.0137810707092,213
1640,14,21,0.027259547,1842.4291169643402,30.61888098716736,1345.841238975525,213
1641,15,21,0.053252883,1843.456904411316,30.62105894088745,1346.6623599529266,213
1642,15,21,0.050228257,1844.5711059570312,30.635646104812622,1347.484482049942,213
1643,15,21,0.0014999423,1845.6977729797363,30.654075145721436,1348.3029148578644,213
1644,15,21,0.050739836,1846.8164308071136,30.67014217376709,1349.125403881073,213
1645,15,21,0.08916436,1847.9255781173706,30.67844319343567,1349.9491817951202,213
1646,15,21,0.012646809,1849.0358731746674,30.683301210403442,1350.766385793686,213
1647,15,21,0.00017073231,1850.1533346176147,30.69287610054016,1351.5833959579468,213
1648,15,21,0.11128986,1851.274700164795,30.703127145767212,1352.4025888442993,213
1649,15,21,0.009696503,1852.3965556621552,30.705438137054443,1353.218862771988,213
1650,15,21,0.055117913,1853.5264501571655,30.70742416381836,1354.0480155944824,213
1651,15,21,0.0065761874,1854.6376810073853,30.718870162963867,1354.8639488220215,213
1652,15,21,0.18791041,1855.7601799964905,30.747549295425415,1355.6781759262085,213
1653,15,21,0.047184005,1856.8949754238129,30.74989342689514,1356.5058438777924,213
1654,15,21,0.17595233,1858.010823726654,30.773340463638306,1357.324964761734,213
1655,15,21,0.027239121,1859.1211457252502,30.785179376602173,1358.150803565979,213
1656,15,21,0.01581995,1860.240835905075,30.80854821205139,1358.9707343578339,213
1657,15,21,0.006214157,1861.3543338775635,30.81755232810974,1359.790093421936,213
1658,15,21,0.05183503,1862.4714260101318,30.819627285003662,1360.6155064105988,213
1659,15,21,0.03249038,1863.5801410675049,30.82420539855957,1361.4318084716797,213
1660,15,21,0.02272564,1864.7023432254791,30.82926845550537,1362.2505226135254,213
1661,15,21,0.05255022,1865.8144094944,30.83527445793152,1363.0746059417725,213
1662,15,21,0.020409787,1866.9283428192139,30.83813738822937,1363.9004521369934,213
1663,15,21,0.08140024,1868.0474843978882,30.84848141670227,1364.7294924259186,213
1664,15,21,0.013776982,1869.1677565574646,30.87168860435486,1365.5556921958923,213
1665,15,21,0.04796745,1870.2782697677612,30.873575687408447,1366.385579109192,213
1666,15,21,0.08061582,1871.4006216526031,30.884838819503784,1367.205250263214,213
1667,15,21,0.04107415,1872.5211551189423,30.88708782196045,1368.0337271690369,213
1668,15,21,0.00523464,1873.6341214179993,30.90650701522827,1368.846871137619,213
1669,15,22,0.004784722,1875.141257762909,31.30043625831604,1369.6728301048279,213
1670,15,22,0.020394355,1876.2402868270874,31.302257299423218,1370.4877462387085,213
1671,15,22,0.0020505802,1877.3701193332672,31.3042573928833,1371.3115983009338,213
1672,15,22,0.00022745099,1878.4844455718994,31.306326389312744,1372.1296682357788,213
1673,15,22,0.008895554,1879.6076147556305,31.330347537994385,1372.9522395133972,213
1674,15,22,0.052643664,1880.7370250225067,31.35566759109497,1373.7807137966156,213
1675,15,22,0.004502871,1881.857372045517,31.360628604888916,1374.6077644824982,213
1676,15,22,0.0054088766,1882.965529680252,31.37095046043396,1375.4272856712341,213
1677,15,22,0.0027519283,1884.0826342105865,31.406432390213013,1376.2422697544098,213
1678,15,22,0.019379174,1885.1963703632355,31.40843439102173,1377.058257818222,213
1679,15,22,0.0024930625,1886.3097958564758,31.424387454986572,1377.8756005764008,213
1680,15,22,0.021587806,1887.4183492660522,31.453534364700317,1378.6901395320892,213
1681,15,22,0.104468055,1888.5433778762817,31.463467359542847,1379.5147664546967,213
1682,15,22,0.0063024964,1889.6664741039276,31.483782291412354,1380.3373243808746,213
1683,15,22,0.0032031345,1890.7756567001343,31.495301485061646,1381.159466266632,213
1684,15,22,0.039684273,1891.888255596161,31.497316360473633,1381.973916053772,213
1685,15,22,0.11498969,1893.0040061473846,31.5228533744812,1382.7946178913116,213
1686,15,22,0.10382271,1894.1180543899536,31.524898290634155,1383.6231727600098,213
1687,15,22,0.003459218,1895.2292518615723,31.528555154800415,1384.4470818042755,213
1688,15,22,0.01055602,1896.3466310501099,31.536039113998413,1385.2747457027435,213
1689,15,22,0.001202989,1897.4614789485931,31.545977115631104,1386.092301607132,213
1690,15,22,0.0010946053,1898.5849318504333,31.567434072494507,1386.9124693870544,213
1691,15,22,0.098213114,1899.7005512714386,31.592259883880615,1387.730937242508,213
1692,15,22,0.0038415792,1900.8118164539337,31.605923891067505,1388.5479950904846,213
1693,15,22,0.037609663,1901.9319941997528,31.633421897888184,1389.3664672374725,213
1694,15,22,0.0055856607,1903.049661397934,31.635451078414917,1390.1897683143616,213
1695,15,22,0.0039608385,1904.1710937023163,31.637457132339478,1391.0093882083893,213
1696,15,22,0.01675494,1905.290753364563,31.67274022102356,1391.8283343315125,213
1697,15,22,0.0071987063,1906.3983623981476,31.674618244171143,1392.653430223465,213
1698,15,22,0.100583136,1907.518126964569,31.699217081069946,1393.4749820232391,213
1699,15,22,0.0547802,1908.6533217430115,31.7121000289917,1394.2899119853973,213
1700,15,22,0.033574793,1909.7715482711792,31.725595951080322,1395.1060450077057,213
1701,15,22,0.011259852,1910.958796262741,31.80637001991272,1395.9284210205078,213
1702,15,22,0.025748152,1912.0848348140717,31.8086359500885,1396.7430551052094,213
1703,15,22,0.009079983,1913.1995558738708,31.810657024383545,1397.5684950351715,213
1704,15,22,0.01645001,1914.3156440258026,31.812757968902588,1398.3941550254822,213
1705,15,22,0.09590208,1915.441572189331,31.82604694366455,1399.2185442447662,213
1706,15,22,0.014948457,1916.552744626999,31.82851791381836,1400.0514743328094,213
1707,15,22,0.0033033432,1917.6782910823822,31.85079598426819,1400.8720164299011,213
1708,15,22,0.02816585,1918.8018925189972,31.852813959121704,1401.6880004405975,213
1709,15,22,0.04016307,1919.9236273765564,31.881885051727295,1402.5129206180573,213
1710,15,22,0.07511474,1921.0448863506317,31.901687145233154,1403.3247606754303,213
1711,15,22,0.039452497,1922.1577570438385,31.91776418685913,1404.1439046859741,213
1712,15,22,0.025849918,1923.2808287143707,31.92006015777588,1404.9692106246948,213
1713,15,22,0.0056907893,1924.3924915790558,31.945885181427002,1405.7884957790375,213
1714,15,22,0.0771746,1925.495142698288,31.94782304763794,1406.6083748340607,213
1715,15,22,0.013699144,1926.6195185184479,31.949676036834717,1407.4362046718597,213
1716,15,22,0.005828719,1927.7355041503906,31.95466899871826,1408.2598848342896,213
1717,15,22,0.05409466,1928.8514218330383,31.97632884979248,1409.0745236873627,213
1718,15,22,0.068503715,1929.9619727134705,31.98092484474182,1409.8875546455383,213
1719,15,22,0.01841098,1931.0780155658722,31.998421669006348,1410.7053906917572,213
1720,15,22,0.023187963,1932.1893253326416,32.00243258476257,1411.531257867813,213
1721,15,22,0.14863455,1933.3034751415253,32.004403591156006,1412.3596007823944,213
1722,15,22,0.079134434,1934.4188187122345,32.0065336227417,1413.184589624405,213
1723,15,22,0.017097736,1935.547747850418,32.04879570007324,1414.0018286705017,213
1724,15,22,0.06117163,1936.657016992569,32.052077531814575,1414.8281927108765,213
1725,15,22,0.052920386,1937.7620270252228,32.06467032432556,1415.6508958339691,213
1726,15,22,0.0018935299,1938.8791530132294,32.06639647483826,1416.4765586853027,213
1727,15,22,0.018089408,1939.9853675365448,32.07362961769104,1417.2967567443848,213
1728,15,22,0.009759052,1941.0919404029846,32.084455728530884,1418.117523908615,213
1729,15,22,0.037641816,1942.2104105949402,32.09225869178772,1418.9445967674255,213
1730,15,22,0.057186924,1943.324756860733,32.09430766105652,1419.7656335830688,213
1731,15,22,0.010622274,1944.4452919960022,32.10805869102478,1420.5870954990387,213
1732,15,22,0.09792581,1945.5623216629028,32.13482356071472,1421.4126045703888,213
1733,15,22,0.083245404,1946.69917678833,32.13684153556824,1422.247107744217,213
1734,15,22,0.0015891301,1947.8275909423828,32.17630457878113,1423.0650079250336,213
1735,15,22,0.0022158523,1948.935295343399,32.19182252883911,1423.883333683014,213
1736,15,22,0.11888641,1950.0502245426178,32.196123361587524,1424.7012736797333,213
1737,15,22,0.006895544,1951.1685981750488,32.200987577438354,1425.524338722229,213
1738,15,22,0.0014299471,1952.287320137024,32.22531247138977,1426.348112821579,213
1739,15,22,0.0075006327,1953.40402841568,32.24058127403259,1427.1735236644745,213
1740,15,22,0.004354339,1954.5235633850098,32.26893424987793,1427.991773366928,213
1741,15,22,0.25677752,1955.6541714668274,32.29193925857544,1428.8144884109497,213
1742,15,22,0.010751599,1956.7826998233795,32.32252216339111,1429.6313872337341,213
1743,15,22,0.0057642283,1957.8993062973022,32.3243203163147,1430.4571514129639,213
1744,15,22,0.12913239,1959.0159499645233,32.35630536079407,1431.2771985530853,213
1745,15,22,0.12909609,1960.1376864910126,32.38712930679321,1432.0974745750427,213
1746,15,22,0.07527764,1961.2521669864655,32.40141534805298,1432.9183385372162,213
1747,15,22,0.019286808,1962.3659663200378,32.41550827026367,1433.7345886230469,213
1748,15,22,0.01986127,1963.4740815162659,32.417821168899536,1434.5558943748474,213
1749,15,22,0.014552713,1964.5841007232666,32.42356729507446,1435.373408317566,213
1750,15,22,0.06263733,1965.6999151706696,32.42582821846008,1436.2050230503082,213
1751,15,22,0.05712572,1966.812472820282,32.43986439704895,1437.0250971317291,213
1752,15,22,0.007599325,1967.923630952835,32.441824436187744,1437.844964981079,213
1753,15,22,0.011987827,1969.037013053894,32.44949436187744,1438.6682000160217,213
1754,15,22,0.056007523,1970.1539034843445,32.45184540748596,1439.490561246872,213
1755,15,22,0.008854134,1971.2815897464752,32.47542762756348,1440.3066010475159,213
1756,15,22,0.021452282,1972.4034705162048,32.477698802948,1441.1308131217957,213
1757,15,23,0.08134587,1973.9115924835205,32.874427795410156,1441.9508571624756,213
1758,16,23,0.0040844036,1974.9355459213257,32.876715898513794,1442.7635412216187,213
1759,16,23,0.002546481,1976.056812286377,32.89107704162598,1443.5821185112,213
1760,16,23,0.0017024196,1977.178952217102,32.91342496871948,1444.3973803520203,213
1761,16,23,0.04075657,1978.2825875282288,32.91923499107361,1445.2192871570587,213
1762,16,23,0.0006474756,1979.4196321964264,32.95340085029602,1446.0388691425323,213
1763,16,23,0.00072105357,1980.546207666397,32.98957586288452,1446.859544992447,213
1764,16,23,0.03909844,1981.6610169410706,32.99965190887451,1447.6772861480713,213
1765,16,23,5.999887e-05,1982.7780454158783,33.023340940475464,1448.5027022361755,213
1766,16,23,0.0045374767,1983.8885805606842,33.0254008769989,1449.3157782554626,213
1767,16,23,0.0003287833,1985.0097868442535,33.027369022369385,1450.1354281902313,213
1768,16,23,0.20975211,1986.1238312721252,33.02932906150818,1450.9580392837524,213
1769,16,23,0.016185898,1987.2430324554443,33.059576988220215,1451.7795944213867,213
1770,16,23,0.060758516,1988.3507554531097,33.06679010391235,1452.608124256134,213
1771,16,23,0.15508583,1989.468175649643,33.07983708381653,1453.4265291690826,213
1772,16,23,0.0011873157,1990.6002588272095,33.1152241230011,1454.240226984024,213
1773,16,23,0.00076908356,1991.7100627422333,33.131190061569214,1455.065614938736,213
1774,16,23,0.054036546,1992.8185312747955,33.14108204841614,1455.8881368637085,213
1775,16,23,0.0069667143,1993.9273324012756,33.14370512962341,1456.7070589065552,213
1776,16,23,0.031738747,1995.050654888153,33.1457359790802,1457.5234949588776,213
1777,16,23,0.013844509,1996.1732268333435,33.154568910598755,1458.3529908657074,213
1778,16,23,0.039199777,1997.2950043678284,33.15843892097473,1459.1776249408722,213
1779,16,23,0.004469268,1998.4250938892365,33.162325859069824,1460.0026621818542,213
1780,16,23,0.07360532,1999.5434613227844,33.19561791419983,1460.8174450397491,213
1781,16,23,0.17988697,2000.6665341854095,33.217206954956055,1461.638747215271,213
1782,16,23,0.01596558,2001.775109052658,33.229535818099976,1462.4524292945862,213
1783,16,23,0.006585978,2002.899948835373,33.25816464424133,1463.2746005058289,213
1784,16,23,0.08454608,2004.0109102725983,33.26181173324585,1464.0992274284363,213
1785,16,23,0.029343253,2005.1416227817535,33.30044674873352,1464.9229562282562,213
1786,16,23,0.027854536,2006.256017446518,33.3107168674469,1465.7467722892761,213
1787,16,23,0.013909839,2007.3743114471436,33.31258583068848,1466.5734992027283,213
1788,16,23,0.067082964,2008.4920456409454,33.3372859954834,1467.396918296814,213
1789,16,23,0.0027468605,2009.6281125545502,33.370115995407104,1468.2221412658691,213
1790,16,23,0.022836898,2010.7515714168549,33.39154386520386,1469.045310497284,213
1791,16,23,0.1795426,2011.851799249649,33.400237798690796,1469.8600516319275,213
1792,16,23,0.13600871,2012.980560541153,33.419901847839355,1470.6816756725311,213
1793,16,23,0.01892463,2014.1076741218567,33.45161771774292,1471.4979047775269,213
1794,16,23,0.035888717,2015.224011182785,33.46044373512268,1472.3295369148254,213
1795,16,23,0.015794458,2016.3494009971619,33.48034071922302,1473.14901304245,213
1796,16,23,0.030572098,2017.4571096897125,33.491121768951416,1473.9736309051514,213
1797,16,23,0.02358608,2018.5720677375793,33.50571370124817,1474.7907071113586,213
1798,16,23,0.0095224995,2019.6883623600006,33.507553577423096,1475.619383096695,213
1799,16,23,0.0019134545,2020.8094522953033,33.53855037689209,1476.4351263046265,213
1800,16,23,0.00800794,2021.9349431991577,33.57253623008728,1477.2520983219147,213
1801,16,23,0.0054310616,2023.0466692447662,33.57531428337097,1478.0718541145325,213
1802,16,23,0.007322455,2024.154170036316,33.59789037704468,1478.8871531486511,213
1803,16,23,0.0049388916,2025.2649993896484,33.59999632835388,1479.7112572193146,213
1804,16,23,0.009545405,2026.379631280899,33.60891532897949,1480.5260572433472,213
1805,16,23,0.0027313223,2027.495713710785,33.62313723564148,1481.3456451892853,213
1806,16,23,0.0022050617,2028.6257219314575,33.63669729232788,1482.168668270111,213
1807,16,23,0.008628716,2029.7364857196808,33.64856219291687,1483.0005769729614,213
1808,16,23,0.109746076,2030.8516426086426,33.65685224533081,1483.8211650848389,213
1809,16,23,0.0059782555,2031.9689781665802,33.66896724700928,1484.6468260288239,213
1810,16,23,0.018285317,2033.0858943462372,33.6761531829834,1485.4738759994507,213
1811,16,23,0.14465652,2034.1984949111938,33.67817521095276,1486.2961452007294,213
1812,16,23,0.0017996014,2035.322551727295,33.69109630584717,1487.118756055832,213
1813,16,23,0.18087983,2036.4288861751556,33.71611738204956,1487.9340870380402,213
1814,16,23,0.0031841714,2037.5447571277618,33.74767827987671,1488.75261926651,213
1815,16,23,0.0010221667,2038.6675581932068,33.74991321563721,1489.578949213028,213
1816,16,23,0.0108421985,2039.783017873764,33.75351333618164,1490.4026844501495,213
1817,16,23,0.1828952,2040.8943219184875,33.77203941345215,1491.2270214557648,213
1818,16,23,0.3385406,2042.0056381225586,33.78767657279968,1492.0486934185028,213
1819,16,23,0.012275575,2043.122582912445,33.81710076332092,1492.865727186203,213
1820,16,23,0.054777402,2044.2511565685272,33.82879590988159,1493.689778327942,213
1821,16,23,0.02142037,2045.3706152439117,33.849498987197876,1494.5168824195862,213
1822,16,23,0.07296928,2046.4816896915436,33.85922908782959,1495.3346173763275,213
1823,16,23,0.10305239,2047.5923871994019,33.86128807067871,1496.1612522602081,213
1824,16,23,0.007097792,2048.713803052902,33.863163232803345,1496.9867103099823,213
1825,16,23,0.0063120034,2049.831557035446,33.87547516822815,1497.8052713871002,213
1826,16,23,0.02788684,2050.948155641556,33.885717153549194,1498.6285603046417,213
1827,16,23,0.011713289,2052.0582423210144,33.88747215270996,1499.4534494876862,213
1828,16,23,0.045589928,2053.165210008621,33.88942503929138,1500.2766144275665,213
1829,16,23,0.005258448,2054.271685361862,33.89788818359375,1501.100022315979,213
1830,16,23,0.12683612,2055.3825006484985,33.899842262268066,1501.9149401187897,213
1831,16,23,0.048597794,2056.5054025650024,33.901798486709595,1502.7384181022644,213
1832,16,23,0.045402553,2057.6093423366547,33.907267570495605,1503.5575799942017,213
1833,16,23,0.065373376,2058.7189903259277,33.91122651100159,1504.376455783844,213
1834,16,23,0.048575845,2059.8328773975372,33.91292142868042,1505.1992387771606,213
1835,16,23,0.15603177,2060.9514179229736,33.93368625640869,1506.0119199752808,213
1836,16,23,0.18542016,2062.063430786133,33.94291424751282,1506.8370089530945,213
1837,16,23,0.001961532,2063.1784088611603,33.9553382396698,1507.6616196632385,213
1838,16,23,0.01296113,2064.2983684539795,33.99090123176575,1508.4797995090485,213
1839,16,24,0.007559883,2065.81028175354,34.392394065856934,1509.301144361496,213
1840,16,24,0.04842052,2066.930222272873,34.3943510055542,1510.1214435100555,213
1841,16,24,0.025615845,2068.045090198517,34.396697998046875,1510.9415154457092,213
1842,16,24,0.013829848,2069.1676902770996,34.41726517677307,1511.7584714889526,213
1843,16,24,0.017981667,2070.2773509025574,34.426013231277466,1512.5787496566772,213
1844,16,24,0.034080636,2071.3860330581665,34.431753158569336,1513.40341258049,213
1845,16,24,0.002577643,2072.524257659912,34.4486882686615,1514.2258386611938,213
1846,16,24,0.029473636,2073.648074388504,34.4506561756134,1515.0588796138763,213
1847,16,24,0.008166072,2074.771244764328,34.477219343185425,1515.884150505066,213
1848,16,24,0.005987933,2075.891942501068,34.5005943775177,1516.704552412033,213
1849,16,24,0.0009021245,2077.009365081787,34.50283336639404,1517.529271364212,213
1850,16,24,0.0038011242,2078.1182131767273,34.50467538833618,1518.3535623550415,213
1851,16,24,0.036427636,2079.2350902557373,34.50859522819519,1519.1732783317566,213
1852,16,24,0.008114658,2080.342865228653,34.51062512397766,1519.9941744804382,213
1853,16,24,0.0634845,2081.462599992752,34.51286315917969,1520.8131844997406,213
1854,16,24,0.014078258,2082.594030380249,34.53511619567871,1521.6439974308014,213
1855,16,24,0.12653168,2083.7005112171173,34.541688203811646,1522.461312532425,213
1856,16,24,0.06960936,2084.816554069519,34.56112718582153,1523.2857267856598,213
1857,16,24,0.015488634,2085.9499657154083,34.59300231933594,1524.1018619537354,213
1858,16,24,0.00018036547,2087.0663051605225,34.60344934463501,1524.9209008216858,213
1859,16,24,0.04086568,2088.179797410965,34.62838935852051,1525.7379078865051,213
1860,16,24,0.0042806044,2089.2942819595337,34.63787245750427,1526.559888601303,213
1861,16,24,0.014967981,2090.4070875644684,34.67821550369263,1527.3788394927979,213
1862,16,24,0.08054048,2091.5417790412903,34.71288466453552,1528.20032954216,213
1863,16,24,0.0007650405,2092.651228904724,34.72676968574524,1529.0283234119415,213
1864,16,24,0.0052006934,2093.7721910476685,34.75595259666443,1529.8446514606476,213
1865,16,24,0.0029620784,2094.8895921707153,34.76241660118103,1530.6713683605194,213
1866,16,24,0.0011106037,2096.0155148506165,34.783297538757324,1531.494567155838,213
1867,16,24,0.010794578,2097.134283065796,34.795886516571045,1532.3181972503662,213
1868,16,24,0.014819382,2098.2715044021606,34.83309555053711,1533.1410460472107,213
1869,16,24,0.0043775365,2099.406519651413,34.874149560928345,1533.9548480510712,213
1870,16,24,0.01802643,2100.5219869613647,34.89833354949951,1534.776222229004,213
1871,16,24,0.10991318,2101.641236305237,34.90027046203613,1535.6030671596527,213
1872,16,24,0.12328373,2102.7503805160522,34.91550064086914,1536.4194581508636,213
1873,16,24,0.07872107,2103.868965625763,34.920456647872925,1537.2331449985504,213
1874,16,24,0.05184661,2104.988389968872,34.9391827583313,1538.0574579238892,213
1875,17,24,0.03994851,2106.0018877983093,34.941765785217285,1538.8716568946838,213
1876,17,24,0.093165785,2107.1157693862915,34.9439058303833,1539.6888649463654,213
1877,17,24,0.0040687197,2108.233461856842,34.945987939834595,1540.5129907131195,213
1878,17,24,0.03362462,2109.3535516262054,34.967381954193115,1541.3351895809174,213
1879,17,24,0.001024869,2110.481955051422,34.969210147857666,1542.1523945331573,213
1880,17,24,0.006556263,2111.611210823059,34.99850106239319,1542.968995332718,213
1881,17,24,0.08831709,2112.7335476875305,35.02480912208557,1543.7950706481934,213
1882,17,24,0.0056706932,2113.845662355423,35.02692103385925,1544.6150214672089,213
1883,17,24,0.013025971,2114.9598591327667,35.03451704978943,1545.4350063800812,213
1884,17,24,0.009629971,2116.080080986023,35.05549120903015,1546.2622334957123,213
1885,17,24,0.07518589,2117.1928820610046,35.06565737724304,1547.0880694389343,213
1886,17,24,0.008293906,2118.3057425022125,35.06772041320801,1547.9122054576874,213
1887,17,24,0.052759252,2119.40971159935,35.07241344451904,1548.7345855236053,213
1888,17,24,0.10557969,2120.5158367156982,35.08833146095276,1549.554550409317,213
1889,17,24,0.018054573,2121.629065513611,35.09488129615784,1550.3826005458832,213
1890,17,24,0.026181411,2122.741706609726,35.10472631454468,1551.2037665843964,213
1891,17,24,0.061273325,2123.8660039901733,35.122403383255005,1552.0295236110687,213
1892,17,24,0.0026712327,2124.978921890259,35.1245973110199,1552.8549313545227,213
1893,17,24,0.096219204,2126.10093998909,35.15159225463867,1553.6752603054047,213
1894,17,24,0.0068213437,2127.2124376296997,35.157586336135864,1554.490305185318,213
1895,17,24,0.05822736,2128.3447909355164,35.1680064201355,1555.303848028183,213
1896,17,24,0.02012163,2129.4699926376343,35.200183391571045,1556.1299667358398,213
1897,17,24,0.05898594,2130.6001493930817,35.21255946159363,1556.9593617916107,213
1898,17,24,0.03455194,2131.7242443561554,35.24185037612915,1557.778556585312,213
1899,17,24,0.05910187,2132.835805416107,35.25593638420105,1558.596257686615,213
1900,17,24,0.048218824,2133.9495050907135,35.25782132148743,1559.413470506668,213
1901,17,24,0.02276132,2135.0714104175568,35.284661293029785,1560.2432932853699,213
1902,17,24,0.009334847,2136.1887814998627,35.30715036392212,1561.064961194992,213
1903,17,24,0.049009994,2137.3089547157288,35.31968355178833,1561.878127336502,213
1904,17,24,0.013735677,2138.434074640274,35.36043047904968,1562.6976954936981,213
1905,17,24,0.03258854,2139.560534954071,35.36321139335632,1563.5229997634888,213
1906,17,24,0.013377503,2140.6610243320465,35.36520338058472,1564.3478889465332,213
1907,17,24,0.11540372,2141.7715876102448,35.38539743423462,1565.1653718948364,213
1908,17,24,0.011978858,2142.8869857788086,35.40326642990112,1565.9825599193573,213
1909,17,24,0.010203574,2144.0046367645264,35.40520238876343,1566.8072626590729,213
1910,17,24,0.008874455,2145.134850025177,35.40738344192505,1567.6298797130585,213
1911,17,24,0.0021511335,2146.258653640747,35.41541934013367,1568.45112991333,213
1912,17,24,0.0024957033,2147.3824298381805,35.43667244911194,1569.2703320980072,213
1913,17,24,0.07422484,2148.5025527477264,35.43902659416199,1570.0902390480042,213
1914,17,24,0.00067196554,2149.630175590515,35.44094967842102,1570.9166779518127,213
1915,17,24,0.0076447874,2150.752955675125,35.44309377670288,1571.7423560619354,213
1916,17,24,0.0046771364,2151.863522529602,35.44899272918701,1572.5647768974304,213
1917,17,24,0.0047299713,2152.972997903824,35.468106746673584,1573.3794448375702,213
1918,17,24,0.0037573988,2154.080714941025,35.47930073738098,1574.199984073639,213
1919,17,24,0.03366886,2155.1962146759033,35.494661808013916,1575.0119769573212,213
1920,17,24,0.07210559,2156.3116149902344,35.496885776519775,1575.8385639190674,213
1921,17,24,0.13597721,2157.4397938251495,35.526559829711914,1576.6564371585846,213
1922,17,24,0.004253705,2158.5587980747223,35.53383994102478,1577.4823150634766,213
1923,17,24,0.0012328145,2159.67107462883,35.53949999809265,1578.2999761104584,213
1924,17,24,0.043698337,2160.792989253998,35.54178285598755,1579.1204154491425,213
1925,17,24,0.04123698,2161.9089221954346,35.55137085914612,1579.9380764961243,213
1926,17,24,0.016931834,2163.026512145996,35.55346965789795,1580.7615435123444,213
1927,17,24,0.020715486,2164.1372525691986,35.57742166519165,1581.5847816467285,213
1928,17,24,0.010029282,2165.2582216262817,35.5880708694458,1582.403024673462,213
1929,17,24,0.020271603,2166.395332813263,35.61495780944824,1583.227811574936,213
1930,17,25,0.0005390937,2167.9281430244446,36.04548692703247,1584.043200492859,213
1931,17,25,0.017300963,2169.0381479263306,36.04738783836365,1584.8607654571533,213
1932,17,25,0.0027529735,2170.158282518387,36.065475940704346,1585.6838283538818,213
1933,17,25,0.0007547817,2171.2708060741425,36.07729482650757,1586.5011131763458,213
1934,17,25,0.0023576035,2172.37668466568,36.09300494194031,1587.3136193752289,213
1935,17,25,0.036070026,2173.515061855316,36.09509205818176,1588.1366114616394,213
1936,17,25,0.009012004,2174.6234261989594,36.10275721549988,1588.9572694301605,213
1937,17,25,0.090069436,2175.749010324478,36.13859534263611,1589.7780194282532,213
1938,17,25,0.0032362582,2176.8742825984955,36.147693395614624,1590.6028335094452,213
1939,17,25,0.00076581613,2177.9991869926453,36.18348956108093,1591.419230222702,213
1940,17,25,0.0051800795,2179.1327929496765,36.21078658103943,1592.247840166092,213
1941,17,25,6.2615174e-05,2180.249883890152,36.21289348602295,1593.0638670921326,213
1942,17,25,0.041282803,2181.370630979538,36.240148305892944,1593.8832318782806,213
1943,17,25,0.00025853023,2182.4842360019684,36.2420973777771,1594.709888935089,213
1944,17,25,0.003349688,2183.5941441059113,36.24565529823303,1595.5298290252686,213
1945,17,25,0.017604886,2184.717623949051,36.26402521133423,1596.3478491306305,213
1946,17,25,0.107775204,2185.8423013687134,36.28141927719116,1597.1745121479034,213
1947,17,25,0.21887745,2186.9556968212128,36.28593921661377,1597.9936492443085,213
1948,17,25,0.0074363374,2188.071675300598,36.299453020095825,1598.8187062740326,213
1949,17,25,0.002029993,2189.184279203415,36.31691908836365,1599.6355471611023,213
1950,17,25,0.003049774,2190.296974658966,36.31894516944885,1600.4578001499176,213
1951,17,25,0.0019793634,2191.4134855270386,36.33679008483887,1601.2724392414093,213
1952,17,25,0.00801998,2192.5322308540344,36.3599419593811,1602.0862362384796,213
1953,17,25,0.010810801,2193.6499593257904,36.3823618888855,1602.9072842597961,213
1954,17,25,0.16636571,2194.764877319336,36.38413381576538,1603.7279150485992,213
1955,17,25,0.001368498,2195.8781316280365,36.38613796234131,1604.5469629764557,213
1956,17,25,0.06357003,2196.9985959529877,36.39252305030823,1605.369071006775,213
1957,17,25,0.006938556,2198.117344856262,36.41951298713684,1606.1890320777893,213
1958,17,25,0.0012253654,2199.232635974884,36.42891311645508,1607.0131311416626,213
1959,17,25,0.033845823,2200.3602797985077,36.432255268096924,1607.8567922115326,213
1960,17,25,0.022532444,2201.4808213710785,36.453718423843384,1608.6720311641693,213
1961,17,25,0.1351389,2202.5901346206665,36.463369369506836,1609.5030121803284,213
1962,17,25,0.088367134,2203.783792257309,36.535762548446655,1610.32670712471,213
1963,17,25,0.062022,2204.907962322235,36.557151556015015,1611.145708322525,213
1964,17,25,0.022128329,2206.025203227997,36.55908465385437,1611.9682693481445,213
1965,17,25,0.04549107,2207.1532270908356,36.587464570999146,1612.7867002487183,213
1966,17,25,0.07664554,2208.286839723587,36.59391760826111,1613.6178052425385,213
1967,17,25,0.05610941,2209.3950827121735,36.60646867752075,1614.4315161705017,213
1968,17,25,0.0518682,2210.520721435547,36.60828471183777,1615.2535510063171,213
1969,17,25,0.0077400953,2211.6429884433746,36.61021947860718,1616.0727949142456,213
1970,17,25,0.08092064,2212.7590634822845,36.62794637680054,1616.892518043518,213
1971,17,25,0.1366127,2213.8885626792908,36.65852332115173,1617.7134881019592,213
1972,17,25,0.11237105,2214.9950115680695,36.667038440704346,1618.5294151306152,213
1973,17,25,0.0061430233,2216.107673883438,36.673959493637085,1619.345742225647,213
1974,17,25,0.01725626,2217.2167649269104,36.676175594329834,1620.1642272472382,213
1975,17,25,0.09344196,2218.3418841362,36.67827272415161,1620.984394311905,213
1976,17,25,0.015466986,2219.4541597366333,36.704291582107544,1621.8025343418121,213
1977,17,25,0.060294695,2220.5693593025208,36.70620942115784,1622.6334564685822,213
1978,17,25,0.031868413,2221.7028024196625,36.71307158470154,1623.460125207901,213
1979,17,25,0.049785376,2222.81276011467,36.72216463088989,1624.2808592319489,213
1980,17,25,0.09069468,2223.921974182129,36.72378349304199,1625.0967841148376,213
1981,17,25,0.08619219,2225.0445868968964,36.750274419784546,1625.911915063858,213
1982,17,25,0.01551414,2226.1595842838287,36.78627848625183,1626.7278254032135,213
1983,17,25,0.020727728,2227.2673337459564,36.796000480651855,1627.5474154949188,213
1984,17,25,0.0061304662,2228.383458137512,36.80353140830994,1628.3713912963867,213
1985,17,25,0.0037380657,2229.489551782608,36.80549931526184,1629.1967265605927,213
1986,17,25,0.016467767,2230.603923559189,36.81896138191223,1630.0290026664734,213
1987,17,25,0.029129377,2231.727584838867,36.829763412475586,1630.8451566696167,213
1988,17,25,0.0038098684,2232.8503053188324,36.85247445106506,1631.666928768158,213
1989,17,25,0.027194336,2233.9754252433777,36.85461235046387,1632.489403963089,213
1990,17,25,0.0022274673,2235.0834629535675,36.85665440559387,1633.3140347003937,213
1991,17,25,0.03201743,2236.204493522644,36.88900828361511,1634.1273307800293,213
1992,18,25,0.0021322863,2237.2424545288086,36.89138150215149,1634.9497389793396,213
1993,18,25,0.017969813,2238.3633122444153,36.91134166717529,1635.7723400592804,213
1994,18,25,0.0031757578,2239.4842824935913,36.91383075714111,1636.5866611003876,213
1995,18,25,0.037925772,2240.608772277832,36.93503785133362,1637.4056508541107,213
1996,18,25,0.010460341,2241.723762989044,36.946499824523926,1638.2276468276978,213
1997,18,25,0.056899887,2242.844190120697,36.94825482368469,1639.0394778251648,213
1998,18,25,0.025069207,2243.9731936454773,36.9503219127655,1639.8677887916565,213
1999,18,25,0.00432273,2245.0907645225525,36.9556930065155,1640.6938817501068,213
2000,18,25,0.0041017877,2246.197745323181,36.97122287750244,1641.5123505592346,213
2001,18,25,0.13962877,2247.3269407749176,37.00275492668152,1642.330928325653,213
2002,18,25,0.018885301,2248.440760374069,37.02942085266113,1643.1473331451416,213
2003,18,25,0.03859354,2249.5701644420624,37.06174898147583,1643.9718000888824,213
2004,18,25,0.07442377,2250.690891981125,37.063941955566406,1644.7860989570618,213
2005,18,25,0.0030614398,2251.815519809723,37.06587290763855,1645.6137208938599,213
2006,18,25,0.00019415421,2252.9364857673645,37.100746870040894,1646.4318618774414,213
2007,18,25,0.048992973,2254.051894426346,37.10730576515198,1647.2564897537231,213
2008,18,25,0.11657609,2255.1771602630615,37.109378814697266,1648.077142715454,213
2009,18,25,0.14492673,2256.2890825271606,37.11620378494263,1648.8978519439697,213
2010,18,25,0.13219589,2257.412464618683,37.14992380142212,1649.7121379375458,213
2011,18,26,0.0015813314,2258.925185441971,37.54822611808777,1650.5373349189758,213
2012,18,26,0.00041287666,2260.0493676662445,37.56453824043274,1651.3612620830536,213
2013,18,26,0.00020608322,2261.1635179519653,37.56649422645569,1652.187758922577,213
2014,18,26,0.0068051224,2262.2837686538696,37.57272028923035,1653.0099649429321,213
2015,18,26,0.015406909,2263.403054714203,37.588014364242554,1653.827265739441,213
2016,18,26,0.000503035,2264.498758792877,37.606874227523804,1654.6484429836273,213
2017,18,26,0.004595807,2265.606595516205,37.61253809928894,1655.4690670967102,213
2018,18,26,0.020773776,2266.725648880005,37.629335165023804,1656.295969247818,213
2019,18,26,0.016492356,2267.8516278266907,37.6375892162323,1657.1195993423462,213
2020,18,26,0.18408757,2268.970351934433,37.65768527984619,1657.9341473579407,213
2021,18,26,0.20792411,2270.0921008586884,37.66794514656067,1658.7582273483276,213
2022,18,26,0.009312414,2271.198387145996,37.67767000198364,1659.582265138626,213
2023,18,26,0.03233175,2272.3201456069946,37.683876037597656,1660.4045341014862,213
2024,18,26,0.0067952923,2273.4252190589905,37.695685148239136,1661.2298080921173,213
2025,18,26,0.0056544193,2274.5403521060944,37.72308421134949,1662.0460741519928,213
2026,18,26,0.016797474,2275.65225481987,37.72513508796692,1662.8735542297363,213
2027,18,26,0.04743426,2276.764701604843,37.732893228530884,1663.7024340629578,213
2028,18,26,0.014956865,2277.868421316147,37.74535608291626,1664.5181250572205,213
2029,18,26,0.023028348,2278.9739022254944,37.75041198730469,1665.3339941501617,213
2030,18,26,0.043410085,2280.0972905158997,37.78108501434326,1666.1500570774078,213
2031,18,26,0.0056352327,2281.2175471782684,37.783217906951904,1666.9727170467377,213
2032,18,26,0.020837069,2282.323001384735,37.796167850494385,1667.7941281795502,213
2033,18,26,0.038586468,2283.442588329315,37.830015897750854,1668.615694284439,213
2034,18,26,0.006408445,2284.5544147491455,37.832220792770386,1669.4375412464142,213
2035,18,26,0.12092042,2285.6647605895996,37.834274768829346,1670.2595591545105,213
2036,18,26,0.05616765,2286.784412622452,37.84325885772705,1671.088798046112,213
2037,18,26,0.039894998,2287.9101462364197,37.86753797531128,1671.907779932022,213
2038,18,26,0.007058354,2289.0227155685425,37.87075996398926,1672.7335178852081,213
2039,18,26,0.0012087298,2290.1515579223633,37.892234086990356,1673.5564050674438,213
2040,18,26,0.03274224,2291.265780210495,37.894612073898315,1674.3738548755646,213
2041,18,26,0.0269261,2292.3777511119843,37.89677810668945,1675.1931519508362,213
2042,18,26,0.033550136,2293.4970529079437,37.932053089141846,1676.0169939994812,213
2043,18,26,0.0066310223,2294.6141822338104,37.95303201675415,1676.838987827301,213
2044,18,26,0.024963824,2295.728742837906,37.96955394744873,1677.6605007648468,213
2045,18,26,0.0013281894,2296.839832305908,37.9894061088562,1678.4785068035126,213
2046,18,26,0.001164317,2297.94895029068,37.99168920516968,1679.3021507263184,213
2047,18,26,0.034777593,2299.0702934265137,38.007344245910645,1680.1210327148438,213
2048,18,26,0.06866224,2300.1734030246735,38.01700711250305,1680.9361958503723,213
2049,18,26,0.006940512,2301.289602279663,38.039074182510376,1681.7531678676605,213
2050,18,26,0.0040375534,2302.4130132198334,38.05946612358093,1682.5736937522888,213
2051,18,26,0.01966295,2303.5311579704285,38.073872089385986,1683.3903126716614,213
2052,18,26,0.0035223693,2304.643443584442,38.08208107948303,1684.216147661209,213
2053,18,26,0.072693616,2305.768360376358,38.127960205078125,1685.030408859253,213
2054,18,26,0.018809082,2306.887361764908,38.129855155944824,1685.855967760086,213
2055,18,26,0.0041529792,2308.0061061382294,38.14094114303589,1686.6804375648499,213
2056,18,26,0.0036810162,2309.110757112503,38.151885986328125,1687.5011525154114,213
2057,18,26,0.06860414,2310.238585948944,38.20148205757141,1688.313597202301,213
2058,18,26,0.0016688159,2311.352472305298,38.204859018325806,1689.1385481357574,213
2059,18,26,0.05845269,2312.4740669727325,38.21483397483826,1689.9590911865234,213
2060,18,26,0.030655455,2313.5823624134064,38.22339487075806,1690.7751531600952,213
2061,18,26,0.06483354,2314.710915327072,38.252362966537476,1691.5941469669342,213
2062,18,26,0.20359182,2315.830671787262,38.262367963790894,1692.4068548679352,213
2063,18,26,0.030100303,2316.9524998664856,38.28669786453247,1693.225323677063,213
2064,18,26,0.0019926792,2318.0689198970795,38.295047998428345,1694.0469818115234,213
2065,18,26,0.062330842,2319.206194639206,38.32100796699524,1694.862777709961,213
2066,18,26,0.0823101,2320.3165476322174,38.323225021362305,1695.6848096847534,213
2067,18,26,0.18126479,2321.437858104706,38.32500720024109,1696.5123715400696,213
2068,18,26,0.012633582,2322.577147245407,38.36180806159973,1697.3293607234955,213
2069,18,26,0.07412742,2323.6916801929474,38.38996410369873,1698.1544725894928,213
2070,18,26,0.0417206,2324.8084013462067,38.402920961380005,1698.9651403427124,213
2071,18,26,0.032724075,2325.927759408951,38.42402100563049,1699.793547153473,213
2072,18,26,0.10093785,2327.0601465702057,38.4346649646759,1700.6188361644745,213
2073,18,26,0.090413816,2328.182989358902,38.464613914489746,1701.4362783432007,213
2074,18,26,0.040731184,2329.296808719635,38.4760479927063,1702.2591395378113,213
2075,18,26,0.015432395,2330.4063165187836,38.477943897247314,1703.0830557346344,213
2076,18,26,0.07837116,2331.521956682205,38.50948691368103,1703.899670600891,213
2077,18,26,0.020026015,2332.6327657699585,38.54317283630371,1704.7104816436768,213
2078,18,26,0.055588845,2333.7598519325256,38.55514883995056,1705.53373670578,213
2079,18,26,0.022963125,2334.8855447769165,38.56727075576782,1706.3483347892761,213
2080,18,26,0.02717928,2335.9943358898163,38.56951975822449,1707.1656579971313,213
2081,18,26,0.024407884,2337.1094653606415,38.585389852523804,1707.9877111911774,213
2082,18,26,0.006940497,2338.2209692001343,38.58739995956421,1708.8162171840668,213
2083,18,26,0.05351645,2339.3362658023834,38.59385585784912,1709.6396942138672,213
2084,18,26,0.0014338171,2340.4583554267883,38.628684997558594,1710.4506611824036,213
2085,18,26,0.015725154,2341.5746812820435,38.646918058395386,1711.26797914505,213
2086,18,26,0.020660857,2342.677676677704,38.65993905067444,1712.0866029262543,213
2087,18,26,0.061335936,2343.7998044490814,38.661983013153076,1712.9082651138306,213
2088,18,26,0.0565712,2344.9176354408264,38.68331694602966,1713.7268960475922,213
2089,18,26,0.0032689734,2346.0417602062225,38.72038412094116,1714.5437850952148,213
2090,18,26,0.0028727732,2347.155701637268,38.72711515426636,1715.3580119609833,213
2091,18,26,0.00072727096,2348.260691165924,38.743123054504395,1716.174644947052,213
2092,18,26,0.000493253,2349.3755888938904,38.77220010757446,1716.9882447719574,213
2093,18,26,0.06633122,2350.4932992458344,38.788424015045166,1717.8082115650177,213
2094,18,26,0.03340313,2351.6087102890015,38.79780292510986,1718.628410577774,213
2095,18,26,0.0056143627,2352.7186501026154,38.807018756866455,1719.4443213939667,213
2096,18,27,0.2481299,2354.208179950714,39.19505453109741,1720.2613685131073,213
2097,18,27,0.00050243724,2355.3281178474426,39.21688771247864,1721.0869874954224,213
2098,18,27,0.037676986,2356.4419662952423,39.2406268119812,1721.9088134765625,213
2099,18,27,0.0040408927,2357.555353164673,39.24285078048706,1722.7293856143951,213
2100,18,27,0.0011646101,2358.682143688202,39.2559769153595,1723.55988240242,213
2101,18,27,0.00060131494,2359.7964086532593,39.265745878219604,1724.3764324188232,213
2102,18,27,0.026590666,2360.905354976654,39.294601917266846,1725.1890075206757,213
2103,18,27,0.004904355,2362.035491704941,39.3169949054718,1726.0101883411407,213
2104,18,27,0.02232119,2363.15083026886,39.3188419342041,1726.8312854766846,213
2105,18,27,0.0019130295,2364.264621257782,39.320618867874146,1727.6557698249817,213
2106,18,27,0.013447354,2365.381416320801,39.32491970062256,1728.4788205623627,213
2107,18,27,0.009251328,2366.502564430237,39.35301160812378,1729.2996904850006,213
2108,18,27,0.08005531,2367.6207871437073,39.378607511520386,1730.11679148674,213
2109,19,27,0.011144688,2368.6422851085663,39.381208419799805,1730.9398465156555,213
2110,19,27,0.00061493815,2369.761168718338,39.402496576309204,1731.7559745311737,213
2111,19,27,0.009225523,2370.8752312660217,39.41331148147583,1732.5746324062347,213
2112,19,27,0.00037773413,2371.9895389080048,39.432613372802734,1733.394284248352,213
2113,19,27,0.001777496,2373.111304998398,39.434449434280396,1734.21360039711,213
2114,19,27,0.018807268,2374.232284784317,39.43671536445618,1735.0389363765717,213
2115,19,27,0.0309753,2375.3517532348633,39.44987440109253,1735.8535623550415,213
2116,19,27,0.02595619,2376.4658994674683,39.45262551307678,1736.6767432689667,213
2117,19,27,0.096280925,2377.584765434265,39.46664237976074,1737.4947142601013,213
2118,19,27,0.00046493375,2378.705782175064,39.4786593914032,1738.3099613189697,213
2119,19,27,0.012817893,2379.816611289978,39.48023319244385,1739.1270122528076,213
2120,19,27,0.0056539746,2380.9318420886993,39.482208251953125,1739.949909210205,213
2121,19,27,0.000760593,2382.0441958904266,39.48826217651367,1740.7704901695251,213
2122,19,27,0.19046633,2383.163939476013,39.49022817611694,1741.5937008857727,213
2123,19,27,0.10431662,2384.2772290706635,39.50005912780762,1742.413872718811,213
2124,19,27,0.012001345,2385.3977448940277,39.53124213218689,1743.2258067131042,213
2125,19,27,0.012728967,2386.5123965740204,39.543644189834595,1744.0504195690155,213
2126,19,27,0.02991098,2387.640624523163,39.57244515419006,1744.8740487098694,213
2127,19,27,0.0065092333,2388.7524271011353,39.58184814453125,1745.696855545044,213
2128,19,27,0.0018809541,2389.8763270378113,39.588197231292725,1746.5192196369171,213
2129,19,27,0.002380984,2390.9865901470184,39.60314226150513,1747.3366827964783,213
2130,19,27,0.08292219,2392.100688457489,39.608182191848755,1748.167248725891,213
2131,19,27,0.0043708947,2393.2153294086456,39.625322103500366,1748.9844527244568,213
2132,19,27,0.030815557,2394.3382477760315,39.65530300140381,1749.8090634346008,213
2133,19,27,0.006938373,2395.450374364853,39.661576986312866,1750.6282303333282,213
2134,19,27,0.011833776,2396.5741171836853,39.668980836868286,1751.4510252475739,213
2135,19,27,0.06706834,2397.6950585842133,39.6842257976532,1752.2774822711945,213
2136,19,27,0.044299487,2398.805072784424,39.68626379966736,1753.0998940467834,213
2137,19,27,0.1533406,2399.915594816208,39.69680666923523,1753.9160680770874,213
2138,19,27,0.047032256,2401.0322432518005,39.7018096446991,1754.7381100654602,213
2139,19,27,0.018758528,2402.15931725502,39.721919536590576,1755.5555548667908,213
2140,19,27,0.018772433,2403.2672922611237,39.73443841934204,1756.3800580501556,213
2141,19,27,0.01721812,2404.3870072364807,39.75344634056091,1757.197791337967,213
2142,19,27,0.021078398,2405.5131781101227,39.78108620643616,1758.0187191963196,213
2143,19,27,0.007114163,2406.6268615722656,39.7858362197876,1758.8464863300323,213
2144,19,27,0.037410468,2407.7502286434174,39.787822246551514,1759.6675221920013,213
2145,19,27,0.008367829,2408.87668466568,39.81601929664612,1760.4883239269257,213
2146,19,27,0.001537476,2409.9991874694824,39.817803382873535,1761.3060820102692,213
2147,19,27,0.005598547,2411.110694885254,39.83224654197693,1762.1221442222595,213
2148,19,27,0.05928851,2412.2186691761017,39.839545488357544,1762.93896651268,213
2149,19,27,0.052577846,2413.32843375206,39.844027519226074,1763.7638974189758,213
2150,19,27,0.018675607,2414.458114862442,39.87599849700928,1764.5893354415894,213
2151,19,27,0.007247383,2415.577119588852,39.877591609954834,1765.4081485271454,213
2152,19,27,0.055924162,2416.6931738853455,39.89458250999451,1766.2374875545502,213
2153,19,27,0.0144419465,2417.809876680374,39.912089347839355,1767.0520746707916,213
2154,19,27,0.004078281,2418.9306302070618,39.926549196243286,1767.877625465393,213
2155,19,27,0.002445898,2420.050982952118,39.934290170669556,1768.707858324051,213
2156,19,27,0.00030806757,2421.1745417118073,39.93609619140625,1769.52942943573,213
2157,19,27,8.030547e-05,2422.3037910461426,39.958184003829956,1770.3548123836517,213
2158,19,27,0.05028744,2423.416318178177,39.96813201904297,1771.1742813587189,213
2159,19,27,0.003347497,2424.5340836048126,39.98398303985596,1771.9942255020142,213
2160,19,27,0.022190396,2425.6638526916504,39.98609399795532,1772.8232324123383,213
2161,19,27,0.034482665,2426.7875220775604,39.99549984931946,1773.6495933532715,213
2162,19,27,0.12607051,2427.921537399292,40.02366089820862,1774.4723491668701,213
2163,19,27,0.11957575,2429.0450026988983,40.0445818901062,1775.2924401760101,213
2164,19,27,0.00039834366,2430.160812139511,40.04670310020447,1776.1157150268555,213
2165,19,27,0.002425856,2431.279228925705,40.059983253479004,1776.936662197113,213
2166,19,27,0.15235719,2432.3995633125305,40.06186008453369,1777.7633340358734,213
2167,19,27,0.021819701,2433.5355429649353,40.08704209327698,1778.5879800319672,213
2168,19,27,0.01184112,2434.6676173210144,40.11306118965149,1779.4099779129028,213
2169,19,27,0.0061293924,2435.779910802841,40.11512303352356,1780.2346909046173,213
2170,19,27,0.014572637,2436.9006378650665,40.12571406364441,1781.0606350898743,213
2171,19,27,0.023881298,2438.027317762375,40.14800715446472,1781.8823869228363,213
2172,19,27,0.036244646,2439.137126684189,40.150140047073364,1782.7074749469757,213
2173,19,27,0.044743907,2440.2535107135773,40.16261005401611,1783.533054113388,213
2174,19,27,0.03097711,2441.3765783309937,40.16451716423035,1784.358719110489,213
2175,19,27,0.037579805,2442.4921357631683,40.18015909194946,1785.1824343204498,213
2176,19,27,0.015778257,2443.6143851280212,40.18212914466858,1786.0045204162598,213
2177,19,27,0.042599186,2444.72745513916,40.18550705909729,1786.8337903022766,213
2178,19,27,0.12692998,2445.8354556560516,40.187204122543335,1787.6490423679352,213
2179,19,27,0.0033726324,2446.962978363037,40.216660022735596,1788.471447467804,213
2180,19,27,0.008179933,2448.079755783081,40.226393938064575,1789.2930195331573,213
2181,19,27,0.011758277,2449.198016643524,40.24048686027527,1790.117841720581,213
2182,19,27,0.035565853,2450.3139803409576,40.25557088851929,1790.9450249671936,213
2183,19,27,0.032108787,2451.434203863144,40.25752067565918,1791.7672719955444,213
2184,19,27,0.024426274,2452.5508964061737,40.2708797454834,1792.5956072807312,213
2185,19,27,0.17976323,2453.6684288978577,40.27308177947998,1793.4145963191986,213
2186,19,27,0.07103823,2454.790836572647,40.29076290130615,1794.231380224228,213
2187,19,27,0.03435731,2455.9008758068085,40.303338050842285,1795.0543842315674,213
2188,19,27,0.055302184,2457.036248445511,40.32993006706238,1795.8724303245544,213
2189,19,27,0.026561704,2458.14812707901,40.33824396133423,1796.6916573047638,213
2190,19,27,0.10380948,2459.265846014023,40.3569540977478,1797.5192601680756,213
2191,19,27,0.010911135,2460.3871824741364,40.35967016220093,1798.3405711650848,213
2192,19,28,0.04854562,2461.8873937129974,40.74332118034363,1799.1531920433044,213
2193,19,28,0.0025501992,2462.9885902404785,40.74588203430176,1799.9788119792938,213
2194,19,28,0.00025950285,2464.0983562469482,40.74798107147217,1800.8008739948273,213
2195,19,28,0.0013048879,2465.214626312256,40.77426028251648,1801.6167690753937,213
2196,19,28,0.025265323,2466.3244168758392,40.78689646720886,1802.4396758079529,213
2197,19,28,0.018718284,2467.4465806484222,40.79091835021973,1803.262945652008,213
2198,19,28,0.0003677879,2468.566096305847,40.81483030319214,1804.0761127471924,213
2199,19,28,0.004011542,2469.685010910034,40.83314323425293,1804.8900725841522,213
2200,19,28,0.0025216136,2470.7992658615112,40.83535814285278,1805.7194166183472,213
2201,19,28,0.0290385,2471.920693874359,40.86302304267883,1806.536551475525,213
2202,19,28,0.00067419704,2473.04319190979,40.88274002075195,1807.3564796447754,213
2203,19,28,0.005857242,2474.1542098522186,40.889004945755005,1808.1830966472626,213
2204,19,28,8.918744e-05,2475.277153491974,40.93704295158386,1808.9945244789124,213
2205,19,28,0.10665664,2476.391306400299,40.95416712760925,1809.817500591278,213
2206,19,28,0.001887986,2477.5038142204285,40.959439277648926,1810.6435296535492,213
2207,19,28,0.0057523977,2478.627897977829,40.98600912094116,1811.4730508327484,213
2208,19,28,0.012918437,2479.747936964035,41.011038064956665,1812.2981886863708,213
2209,19,28,0.030759813,2480.8686714172363,41.013158082962036,1813.1297228336334,213
2210,19,28,0.004489575,2481.9799411296844,41.01507496833801,1813.954785823822,213
2211,19,28,0.009249304,2483.096522092819,41.0234158039093,1814.7736411094666,213
2212,19,28,0.0009178276,2484.207279443741,41.025402784347534,1815.5895931720734,213
2213,19,28,0.002417551,2485.3349096775055,41.04873871803284,1816.4129283428192,213
2214,19,28,0.0012413362,2486.4642820358276,41.05075168609619,1817.2504785060883,213
2215,19,28,0.18276848,2487.5873687267303,41.05265760421753,1818.0716454982758,213
2216,19,28,0.056246683,2488.7031338214874,41.07870960235596,1818.8959624767303,213
2217,19,28,0.0006240401,2489.82612657547,41.10019373893738,1819.7109508514404,213
2218,19,28,0.002069489,2490.9326429367065,41.102195739746094,1820.526916027069,213
2219,19,28,0.0052654035,2492.0474016666412,41.11896872520447,1821.343819141388,213
2220,19,28,0.003091443,2493.1676857471466,41.14091181755066,1822.1551654338837,213
2221,19,28,0.0049822256,2494.281713962555,41.14377188682556,1822.9719264507294,213
2222,19,28,0.0027110595,2495.3982393741608,41.15017294883728,1823.7930014133453,213
2223,19,28,0.007820164,2496.511547088623,41.16062593460083,1824.6114873886108,213
2224,19,28,0.020260071,2497.6914212703705,41.23830795288086,1825.4328072071075,213
2225,19,28,0.019055359,2498.804579973221,41.244225025177,1826.248083114624,213
2226,19,28,0.03221561,2499.927929162979,41.28798699378967,1827.0708611011505,213
2227,20,28,0.0014501107,2500.936398744583,41.290485858917236,1827.8791072368622,213
2228,20,28,0.011136455,2502.0563819408417,41.31934094429016,1828.6956329345703,213
2229,20,28,0.0044920603,2503.1683135032654,41.32115888595581,1829.5221538543701,213
2230,20,28,0.07101562,2504.2902138233185,41.34975790977478,1830.3422367572784,213
2231,20,28,0.005279328,2505.402231693268,41.351726055145264,1831.1691236495972,213
2232,20,28,0.07571465,2506.5195071697235,41.37484622001648,1831.9909336566925,213
2233,20,28,0.056213066,2507.641443490982,41.391353368759155,1832.8050055503845,213
2234,20,28,0.00042806333,2508.765366077423,41.42141938209534,1833.623666524887,213
2235,20,28,0.0012724532,2509.872459411621,41.42337250709534,1834.4467525482178,213
2236,20,28,0.01638858,2510.99107670784,41.44562649726868,1835.2618565559387,213
2237,20,28,0.010272362,2512.112585067749,41.46306538581848,1836.0776717662811,213
2238,20,28,0.0055439537,2513.2496104240417,41.512219190597534,1836.8936216831207,213
2239,20,28,0.0016231827,2514.367401599884,41.53539705276489,1837.710501909256,213
2240,20,28,0.018327776,2515.4830853939056,41.54391098022461,1838.5305109024048,213
2241,20,28,0.020871155,2516.6049468517303,41.55530500411987,1839.3463969230652,213
2242,20,28,0.0054445313,2517.724475622177,41.57673907279968,1840.1694939136505,213
2243,20,28,0.077847436,2518.840621948242,41.57864999771118,1840.984615802765,213
2244,20,28,0.011610447,2519.9673919677734,41.604660987854004,1841.8095788955688,213
2245,20,28,0.022357747,2521.0811438560486,41.63534188270569,1842.62362575531,213
2246,20,28,0.29825047,2522.199725151062,41.66605806350708,1843.4410254955292,213
2247,20,28,0.002927126,2523.3182458877563,41.667932987213135,1844.2634103298187,213
2248,20,28,0.0006493962,2524.434580564499,41.71543288230896,1845.0777053833008,213
2249,20,28,0.010334455,2525.551845550537,41.722816944122314,1845.898112297058,213
2250,20,28,0.038496636,2526.6741240024567,41.74679899215698,1846.7153043746948,213
2251,20,28,0.08650059,2527.7914278507233,41.76646709442139,1847.5325093269348,213
2252,20,28,0.023590477,2528.902904033661,41.7716851234436,1848.3532843589783,213
2253,20,28,0.004498579,2530.020496368408,41.798166036605835,1849.1689133644104,213
2254,20,28,0.0028080652,2531.1205344200134,41.800372838974,1849.985068321228,213
2255,20,28,0.0013863539,2532.2338252067566,41.82123565673828,1850.8068153858185,213
2256,20,28,0.15189673,2533.3602454662323,41.837841510772705,1851.6292672157288,213
2257,20,28,0.010787286,2534.4667344093323,41.849915504455566,1852.4496121406555,213
2258,20,28,0.0033551627,2535.580124616623,41.861732482910156,1853.2711288928986,213
2259,20,28,0.0031453206,2536.699556350708,41.88619351387024,1854.0911209583282,213
2260,20,28,0.0052964734,2537.8147869110107,41.89116668701172,1854.9112231731415,213
2261,20,28,0.04593071,2538.932062625885,41.90419864654541,1855.7324290275574,213
2262,20,28,0.10975938,2540.039530515671,41.91996955871582,1856.5510711669922,213
2263,20,28,0.020470861,2541.154050588608,41.938676595687866,1857.3734803199768,213
2264,20,28,0.020754658,2542.2695157527924,41.95104956626892,1858.1881802082062,213
2265,20,28,0.021850923,2543.3838889598846,41.967769622802734,1859.0104682445526,213
2266,20,28,0.030812245,2544.5140080451965,41.989495515823364,1859.8329710960388,213
2267,20,28,0.018833164,2545.628573656082,42.01315450668335,1860.6553020477295,213
2268,20,28,0.012106,2546.749124765396,42.03547167778015,1861.4701280593872,213
2269,20,28,0.0022219424,2547.8683474063873,42.065048694610596,1862.289252281189,213
2270,20,28,0.033070557,2548.966381788254,42.07217478752136,1863.107352256775,213
2271,20,28,0.03189004,2550.0886573791504,42.0942816734314,1863.9271671772003,213
2272,20,28,0.0020095373,2551.1986405849457,42.114826679229736,1864.7403452396393,213
2273,20,28,0.09222365,2552.3186917304993,42.11671471595764,1865.5732831954956,213
2274,20,28,0.047729604,2553.4344007968903,42.137592792510986,1866.3915541172028,213
2275,20,28,0.0063223103,2554.546198606491,42.14881777763367,1867.206980228424,213
2276,20,28,0.0012168069,2555.676294565201,42.15098857879639,1868.038502216339,213
2277,20,28,0.012964411,2556.7906625270844,42.1546425819397,1868.8666770458221,213
2278,20,28,0.04861071,2557.9032034873962,42.17026877403259,1869.6912162303925,213
2279,20,28,0.033236958,2559.0272917747498,42.17222881317139,1870.5080144405365,213
2280,20,28,0.0008519861,2560.1415021419525,42.185441970825195,1871.3280055522919,213
2281,20,28,0.0031262604,2561.247365951538,42.19869685173035,1872.1434473991394,213
2282,20,28,0.009592147,2562.3567769527435,42.22523593902588,1872.9600055217743,213
2283,20,28,0.031625986,2563.4847660064697,42.26075792312622,1873.7749502658844,213
2284,20,28,0.0013864771,2564.6110877990723,42.29003596305847,1874.5949501991272,213
2285,20,28,0.021295689,2565.71759724617,42.325058937072754,1875.4089663028717,213
2286,20,28,0.02897699,2566.851795196533,42.362398862838745,1876.2296171188354,213
2287,20,28,0.06627011,2567.9635951519012,42.387688875198364,1877.043365240097,213
2288,20,28,0.0053384267,2569.0739665031433,42.38978290557861,1877.8697221279144,213
2289,20,28,0.08913522,2570.1885068416595,42.40739393234253,1878.6877901554108,213
2290,20,28,0.044245098,2571.308123588562,42.43594574928284,1879.502188205719,213
2291,20,28,0.005698155,2572.4182732105255,42.46471285820007,1880.3226642608643,213
2292,20,28,0.0037822092,2573.5369086265564,42.47432279586792,1881.1439235210419,213
2293,20,28,0.0010207058,2574.6519424915314,42.506945848464966,1881.962684392929,213
2294,20,28,0.00049152086,2575.768972635269,42.515113830566406,1882.7880985736847,213
2295,20,28,0.009725122,2576.897387266159,42.548059701919556,1883.6010584831238,213
2296,20,28,0.0024556245,2578.009071826935,42.55188965797424,1884.4233593940735,213
2297,20,28,0.056945648,2579.127631187439,42.563353538513184,1885.2473344802856,213
2298,20,28,0.02548298,2580.2586481571198,42.595083475112915,1886.0654964447021,213
2299,20,28,0.3421651,2581.387686252594,42.6091194152832,1886.8827154636383,213
2300,20,29,0.0010005655,2582.8952810764313,42.99127149581909,1887.7110784053802,213
2301,20,29,0.012207179,2584.0153880119324,43.00785040855408,1888.5303192138672,213
2302,20,29,0.010647769,2585.128779411316,43.037620544433594,1889.3450183868408,213
2303,20,29,0.0005694168,2586.237638235092,43.04417538642883,1890.163874387741,213
2304,20,29,0.01598568,2587.348444700241,43.069950342178345,1890.9815413951874,213
2305,20,29,0.012030364,2588.4687960147858,43.07289528846741,1891.806927204132,213
2306,20,29,0.008074934,2589.5847198963165,43.09225034713745,1892.6317551136017,213
2307,20,29,0.044531077,2590.7042956352234,43.13039422035217,1893.4543960094452,213
2308,20,29,0.006544391,2591.815415620804,43.132548332214355,1894.271537065506,213
2309,20,29,0.0047006,2592.9363417625427,43.134671211242676,1895.0950951576233,213
2310,20,29,0.014852978,2594.0588603019714,43.17133808135986,1895.912914276123,213
2311,20,29,0.031878356,2595.1736385822296,43.1896550655365,1896.7355403900146,213
2312,20,29,0.036630627,2596.286913394928,43.21665000915527,1897.5495345592499,213
2313,20,29,0.1284562,2597.4083154201508,43.25679612159729,1898.3717696666718,213
2314,20,29,0.05761743,2598.5297198295593,43.26619601249695,1899.1913304328918,213
2315,20,29,0.01588686,2599.6419126987457,43.26830291748047,1900.0176045894623,213
2316,20,29,0.06317871,2600.7576353549957,43.27052187919617,1900.8405666351318,213
2317,20,29,0.0058521247,2601.8963198661804,43.31397891044617,1901.6694946289062,213
2318,20,29,0.0073325103,2603.0037298202515,43.33324599266052,1902.4829416275024,213
2319,20,29,0.024078274,2604.1379928588867,43.35099697113037,1903.2998456954956,213
2320,20,29,0.0007744228,2605.261796474457,43.364994049072266,1904.117832660675,213
2321,20,29,0.00327205,2606.376063346863,43.40064096450806,1904.9361357688904,213
2322,20,29,0.0038449443,2607.503286600113,43.43087887763977,1905.7594187259674,213
2323,20,29,0.025361657,2608.6184260845184,43.44151496887207,1906.5894708633423,213
2324,20,29,0.020619202,2609.731812953949,43.45909810066223,1907.4088678359985,213
2325,20,29,0.02613591,2610.856507062912,43.46094107627869,1908.224797964096,213
2326,20,29,0.013435924,2611.985731601715,43.48929715156555,1909.0502910614014,213
2327,20,29,0.00070729456,2613.099133491516,43.50878310203552,1909.8683331012726,213
2328,20,29,0.028531218,2614.2280266284943,43.54951214790344,1910.6858382225037,213
2329,20,29,0.0026619374,2615.3458964824677,43.566437005996704,1911.4984812736511,213
2330,20,29,0.029794022,2616.4633345603943,43.568361043930054,1912.3199574947357,213
2331,20,29,0.044310056,2617.598098039627,43.600139141082764,1913.1421616077423,213
2332,20,29,0.1347369,2618.7100360393524,43.602242946624756,1913.9662897586823,213
2333,20,29,0.0016085287,2619.8436102867126,43.625144958496094,1914.7893846035004,213
2334,20,29,0.011771154,2620.957620859146,43.63132882118225,1915.604436635971,213
2335,20,29,0.014246488,2622.0877707004547,43.66280794143677,1916.4213559627533,213
2336,20,29,0.035719577,2623.205907344818,43.66921305656433,1917.2434558868408,213
2337,20,29,0.011287369,2624.3131754398346,43.67500591278076,1918.05765914917,213
2338,20,29,0.015411251,2625.432656288147,43.691733837127686,1918.8815560340881,213
2339,20,29,0.0019020934,2626.5477600097656,43.6968047618866,1919.7135479450226,213
2340,20,29,0.1429852,2627.6715910434723,43.71851682662964,1920.5382697582245,213
2341,20,29,0.0068945126,2628.788953065872,43.73012685775757,1921.3638095855713,213
2342,20,29,0.024936859,2629.9137756824493,43.73747181892395,1922.1837966442108,213
2343,20,29,0.004905181,2631.0256226062775,43.7464497089386,1923.003793478012,213
2344,21,29,0.016234566,2632.0445959568024,43.748690605163574,1923.8213686943054,213
2345,21,29,0.067883946,2633.1636261940002,43.750693559646606,1924.6410865783691,213
2346,21,29,0.006399391,2634.2711470127106,43.76869344711304,1925.4579045772552,213
2347,21,29,0.00060929405,2635.3902826309204,43.78602337837219,1926.2833206653595,213
2348,21,29,0.014912838,2636.520090818405,43.78773522377014,1927.109890460968,213
2349,21,29,0.01620873,2637.64715051651,43.81764030456543,1927.9311382770538,213
2350,21,29,0.03446221,2638.7670483589172,43.82032346725464,1928.7587532997131,213
2351,21,29,0.00094491505,2639.8825268745422,43.84341835975647,1929.5700125694275,213
2352,21,29,0.014933202,2641.000218629837,43.85919737815857,1930.3919396400452,213
2353,21,29,0.029590668,2642.1262640953064,43.884440422058105,1931.220758676529,213
2354,21,29,0.014126224,2643.2404062747955,43.897364377975464,1932.0461475849152,213
2355,21,29,0.0023499054,2644.3515059947968,43.9157772064209,1932.870688676834,213
2356,21,29,0.00046576862,2645.483418941498,43.91775035858154,1933.6996035575867,213
2357,21,29,0.005087108,2646.6069872379303,43.936442136764526,1934.52392244339,213
2358,21,29,0.013235508,2647.7241699695587,43.9452600479126,1935.3433003425598,213
2359,21,29,0.03394163,2648.8503403663635,43.96259689331055,1936.1747233867645,213
2360,21,29,0.0018959745,2649.985993862152,44.00662875175476,1936.994321346283,213
2361,21,29,0.000706415,2651.0968120098114,44.00856065750122,1937.8115742206573,213
2362,21,29,0.006344427,2652.2137694358826,44.0263466835022,1938.6277000904083,213
2363,21,29,0.0010464647,2653.320775747299,44.0284206867218,1939.4543371200562,213
2364,21,29,0.00020133646,2654.4452800750732,44.0470986366272,1940.2801940441132,213
2365,21,29,0.024578724,2655.5692615509033,44.04916763305664,1941.1099870204926,213
2366,21,29,0.042987976,2656.6972901821136,44.05141472816467,1941.9391977787018,213
2367,21,29,0.002459207,2657.814407348633,44.074535846710205,1942.7580425739288,213
2368,21,29,0.14287737,2658.922690153122,44.08518576622009,1943.584388256073,213
2369,21,29,0.14501567,2660.0437574386597,44.1080276966095,1944.405505180359,213
2370,21,29,0.01814403,2661.153920650482,44.113855600357056,1945.2267000675201,213
2371,21,29,0.00029880807,2662.2715163230896,44.12319850921631,1946.041324853897,213
2372,21,29,0.048097115,2663.3815772533417,44.14923667907715,1946.8597667217255,213
2373,21,29,0.018351605,2664.495674610138,44.16262650489807,1947.6797697544098,213
2374,21,30,0.16598432,2666.006804704666,44.557459354400635,1948.5008738040924,213
2375,21,30,0.00067835,2667.110178232193,44.56492328643799,1949.3195617198944,213
2376,21,30,0.0020334653,2668.221263885498,44.57173538208008,1950.1367568969727,213
2377,21,30,0.0026024505,2669.338397026062,44.57385730743408,1950.9631669521332,213
2378,21,30,0.0050879535,2670.463043451309,44.60226821899414,1951.7859168052673,213
2379,21,30,0.04305833,2671.5853791236877,44.61421203613281,1952.61386179924,213
2380,21,30,0.011322962,2672.702704191208,44.621516942977905,1953.4432117938995,213
2381,21,30,0.012693706,2673.8122737407684,44.65205693244934,1954.2589008808136,213
2382,21,30,0.0046448484,2674.9289433956146,44.65405082702637,1955.0889039039612,213
2383,21,30,0.01833851,2676.037289381027,44.65761661529541,1955.9049589633942,213
2384,21,30,0.021520715,2677.167582988739,44.67975068092346,1956.719582080841,213
2385,21,30,0.12194097,2678.285584926605,44.69233179092407,1957.5460932254791,213
2386,21,30,0.0724693,2679.404621362686,44.70954775810242,1958.3602571487427,213
2387,21,30,0.007090237,2680.515248775482,44.737048864364624,1959.1763582229614,213
2388,21,30,0.0011197685,2681.619853258133,44.756568908691406,1959.9894630908966,213
2389,21,30,0.060802735,2682.7350223064423,44.75823783874512,1960.808121919632,213
2390,21,30,0.03435377,2683.8497943878174,44.77722191810608,1961.6251740455627,213
2391,21,30,0.0024983534,2684.966030359268,44.79790997505188,1962.4439661502838,213
2392,21,30,0.07255171,2686.083835363388,44.81288409233093,1963.25879240036,213
2393,21,30,0.0021339846,2687.2090952396393,44.84311008453369,1964.0789833068848,213
2394,21,30,0.09231837,2688.3349282741547,44.84511208534241,1964.8988671302795,213
2395,21,30,0.0008548129,2689.457656145096,44.847071170806885,1965.7186069488525,213
2396,21,30,0.0012885479,2690.5721204280853,44.8488233089447,1966.537565946579,213
2397,21,30,0.029447202,2691.700705051422,44.882312297821045,1967.357059955597,213
2398,21,30,0.0066094017,2692.8096418380737,44.884276151657104,1968.1750600337982,213
2399,21,30,0.0056511248,2693.939507007599,44.89595293998718,1968.9985129833221,213
2400,21,30,0.009744711,2695.05579662323,44.89815092086792,1969.8241407871246,213
2401,21,30,0.0041639125,2696.179571866989,44.91340780258179,1970.6451208591461,213
2402,21,30,0.10980128,2697.2948496341705,44.929091691970825,1971.4688518047333,213
2403,21,30,0.033315938,2698.419105529785,44.93267488479614,1972.2950220108032,213
2404,21,30,0.022109535,2699.5334618091583,44.94438600540161,1973.1107323169708,213
2405,21,30,0.0057500117,2700.6526942253113,44.9609432220459,1973.9284324645996,213
2406,21,30,0.005932947,2701.7622690200806,44.97468328475952,1974.7478482723236,213
2407,21,30,0.0072404286,2702.871289253235,44.99339437484741,1975.5644052028656,213
2408,21,30,0.004419102,2703.9999570846558,45.0189573764801,1976.3857061862946,213
2409,21,30,0.0314045,2705.1011865139008,45.02657151222229,1977.2069075107574,213
2410,21,30,0.009949039,2706.219314813614,45.038777351379395,1978.0266966819763,213
2411,21,30,0.016756736,2707.324658870697,45.04752826690674,1978.8466455936432,213
2412,21,30,0.0043550227,2708.443785429001,45.072296380996704,1979.6634707450867,213
2413,21,30,0.0023132835,2709.5551216602325,45.07426142692566,1980.4850718975067,213
2414,21,30,0.008918837,2710.6811842918396,45.09537148475647,1981.3135960102081,213
2415,21,30,0.13472031,2711.803523540497,45.09744048118591,1982.1446478366852,213
2416,21,30,0.008994205,2712.9232664108276,45.11603832244873,1982.965716123581,213
2417,21,30,0.0005357695,2714.045800924301,45.15166926383972,1983.7870469093323,213
2418,21,30,0.0017793953,2715.1657927036285,45.175453186035156,1984.6119859218597,213
2419,21,30,7.677794e-05,2716.2847537994385,45.189452171325684,1985.4298520088196,213
2420,21,30,0.0010604098,2717.392664670944,45.20096230506897,1986.2496407032013,213
2421,21,30,0.013966305,2718.5012214183807,45.22826528549194,1987.0646567344666,213
2422,21,30,0.017496426,2719.616622209549,45.23656630516052,1987.8851194381714,213
2423,21,30,0.049331106,2720.7374165058136,45.23847532272339,1988.7144153118134,213
2424,21,30,0.09932972,2721.8522939682007,45.24045419692993,1989.5370721817017,213
2425,21,30,0.007426945,2722.9809477329254,45.26791310310364,1990.3556842803955,213
2426,21,30,0.03598793,2724.1021325588226,45.269607067108154,1991.17192029953,213
2427,21,30,0.019069117,2725.214146375656,45.28422498703003,1991.99307513237,213
2428,21,30,0.0013550853,2726.3373527526855,45.28631591796875,1992.8198029994965,213
2429,21,30,0.033974417,2727.4557404518127,45.28976893424988,1993.637981891632,213
2430,21,30,0.10347301,2728.5656867027283,45.299854040145874,1994.4570701122284,213
2431,21,30,0.0582638,2729.6827278137207,45.31955003738403,1995.2750573158264,213
2432,21,30,0.010166436,2730.792366027832,45.321874141693115,1996.0923194885254,213
2433,21,30,0.05089953,2731.9125711917877,45.323822021484375,1996.9089953899384,213
2434,21,30,0.1459404,2733.03382730484,45.33591294288635,1997.7377614974976,213
2435,21,30,0.002411257,2734.146666765213,45.361185789108276,1998.5525875091553,213
2436,21,30,0.017502582,2735.2621960639954,45.36324858665466,1999.3759615421295,213
2437,21,30,0.0073000565,2736.380523920059,45.37109160423279,2000.2029705047607,213
2438,21,30,0.012776923,2737.489150285721,45.40498065948486,2001.019764661789,213
2439,21,30,0.0031812752,2738.616686105728,45.41564083099365,2001.8490326404572,213
2440,21,30,0.20214921,2739.727981567383,45.42295598983765,2002.663991689682,213
2441,21,30,0.00727921,2740.8375115394592,45.44131588935852,2003.48064494133,213
2442,21,30,0.0069675716,2741.937976837158,45.44723701477051,2004.301542043686,213
2443,21,30,0.025706928,2743.0525114536285,45.458433866500854,2005.1204979419708,213
2444,21,30,0.015696647,2744.1585369110107,45.48415398597717,2005.9419920444489,213
2445,21,30,0.04944152,2745.282387971878,45.505733013153076,2006.7714710235596,213
2446,21,30,0.018126627,2746.3910913467407,45.5076539516449,2007.6009290218353,213
2447,21,30,0.059871092,2747.5119183063507,45.509440898895264,2008.428593158722,213
2448,21,30,0.014013159,2748.6281287670135,45.523016929626465,2009.2440130710602,213
2449,21,30,0.009876272,2749.7508783340454,45.53970789909363,2010.0626170635223,213
2450,21,30,0.01598103,2750.8686661720276,45.555346727371216,2010.8852920532227,213
2451,21,30,0.007938803,2751.986162185669,45.56841468811035,2011.712119102478,213
2452,21,30,0.011943699,2753.1014115810394,45.585381746292114,2012.5276861190796,213
2453,21,30,0.0033236083,2754.223341703415,45.58715867996216,2013.3480441570282,213
2454,21,30,0.007741277,2755.351509332657,45.58927869796753,2014.1802332401276,213
2455,21,30,0.008254588,2756.4640374183655,45.598602533340454,2015.004585981369,213
2456,21,30,0.0047154045,2757.5712163448334,45.60791563987732,2015.8242428302765,213
2457,21,30,0.030577943,2758.683304786682,45.62342667579651,2016.6482667922974,213
2458,21,30,0.06810646,2759.789978981018,45.64392066001892,2017.463440656662,213
2459,21,30,0.010913751,2760.913335800171,45.64593768119812,2018.2877395153046,213
2460,21,31,0.11460826,2762.4177803993225,46.059136390686035,2019.1034152507782,213
2461,22,31,0.00055776123,2763.443657398224,46.06125020980835,2019.918095111847,213
2462,22,31,0.0021806364,2764.5725519657135,46.083468198776245,2020.7328004837036,213
2463,22,31,0.0061121583,2765.6897988319397,46.09384036064148,2021.5509023666382,213
2464,22,31,0.00053383294,2766.8083884716034,46.095664501190186,2022.3677654266357,213
2465,22,31,0.0018377885,2767.919558763504,46.11261558532715,2023.1933073997498,213
2466,22,31,0.008823449,2769.039315223694,46.12776446342468,2024.0171203613281,213
2467,22,31,0.00054082775,2770.1599395275116,46.129788398742676,2024.842859506607,213
2468,22,31,0.0011321008,2771.2752101421356,46.155898332595825,2025.6633553504944,213
2469,22,31,0.00024677906,2772.3953518867493,46.157750368118286,2026.491506576538,213
2470,22,31,0.00093146437,2773.5091445446014,46.159998416900635,2027.3094635009766,213
2471,22,31,0.024628963,2774.635650396347,46.18673849105835,2028.1413824558258,213
2472,22,31,0.0032192005,2775.7448229789734,46.19502854347229,2028.9708633422852,213
2473,22,31,0.0005840141,2776.861405849457,46.1968195438385,2029.7941312789917,213
2474,22,31,0.0008673036,2777.974851846695,46.2105987071991,2030.6139302253723,213
2475,22,31,0.021929026,2779.0859594345093,46.21604871749878,2031.441138267517,213
2476,22,31,0.004983546,2780.2031824588776,46.227354764938354,2032.255662202835,213
2477,22,31,0.0027214186,2781.312953710556,46.239516735076904,2033.071260213852,213
2478,22,31,0.11864473,2782.429557800293,46.26064372062683,2033.8889553546906,213
2479,22,31,0.0027590182,2783.542382478714,46.27008581161499,2034.7188935279846,213
2480,22,31,0.09816644,2784.6581399440765,46.29137372970581,2035.537273645401,213
2481,22,31,0.049345322,2785.7717020511627,46.314671754837036,2036.3583188056946,213
2482,22,31,0.0037996862,2786.9654126167297,46.41323184967041,2037.1738727092743,213
2483,22,31,0.031972438,2788.0953361988068,46.415531635284424,2037.989307641983,213
2484,22,31,0.052197605,2789.2039892673492,46.42421865463257,2038.8034765720367,213
2485,22,31,0.006751518,2790.3874537944794,46.48816967010498,2039.626350402832,213
2486,22,31,0.008640728,2791.510033607483,46.53537964820862,2040.4433901309967,213
2487,22,31,0.01537644,2792.628978252411,46.54314470291138,2041.2730903625488,213
2488,22,31,0.031892564,2793.7483348846436,46.55107259750366,2042.094571352005,213
2489,22,31,0.0654262,2794.8588230609894,46.552921533584595,2042.9167771339417,213
2490,22,31,0.0133434255,2795.980713367462,46.55870270729065,2043.738718032837,213
2491,22,31,0.0031595158,2797.1044433116913,46.59250473976135,2044.5531730651855,213
2492,22,31,0.0036096247,2798.2232501506805,46.61118960380554,2045.374500989914,213
2493,22,31,0.15797448,2799.34148812294,46.63604164123535,2046.1915056705475,213
2494,22,31,0.0028243805,2800.4547851085663,46.66280770301819,2047.0075607299805,213
2495,22,31,0.25662768,2801.572041988373,46.69467568397522,2047.8227376937866,213
2496,22,31,0.052940026,2802.6844193935394,46.71307158470154,2048.643253803253,213
2497,22,31,0.05192419,2803.8066008090973,46.715142488479614,2049.4696247577667,213
2498,22,31,0.09590991,2804.9156312942505,46.72090744972229,2050.28733086586,213
2499,22,31,0.0195048,2806.0234546661377,46.72282338142395,2051.1097877025604,213
2500,22,31,0.012936918,2807.147416114807,46.73519325256348,2051.9303257465363,213
2501,22,31,0.0022111218,2808.2660009860992,46.75149941444397,2052.7526037693024,213
2502,22,31,0.003170852,2809.379940509796,46.77239727973938,2053.5658237934113,213
2503,22,31,0.07283574,2810.5010917186737,46.786415338516235,2054.3910009860992,213
2504,22,31,0.009534731,2811.6218161582947,46.796222448349,2055.2112967967987,213
2505,22,31,0.04457154,2812.747223377228,46.81056356430054,2056.0305857658386,213
2506,22,31,0.002861314,2813.861522436142,46.8123824596405,2056.8502027988434,213
2507,22,31,0.0066419737,2814.9899270534515,46.814231634140015,2057.6728208065033,213
2508,22,31,0.015580548,2816.1092517375946,46.844884634017944,2058.4884057044983,213
2509,22,31,0.010952989,2817.2400331497192,46.86020565032959,2059.310941696167,213
2510,22,31,0.014793937,2818.351407766342,46.87898778915405,2060.13538980484,213
2511,22,31,0.017803373,2819.4777660369873,46.89954376220703,2060.958642721176,213
2512,22,31,0.007730675,2820.5944867134094,46.91616678237915,2061.775937795639,213
2513,22,31,0.011931317,2821.71932554245,46.932713747024536,2062.6052486896515,213
2514,22,31,0.022228554,2822.8273735046387,46.95000672340393,2063.4221699237823,213
2515,22,31,0.0029810488,2823.934214115143,46.958229780197144,2064.2447469234467,213
2516,22,31,0.02491044,2825.065971851349,46.99839377403259,2065.0611820220947,213
2517,22,31,0.006146913,2826.184148788452,47.00996375083923,2065.883821249008,213
2518,22,31,0.07540511,2827.2947738170624,47.03345465660095,2066.70378613472,213
2519,22,31,0.004736384,2828.4110152721405,47.04711866378784,2067.525655031204,213
2520,22,31,0.0032969823,2829.5312945842743,47.05431365966797,2068.342465877533,213
2521,22,31,0.002048829,2830.6530215740204,47.07447862625122,2069.1643698215485,213
2522,22,31,0.017421605,2831.7647976875305,47.076475620269775,2069.9853229522705,213
2523,22,31,0.00129528,2832.8753418922424,47.09448051452637,2070.8084020614624,213
2524,22,31,0.0066018375,2833.9976975917816,47.09653830528259,2071.626559972763,213
2525,22,31,0.005482943,2835.1185131073,47.10109233856201,2072.456162929535,213
2526,22,31,0.0009298981,2836.238822698593,47.12388634681702,2073.275223970413,213
2527,22,31,0.0028603578,2837.3485176563263,47.13697552680969,2074.0969607830048,213
2528,22,31,0.002245554,2838.463145971298,47.15261459350586,2074.9134447574615,213
2529,22,31,0.014099818,2839.5708565711975,47.15728759765625,2075.731039762497,213
2530,22,31,0.0028727865,2840.684984445572,47.15917778015137,2076.555776834488,213
2531,22,31,0.0004984574,2841.798182249069,47.17211580276489,2077.3794498443604,213
2532,22,31,0.036811274,2842.9236586093903,47.188981771469116,2078.2099018096924,213
2533,22,31,0.001961359,2844.0467047691345,47.20975875854492,2079.032289981842,213
2534,22,31,0.020834405,2845.1704699993134,47.23344874382019,2079.8458693027496,213
2535,22,31,0.014300795,2846.292496919632,47.24813389778137,2080.6739320755005,213
2536,22,31,0.18985978,2847.402074813843,47.250300884246826,2081.497628927231,213
2537,22,31,0.14348423,2848.5117535591125,47.25635290145874,2082.322453022003,213
2538,22,31,0.010573689,2849.625006914139,47.26295781135559,2083.1485641002655,213
2539,22,31,0.015039035,2850.7407927513123,47.272467613220215,2083.9677250385284,213
2540,22,31,0.0072674523,2851.856644630432,47.27989649772644,2084.793379306793,213
2541,22,31,0.0023457562,2852.9782979488373,47.2942795753479,2085.6182963848114,213
2542,22,31,0.0039836788,2854.101674079895,47.32000946998596,2086.43519115448,213
2543,22,31,0.025589041,2855.2156896591187,47.32512545585632,2087.259691953659,213
2544,22,31,0.0001553492,2856.3302624225616,47.34933948516846,2088.0829360485077,213
2545,22,31,0.007897619,2857.449115753174,47.37591767311096,2088.902608394623,213
2546,22,31,0.02459596,2858.563742876053,47.39723253250122,2089.7246956825256,213
2547,22,31,0.0016072443,2859.680479288101,47.399940490722656,2090.5506598949432,213
2548,22,32,0.00507871,2861.19091129303,47.78251051902771,2091.3702697753906,213
2549,22,32,0.0014309202,2862.3167464733124,47.78439164161682,2092.188764810562,213
2550,22,32,0.0028017985,2863.4331402778625,47.79814171791077,2093.002290725708,213
2551,22,32,0.0029961325,2864.5405991077423,47.81200170516968,2093.81756067276,213
2552,22,32,0.027547946,2865.6756415367126,47.835999488830566,2094.639885663986,213
2553,22,32,0.004922492,2866.7941110134125,47.85555458068848,2095.4561285972595,213
2554,22,32,0.000121908175,2867.907050848007,47.88387370109558,2096.2814435958862,213
2555,22,32,0.0025123067,2869.017824649811,47.8857216835022,2097.097803592682,213
2556,22,32,0.0021176923,2870.1445417404175,47.9139506816864,2097.909735441208,213
2557,22,32,0.0035078158,2871.2694675922394,47.938352823257446,2098.7306525707245,213
2558,22,32,0.002878448,2872.387046813965,47.943089962005615,2099.552245616913,213
2559,22,32,0.0042008017,2873.494831085205,47.94642496109009,2100.3734045028687,213
2560,22,32,0.00058498635,2874.626275062561,47.9484589099884,2101.1909143924713,213
2561,22,32,0.011401252,2875.754811525345,47.979612827301025,2102.0112352371216,213
2562,22,32,0.00033273085,2876.8745930194855,47.9870388507843,2102.834754228592,213
2563,22,32,4.1045063e-05,2877.9919884204865,48.00198173522949,2103.6603791713715,213
2564,22,32,0.010381602,2879.0960142612457,48.00636172294617,2104.4763102531433,213
2565,22,32,0.0024533463,2880.2211620807648,48.03805875778198,2105.2925872802734,213
2566,22,32,0.11243927,2881.3366713523865,48.05024790763855,2106.1100623607635,213
2567,22,32,0.0025629052,2882.4526357650757,48.06484270095825,2106.9295403957367,213
2568,22,32,0.0029135454,2883.5846605300903,48.082990884780884,2107.75044631958,213
2569,22,32,0.0006880299,2884.6977441310883,48.08513593673706,2108.5638654232025,213
2570,22,32,0.0016301731,2885.809972524643,48.08702206611633,2109.38524723053,213
2571,22,32,0.0020935696,2886.9123594760895,48.094192028045654,2110.202202320099,213
2572,22,32,0.042614065,2888.0347452163696,48.09611511230469,2111.0199525356293,213
2573,22,32,0.06251152,2889.1560983657837,48.111191272735596,2111.844183921814,213
2574,22,32,0.0077800783,2890.2694323062897,48.11845016479492,2112.6653327941895,213
2575,22,32,0.14651701,2891.394824743271,48.12674832344055,2113.485343694687,213
2576,22,32,0.013736601,2892.515720129013,48.128838300704956,2114.3087027072906,213
2577,22,32,0.00358912,2893.6358025074005,48.13092041015625,2115.135328769684,213
2578,23,32,0.008169204,2894.663782119751,48.133217573165894,2115.953948497772,213
2579,23,32,0.05167894,2895.7857155799866,48.14354062080383,2116.769064426422,213
2580,23,32,0.00017941878,2896.9139807224274,48.16020846366882,2117.5871756076813,213
2581,23,32,0.00022437653,2898.03320479393,48.17337346076965,2118.410016775131,213
2582,23,32,0.02061199,2899.1534144878387,48.18722939491272,2119.2271666526794,213
2583,23,32,0.063448675,2900.2755234241486,48.19941258430481,2120.0470428466797,213
2584,23,32,0.011967802,2901.3936820030212,48.21711754798889,2120.863784790039,213
2585,23,32,0.0026235676,2902.5017693042755,48.22325158119202,2121.6839215755463,213
2586,23,32,0.02074216,2903.612048625946,48.234201431274414,2122.502682685852,213
2587,23,32,0.00094443175,2904.7284808158875,48.26428151130676,2123.321682691574,213
2588,23,32,0.01867257,2905.852610349655,48.26616334915161,2124.148177623749,213
2589,23,32,0.11917083,2906.973754644394,48.29887127876282,2124.970024585724,213
2590,23,32,0.015067601,2908.10347533226,48.30083727836609,2125.7888786792755,213
2591,23,32,0.02070299,2909.2266039848328,48.31434416770935,2126.615117788315,213
2592,23,32,0.09994754,2910.3457157611847,48.32011127471924,2127.4390885829926,213
2593,23,32,0.0037516684,2911.4606444835663,48.345171213150024,2128.2569937705994,213
2594,23,32,0.005638835,2912.579957962036,48.34723520278931,2129.087136745453,213
2595,23,32,0.0036595238,2913.7086436748505,48.37423825263977,2129.904411792755,213
2596,23,32,0.022613479,2914.8134734630585,48.376198291778564,2130.7187678813934,213
2597,23,32,0.012417877,2915.935660839081,48.378337144851685,2131.5379116535187,213
2598,23,32,0.02426397,2917.054946899414,48.394973278045654,2132.360040664673,213
2599,23,32,0.02833195,2918.163619995117,48.405187368392944,2133.180703639984,213
2600,23,32,0.029560989,2919.2631657123566,48.40940523147583,2134.004015684128,213
2601,23,32,0.024267834,2920.371841430664,48.4131383895874,2134.825386762619,213
2602,23,32,0.009017473,2921.4873700141907,48.424609422683716,2135.6487329006195,213
2603,23,32,0.0030827476,2922.594700574875,48.43389344215393,2136.4784758090973,213
2604,23,32,0.0022679386,2923.712854385376,48.4528923034668,2137.307550907135,213
2605,23,32,0.017890459,2924.823847770691,48.46270942687988,2138.1299579143524,213
2606,23,32,0.064744145,2925.943386077881,48.486807346343994,2138.9471278190613,213
2607,23,32,0.00040780785,2927.0558269023895,48.488879442214966,2139.762554883957,213
2608,23,32,0.010771863,2928.1831681728363,48.51316738128662,2140.5853428840637,213
2609,23,32,0.004825183,2929.2958936691284,48.52661347389221,2141.4022119045258,213
2610,23,32,0.00060079223,2930.403908729553,48.53425049781799,2142.2220249176025,213
2611,23,32,0.0038096556,2931.5195009708405,48.53609848022461,2143.0416536331177,213
2612,23,32,0.00017571151,2932.6267335414886,48.54842233657837,2143.8583097457886,213
2613,23,32,0.006906,2933.736294031143,48.550777196884155,2144.6718666553497,213
2614,23,32,0.021654816,2934.8543503284454,48.561636209487915,2145.4927456378937,213
2615,23,32,0.0047527016,2935.9753937721252,48.5898814201355,2146.3075807094574,213
2616,23,32,0.03557286,2937.085655450821,48.60868835449219,2147.126455783844,213
2617,23,32,0.00071574724,2938.2047922611237,48.616172313690186,2147.940506696701,213
2618,23,32,0.0028263181,2939.322655439377,48.64093828201294,2148.757030725479,213
2619,23,32,0.0012934654,2940.4364891052246,48.665199279785156,2149.5721776485443,213
2620,23,32,0.02662172,2941.5476043224335,48.674396276474,2150.391411781311,213
2621,23,32,0.038108815,2942.661808490753,48.690314292907715,2151.20769906044,213
2622,23,32,0.022378488,2943.7782204151154,48.694334268569946,2152.030762910843,213
2623,23,32,0.00013701245,2944.895274877548,48.7013680934906,2152.8529710769653,213
2624,23,32,0.0012156351,2946.00984954834,48.7072639465332,2153.6776719093323,213
2625,23,32,0.00024728238,2947.125252008438,48.70935297012329,2154.5048718452454,213
2626,23,32,0.02585641,2948.2446734905243,48.730725049972534,2155.3263988494873,213
2627,23,32,3.0359677e-05,2949.358954668045,48.732666969299316,2156.151478767395,213
2628,23,32,0.008038331,2950.4841055870056,48.73469805717468,2156.9726297855377,213
2629,23,32,0.005268082,2951.606995820999,48.76778602600098,2157.7881968021393,213
2630,23,32,0.033259403,2952.7230474948883,48.772993087768555,2158.612428665161,213
2631,23,32,0.031138193,2953.843744277954,48.77970600128174,2159.435249567032,213
2632,23,32,0.058597203,2954.9719111919403,48.78141689300537,2160.2597994804382,213
2633,23,32,0.050904743,2956.073665857315,48.786871910095215,2161.0740864276886,213
2634,23,32,0.0014101958,2957.1870772838593,48.78892993927002,2161.8979036808014,213
2635,23,32,0.024152942,2958.3039977550507,48.81043481826782,2162.7158496379852,213
2636,23,32,0.0806406,2959.413359642029,48.82357883453369,2163.53209066391,213
2637,23,32,0.0032596441,2960.5324790477753,48.82597780227661,2164.353106737137,213
2638,23,32,0.0016295753,2961.6541244983673,48.85050892829895,2165.174349784851,213
2639,23,32,0.03834701,2962.7735435962677,48.85264492034912,2165.995487689972,213
2640,23,32,0.08344441,2963.8861446380615,48.87662386894226,2166.809739589691,213
2641,23,32,0.0020337165,2965.0045907497406,48.896867990493774,2167.6303884983063,213
2642,23,32,0.0005886582,2966.1177146434784,48.90981888771057,2168.4467685222626,213
2643,23,32,0.04023953,2967.2292861938477,48.91869068145752,2169.2729136943817,213
2644,23,32,0.004219493,2968.3505823612213,48.937036752700806,2170.0871427059174,213
2645,23,32,0.039205097,2969.465190410614,48.95035982131958,2170.9076175689697,213
2646,23,32,0.03435823,2970.588089466095,48.9628746509552,2171.740448474884,213
2647,23,32,0.0014902813,2971.722364425659,48.995574712753296,2172.5674324035645,213
2648,23,33,0.09192601,2973.234128475189,49.390222787857056,2173.390795469284,213
2649,23,33,0.00024767025,2974.350346803665,49.40083980560303,2174.211188316345,213
2650,23,33,0.020240625,2975.464157104492,49.40303373336792,2175.038470506668,213
2651,23,33,0.002795852,2976.5770444869995,49.40536570549011,2175.855327606201,213
2652,23,33,0.033178896,2977.7065205574036,49.441855669021606,2176.675016641617,213
2653,23,33,0.00023106126,2978.8306169509888,49.443856716156006,2177.4977157115936,213
2654,23,33,0.0008344455,2979.939894914627,49.44872856140137,2178.313751935959,213
2655,23,33,0.0029248795,2981.056823015213,49.467588663101196,2179.126909971237,213
2656,23,33,0.00063349074,2982.181547164917,49.469560623168945,2179.9478068351746,213
2657,23,33,0.005479081,2983.3054587841034,49.48305368423462,2180.7714190483093,213
2658,23,33,0.08561956,2984.4165024757385,49.50255370140076,2181.588506937027,213
2659,23,33,0.0025162708,2985.537678718567,49.527604818344116,2182.4060509204865,213
2660,23,33,0.005434011,2986.655334711075,49.52964782714844,2183.2275869846344,213
2661,23,33,0.032380253,2987.7762682437897,49.54262089729309,2184.051465034485,213
2662,23,33,0.017519599,2988.884855031967,49.555099964141846,2184.8785450458527,213
2663,23,33,0.020060536,2989.992569208145,49.55729794502258,2185.6948580741882,213
2664,23,33,0.001633533,2991.1112067699432,49.58016085624695,2186.5128829479218,213
2665,23,33,0.0023971857,2992.2231452465057,49.58213496208191,2187.3352591991425,213
2666,23,33,0.0023900988,2993.333299636841,49.592551946640015,2188.1627831459045,213
2667,23,33,0.005459958,2994.440804004669,49.59503197669983,2188.989988088608,213
2668,23,33,0.013845881,2995.570461034775,49.63150191307068,2189.8126492500305,213
2669,23,33,0.004491909,2996.6860842704773,49.64916777610779,2190.632951259613,213
2670,23,33,0.0020312308,2997.799134492874,49.66327166557312,2191.452980518341,213
2671,23,33,0.06803523,2998.9186549186707,49.68146753311157,2192.2744374275208,213
2672,23,33,0.0017992222,3000.032084465027,49.68336248397827,2193.092229604721,213
2673,23,33,0.0021505945,3001.149547815323,49.6968834400177,2193.9154756069183,213
2674,23,33,0.001996411,3002.2637271881104,49.722222328186035,2194.7344913482666,213
2675,23,33,0.076036,3003.3752160072327,49.725210189819336,2195.5566415786743,213
2676,23,33,0.030849094,3004.484218120575,49.73110818862915,2196.376068353653,213
2677,23,33,0.0015332651,3005.6088292598724,49.74219608306885,2197.2094900608063,213
2678,23,33,0.00066494755,3006.7271378040314,49.74432110786438,2198.037887096405,213
2679,23,33,0.00046289805,3007.853720188141,49.75341010093689,2198.856934070587,213
2680,23,33,0.056559645,3008.9668345451355,49.75529623031616,2199.6772170066833,213
2681,23,33,0.010197617,3010.0806472301483,49.76069927215576,2200.501340866089,213
2682,23,33,0.015543402,3011.2098162174225,49.78786039352417,2201.3151500225067,213
2683,23,33,0.008016114,3012.3196370601654,49.79267144203186,2202.132725954056,213
2684,23,33,0.0016872546,3013.439535856247,49.81511950492859,2202.9513087272644,213
2685,23,33,0.00068416604,3014.5599098205566,49.81715250015259,2203.7816677093506,213
2686,23,33,0.04313283,3015.6817581653595,49.82239055633545,2204.6053767204285,213
2687,23,33,0.009732414,3016.7996797561646,49.82976174354553,2205.430463552475,213
2688,23,33,0.00023191412,3017.922822713852,49.83138179779053,2206.2582535743713,213
2689,23,33,0.016928893,3019.0339074134827,49.84436893463135,2207.0736865997314,213
2690,23,33,0.0033897327,3020.1505994796753,49.85004210472107,2207.8999574184418,213
2691,23,33,0.018847793,3021.2790763378143,49.88589119911194,2208.7178943157196,213
2692,23,33,0.011146726,3022.403193950653,49.8971221446991,2209.5440595149994,213
2693,23,33,0.003969173,3023.52308511734,49.89956212043762,2210.3579635620117,213
2694,23,33,0.035238422,3024.6455507278442,49.90133595466614,2211.1936757564545,213
2695,24,33,0.004936458,3025.674658060074,49.90351390838623,2212.013384580612,213
2696,24,33,0.0039618025,3026.7960958480835,49.92081689834595,2212.838174343109,213
2697,24,33,0.004945325,3027.915027618408,49.93651294708252,2213.6608633995056,213
2698,24,33,0.008477673,3029.037910938263,49.960883140563965,2214.47630238533,213
2699,24,33,0.007194471,3030.1467576026917,49.97660422325134,2215.298990249634,213
2700,24,33,0.00018833941,3031.2589704990387,49.984681129455566,2216.115178346634,213
2701,24,33,0.0044595064,3032.365884065628,49.986814975738525,2216.9371132850647,213
2702,24,33,0.013685437,3033.4889466762543,49.98849582672119,2217.757980108261,213
2703,24,33,0.001316902,3034.616602897644,50.02704167366028,2218.5742552280426,213
2704,24,33,0.003334102,3035.7399628162384,50.036611557006836,2219.3962812423706,213
2705,24,33,0.006243025,3036.865381002426,50.07022976875305,2220.217802286148,213
2706,24,33,0.12428251,3037.9810814857483,50.08986783027649,2221.0428762435913,213
2707,24,33,0.0153684905,3039.090313434601,50.092251777648926,2221.8596284389496,213
2708,24,33,0.044321198,3040.2059218883514,50.108447790145874,2222.6771495342255,213
2709,24,33,0.041626696,3041.3120629787445,50.11035490036011,2223.493341445923,213
2710,24,33,0.0039991643,3042.4364404678345,50.12753891944885,2224.314786672592,213
2711,24,33,0.12054275,3043.5536193847656,50.16276502609253,2225.129405736923,213
2712,24,33,0.22107226,3044.674444437027,50.18797993659973,2225.9552595615387,213
2713,24,33,0.0028482273,3045.7887959480286,50.20777487754822,2226.772492647171,213
2714,24,33,0.04753787,3046.9137811660767,50.218650817871094,2227.5996057987213,213
2715,24,33,0.02354467,3048.0341408252716,50.23281192779541,2228.4156107902527,213
2716,24,33,0.002308684,3049.139997959137,50.242575883865356,2229.2388348579407,213
2717,24,33,0.041016515,3050.2499492168427,50.266207695007324,2230.0618619918823,213
2718,24,33,0.12913659,3051.359848022461,50.26813364028931,2230.8865139484406,213
2719,24,33,0.010509639,3052.474450111389,50.28497767448425,2231.7036261558533,213
2720,24,33,0.14028704,3053.5896854400635,50.28706955909729,2232.5230600833893,213
2721,24,33,0.11379036,3054.7083611488342,50.30359148979187,2233.3415451049805,213
2722,24,33,0.19607182,3055.8301005363464,50.3330135345459,2234.158409357071,213
2723,24,33,0.012683396,3056.951826095581,50.33494257926941,2234.9912600517273,213
2724,24,33,0.007248953,3058.0578248500824,50.3447847366333,2235.816601037979,213
2725,24,33,0.034902103,3059.168383359909,50.35950589179993,2236.63547205925,213
2726,24,33,0.08147018,3060.290365934372,50.387505769729614,2237.4528720378876,213
2727,24,34,0.009979912,3061.7908339500427,50.75908970832825,2238.2814531326294,213
2728,24,34,0.0030040215,3062.9061999320984,50.761096477508545,2239.104548931122,213
2729,24,34,0.00029495504,3064.035593032837,50.79487657546997,2239.921014070511,213
2730,24,34,0.0044957786,3065.145584821701,50.80492663383484,2240.738562107086,213
2731,24,34,0.017112793,3066.2614607810974,50.823861598968506,2241.55771112442,213
2732,24,34,0.015479919,3067.3765048980713,50.839757680892944,2242.3807151317596,213
2733,24,34,0.0016373997,3068.489677429199,50.856746673583984,2243.1962893009186,213
2734,24,34,0.0063715484,3069.5962886810303,50.86392855644226,2244.019926071167,213
2735,24,34,0.00018060747,3070.698312997818,50.869656562805176,2244.8387200832367,213
2736,24,34,0.002764371,3071.8215296268463,50.880860567092896,2245.656401157379,213
2737,24,34,0.042523865,3072.939889907837,50.89710855484009,2246.48312997818,213
2738,24,34,0.0014238243,3074.051565885544,50.914164543151855,2247.3002259731293,213
2739,24,34,0.06524719,3075.1770718097687,50.923280477523804,2248.1234929561615,213
2740,24,34,0.00030388669,3076.2891716957092,50.94655752182007,2248.947678089142,213
2741,24,34,0.0022847292,3077.413684129715,50.96757650375366,2249.7693469524384,213
2742,24,34,0.045618445,3078.519266843796,50.97374439239502,2250.580823659897,213
2743,24,34,0.03202848,3079.653719186783,50.97568917274475,2251.4006757736206,213
2744,24,34,0.0027025165,3080.7919883728027,51.00706100463867,2252.2215888500214,213
2745,24,34,0.030503914,3081.939615726471,51.00935411453247,2253.0922470092773,213
2746,24,34,0.0010638327,3083.0530920028687,51.014851093292236,2253.9177327156067,213
2747,24,34,0.011373693,3084.156824350357,51.016810178756714,2254.7398455142975,213
2748,24,34,0.16633476,3085.279627561569,51.03514003753662,2255.56351852417,213
2749,24,34,0.0077657728,3086.3917891979218,51.037214040756226,2256.3879103660583,213
2750,24,34,0.0044290535,3087.5031831264496,51.039191007614136,2257.202340364456,213
2751,24,34,0.0022944333,3088.6245415210724,51.054577112197876,2258.026424407959,213
2752,24,34,0.0059319935,3089.739686727524,51.07772207260132,2258.84698343277,213
2753,24,34,0.00056463,3090.854669570923,51.08645296096802,2259.6642282009125,213
2754,24,34,0.00746319,3091.971206188202,51.11047077178955,2260.4780621528625,213
2755,24,34,0.025392035,3093.095397233963,51.11444282531738,2261.2997002601624,213
2756,24,34,0.0355071,3094.223261833191,51.13693284988403,2262.1278471946716,213
2757,24,34,0.037363283,3095.337499856949,51.14592266082764,2262.9545390605927,213
2758,24,34,0.09948745,3096.4456152915955,51.148043632507324,2263.7792570590973,213
2759,24,34,0.048290864,3097.566253185272,51.17813158035278,2264.592656135559,213
2760,24,34,0.08161484,3098.687327861786,51.20955467224121,2265.4114627838135,213
2761,24,34,0.0017609573,3099.7993309497833,51.22212362289429,2266.2319259643555,213
2762,24,34,0.0030309926,3100.9100539684296,51.23318147659302,2267.0540149211884,213
2763,24,34,0.0061099026,3102.0218901634216,51.2351815700531,2267.8832931518555,213
2764,24,34,0.002041545,3103.1389956474304,51.25070261955261,2268.7015640735626,213
2765,24,34,0.0011576843,3104.2585072517395,51.25275659561157,2269.5250160694122,213
2766,24,34,0.000940992,3105.373001098633,51.25492477416992,2270.34334397316,213
2767,24,34,0.08519043,3106.489152431488,51.28141379356384,2271.1605999469757,213
2768,24,34,0.00078732154,3107.6057558059692,51.291348934173584,2271.9852378368378,213
2769,24,34,0.0086338315,3108.7396478652954,51.312893867492676,2272.809238910675,213
2770,24,34,0.13108428,3109.847074985504,51.330535888671875,2273.631819009781,213
2771,24,34,0.012564789,3110.967441558838,51.35303568840027,2274.4547278881073,213
2772,24,34,0.027763344,3112.080544948578,51.3734667301178,2275.2729256153107,213
2773,24,34,0.024065148,3113.1911566257477,51.3871066570282,2276.096985578537,213
2774,24,34,0.061903156,3114.3080587387085,51.39722466468811,2276.916499853134,213
2775,24,34,0.0020683196,3115.427890062332,51.42991065979004,2277.734622001648,213
2776,24,34,0.018388107,3116.5453474521637,51.45528984069824,2278.5547330379486,213
2777,24,34,0.0012237869,3117.665693998337,51.48720574378967,2279.3708329200745,213
2778,24,34,0.0018982934,3118.7777638435364,51.48924779891968,2280.1891429424286,213
2779,24,34,0.008324196,3119.893255710602,51.49097967147827,2281.0118210315704,213
2780,24,34,0.0038980944,3121.0107052326202,51.50939059257507,2281.8359088897705,213
2781,24,34,0.04156443,3122.1325109004974,51.527716398239136,2282.6526367664337,213
2782,24,34,0.0015301313,3123.242185115814,51.541675329208374,2283.466841697693,213
2783,24,34,0.008949291,3124.357437849045,51.543694257736206,2284.282307624817,213
2784,24,34,0.047087345,3125.488126039505,51.57547116279602,2285.1075546741486,213
2785,24,34,0.0015142807,3126.6120767593384,51.58870530128479,2285.926124572754,213
2786,24,34,0.038329925,3127.7277150154114,51.59081721305847,2286.754786491394,213
2787,24,34,0.01697117,3128.854983329773,51.61783719062805,2287.576667547226,213
2788,24,34,0.008255181,3129.9707493782043,51.632153034210205,2288.3955733776093,213
2789,24,34,0.16543436,3131.0978531837463,51.65336513519287,2289.218514442444,213
2790,24,34,0.010202883,3132.2185237407684,51.66899824142456,2290.0383331775665,213
2791,24,34,0.03437735,3133.3167054653168,51.67098331451416,2290.864132165909,213
2792,24,34,0.018977117,3134.424838066101,51.680002212524414,2291.6791472434998,213
2793,24,34,0.0039274916,3135.532541036606,51.68377113342285,2292.505344390869,213
2794,24,34,0.00086003443,3136.65895485878,51.70186400413513,2293.3271672725677,213
2795,24,34,0.0046959044,3137.775583267212,51.722450971603394,2294.1585171222687,213
2796,24,34,0.009454165,3138.8915143013,51.74543786048889,2294.9752531051636,213
2797,24,34,0.025621746,3139.993945837021,51.74735689163208,2295.7989270687103,213
2798,24,34,0.006377786,3141.114603281021,51.77245378494263,2296.6175723075867,213
2799,24,34,0.093765415,3142.235695362091,51.78605675697327,2297.4327681064606,213
2800,24,34,0.0040471065,3143.3578765392303,51.78805661201477,2298.247362136841,213
2801,24,34,0.033557475,3144.470984697342,51.793232679367065,2299.0711331367493,213
2802,24,34,0.0048969975,3145.586753845215,51.79960083961487,2299.8881850242615,213
2803,24,34,0.02478487,3146.6972048282623,51.81765389442444,2300.7059762477875,213
2804,24,34,0.0011956136,3147.8122453689575,51.82266402244568,2301.5205442905426,213
2805,24,34,0.0006372008,3148.9371173381805,51.83360719680786,2302.344255208969,213
2806,24,34,0.0007646946,3150.0561542510986,51.85404419898987,2303.164314031601,213
2807,24,34,0.0076297624,3151.1684205532074,51.86823129653931,2303.981812953949,213
2808,24,34,0.058566738,3152.2786853313446,51.87498426437378,2304.801726102829,213
2809,24,34,0.03260704,3153.394224882126,51.87698221206665,2305.619133234024,213
2810,24,34,0.0014486028,3154.5052926540375,51.88832926750183,2306.4435584545135,213
2811,24,35,0.017389927,3155.990947008133,52.26208424568176,2307.265692472458,213
2812,25,35,0.00073006377,3157.0163385868073,52.264289140701294,2308.088043689728,213
2813,25,35,0.0012145374,3158.143219470978,52.27890110015869,2308.9066116809845,213
2814,25,35,0.016668318,3159.2579686641693,52.30822801589966,2309.72399187088,213
2815,25,35,0.005041913,3160.37184381485,52.310253858566284,2310.5430047512054,213
2816,25,35,0.0040784925,3161.5012311935425,52.33535099029541,2311.364973783493,213
2817,25,35,0.0012727224,3162.6171176433563,52.337472915649414,2312.190548658371,213
2818,25,35,0.0007484488,3163.7383120059967,52.33956694602966,2313.0147426128387,213
2819,25,35,0.0003839152,3164.856342792511,52.35090613365173,2313.840704679489,213
2820,25,35,0.009152228,3165.9677889347076,52.37275719642639,2314.657985687256,213
2821,25,35,0.0011646204,3167.084409236908,52.374778270721436,2315.490422964096,213
2822,25,35,0.004052844,3168.196804523468,52.389034271240234,2316.3046867847443,213
2823,25,35,0.002452858,3169.314232826233,52.396732330322266,2317.121592760086,213
2824,25,35,0.0034295423,3170.4290380477905,52.3986382484436,2317.9399099349976,213
2825,25,35,0.123810425,3171.5391840934753,52.42763948440552,2318.7538380622864,213
2826,25,35,0.00011958322,3172.6536943912506,52.429826498031616,2319.58309006691,213
2827,25,35,0.050355434,3173.773957490921,52.43183445930481,2320.4035143852234,213
2828,25,35,0.0014835707,3174.894990682602,52.43388342857361,2321.225524187088,213
2829,25,35,0.00010275418,3176.0196075439453,52.4358925819397,2322.0503299236298,213
2830,25,35,0.10868614,3177.1372458934784,52.43813967704773,2322.878702878952,213
2831,25,35,0.0007663287,3178.269556760788,52.46551465988159,2323.6943850517273,213
2832,25,35,0.00021296965,3179.3892369270325,52.493802547454834,2324.5132598876953,213
2833,25,35,0.015251513,3180.4990134239197,52.51694869995117,2325.333099126816,213
2834,25,35,0.0037998697,3181.6232669353485,52.545408725738525,2326.1523671150208,213
2835,25,35,0.024700694,3182.7413301467896,52.57686972618103,2326.964568376541,213
2836,25,35,0.0012891438,3183.8606312274933,52.59700059890747,2327.7857704162598,213
2837,25,35,0.00028194237,3184.9824907779694,52.60107660293579,2328.6081686019897,213
2838,25,35,0.027931873,3186.097420692444,52.60424256324768,2329.431961774826,213
2839,25,35,0.008145835,3187.2128579616547,52.61333656311035,2330.2542276382446,213
2840,25,35,0.007254313,3188.3282623291016,52.62852168083191,2331.079223394394,213
2841,25,35,0.006561468,3189.437082052231,52.633485555648804,2331.895673274994,213
2842,25,35,0.0012932105,3190.545168399811,52.637449741363525,2332.7154071331024,213
2843,25,35,0.007998999,3191.660148859024,52.64981269836426,2333.5419132709503,213
2844,25,35,0.004126939,3192.783527135849,52.65186953544617,2334.365345478058,213
2845,25,35,0.0007925323,3193.902232646942,52.685853481292725,2335.1803023815155,213
2846,25,35,0.0073365713,3195.0084302425385,52.68842649459839,2335.9971170425415,213
2847,25,35,0.0056613004,3196.1323251724243,52.69572353363037,2336.819893360138,213
2848,25,35,0.0036983015,3197.2609539031982,52.713077545166016,2337.646867275238,213
2849,25,35,0.00735908,3198.3801169395447,52.72355341911316,2338.4687621593475,213
2850,25,35,0.00078246364,3199.4875378608704,52.74019646644592,2339.2857830524445,213
2851,25,35,0.010634507,3200.604863882065,52.76328229904175,2340.1057000160217,213
2852,25,35,3.4504366e-05,3201.7164375782013,52.76939630508423,2340.9222350120544,213
2853,25,35,0.028493784,3202.8287210464478,52.77366232872009,2341.7455451488495,213
2854,25,35,0.000903383,3203.9451088905334,52.775681257247925,2342.5713012218475,213
2855,25,35,0.00265571,3205.064373731613,52.77760624885559,2343.399700164795,213
2856,25,35,0.05974251,3206.179436683655,52.77958011627197,2344.224958181381,213
2857,25,35,0.013477582,3207.2879049777985,52.79168629646301,2345.0375411510468,213
2858,25,35,0.0021615562,3208.422559738159,52.81510519981384,2345.8629109859467,213
2859,25,35,0.03290849,3209.5469977855682,52.84182524681091,2346.6794798374176,213
2860,25,35,0.0022428357,3210.655542612076,52.844250202178955,2347.498973608017,213
2861,25,35,0.004955303,3211.7713322639465,52.86283206939697,2348.3182876110077,213
2862,25,35,0.005789848,3212.8850469589233,52.88122820854187,2349.132355451584,213
2863,25,35,0.00040912203,3214.00923538208,52.906989097595215,2349.9517953395844,213
2864,25,35,0.011302776,3215.135489463806,52.922791957855225,2350.7641003131866,213
2865,25,35,0.0011889578,3216.246760368347,52.92476487159729,2351.575761318207,213
2866,25,35,0.047242645,3217.3629422187805,52.94349193572998,2352.3980243206024,213
2867,25,35,0.00012270676,3218.468848466873,52.94818902015686,2353.216593503952,213
2868,25,35,0.0021338288,3219.5864531993866,52.96533393859863,2354.0333642959595,213
2869,25,35,0.00010783099,3220.6968927383423,52.98094701766968,2354.852254152298,213
2870,25,35,0.019980928,3221.8234536647797,52.98282480239868,2355.6716129779816,213
2871,25,35,0.0055885357,3222.9471695423126,52.992836713790894,2356.492159843445,213
2872,25,35,0.012897414,3224.064611196518,53.000701665878296,2357.3169276714325,213
2873,25,35,0.00045693363,3225.1792023181915,53.002662658691406,2358.143187522888,213
2874,25,35,0.0030085086,3226.2937161922455,53.01390480995178,2358.960668563843,213
2875,25,35,0.0071214796,3227.4165387153625,53.01589870452881,2359.7783443927765,213
2876,25,35,0.008270623,3228.5219116210938,53.01789855957031,2360.600769519806,213
2877,25,35,0.003965208,3229.628084897995,53.027899503707886,2361.418920278549,213
2878,25,35,0.0007705434,3230.7361357212067,53.03825545310974,2362.238709449768,213
2879,25,35,0.0025165011,3231.8693296909332,53.05900764465332,2363.0653715133667,213
2880,25,35,0.01580086,3232.978469848633,53.06140065193176,2363.882347345352,213
2881,25,35,0.003071467,3234.0832245349884,53.07658863067627,2364.697254419327,213
2882,25,35,0.00028051957,3235.199487924576,53.0785014629364,2365.513415336609,213
2883,25,35,0.00027409638,3236.3196094036102,53.0805184841156,2366.3402783870697,213
2884,25,35,0.008807962,3237.446498632431,53.082478523254395,2367.1687903404236,213
2885,25,35,0.0011806869,3238.5558426380157,53.09836554527283,2367.9903264045715,213
2886,25,35,0.00043507395,3239.6683855056763,53.10529541969299,2368.806139230728,213
2887,25,35,0.0013641929,3240.782258749008,53.10957145690918,2369.628826379776,213
2888,25,35,0.0004393324,3241.907126426697,53.11165452003479,2370.454948425293,213
2889,25,35,0.00017895654,3243.017599105835,53.12227439880371,2371.2780413627625,213
2890,25,35,0.009598143,3244.1350994110107,53.14053225517273,2372.097266435623,213
2891,25,35,0.0031322758,3245.2565751075745,53.15052127838135,2372.9236636161804,213
2892,25,35,0.007236085,3246.3707304000854,53.15825438499451,2373.7503654956818,213
2893,25,35,0.0060215336,3247.498948097229,53.17566633224487,2374.5649695396423,213
2894,25,35,0.047533035,3248.603287935257,53.177757263183594,2375.3799114227295,213
2895,25,35,0.030687379,3249.7188692092896,53.17986345291138,2376.1931314468384,213
2896,25,35,0.0021285769,3250.8271980285645,53.18195843696594,2377.0114736557007,213
2897,25,35,0.0001658451,3251.9413549900055,53.19334936141968,2377.832197666168,213
2898,25,35,0.0008677963,3253.0602548122406,53.19538950920105,2378.6553506851196,213
2899,25,35,0.0011735794,3254.184170484543,53.21977257728577,2379.479244709015,213
2900,25,35,0.000496666,3255.308944940567,53.25509858131409,2380.29327249527,213
2901,25,35,0.060939603,3256.415859937668,53.26513862609863,2381.1157536506653,213
2902,25,35,0.0011355648,3257.5266535282135,53.28349947929382,2381.9307034015656,213
2903,25,35,0.021828681,3258.64386343956,53.30451941490173,2382.743848323822,213
2904,25,35,0.0035924707,3259.7690608501434,53.324711561203,2383.56338262558,213
2905,25,35,0.0018850768,3260.878048181534,53.326815605163574,2384.38565659523,213
2906,25,36,0.051585466,3262.3705310821533,53.70849370956421,2385.201287508011,213
2907,25,36,0.0006848929,3263.490487098694,53.71022272109985,2386.0229053497314,213
2908,25,36,0.04561129,3264.616559267044,53.72221064567566,2386.8453102111816,213
2909,25,36,0.00016423184,3265.730949163437,53.73048758506775,2387.6697142124176,213
2910,25,36,0.0015737171,3266.8435850143433,53.73284959793091,2388.4844431877136,213
2911,25,36,0.0030264573,3267.9649243354797,53.75256562232971,2389.3057191371918,213
2912,25,36,0.008629317,3269.0783157348633,53.762444496154785,2390.138244152069,213
2913,25,36,0.0033776464,3270.1928918361664,53.79217743873596,2390.956008911133,213
2914,25,36,0.0014805087,3271.314607858658,53.82167363166809,2391.7780618667603,213
2915,25,36,0.018706856,3272.4338204860687,53.831422567367554,2392.601884841919,213
2916,25,36,0.0005200934,3273.554445743561,53.871936559677124,2393.4150257110596,213
2917,25,36,0.00011492892,3274.6794192790985,53.87399744987488,2394.2367877960205,213
2918,25,36,0.00036618166,3275.8009996414185,53.87599539756775,2395.0576479434967,213
2919,25,36,0.0003066628,3276.9104516506195,53.8783814907074,2395.8799617290497,213
2920,25,36,0.03812551,3278.026418685913,53.880494594573975,2396.6963868141174,213
2921,25,36,9.158277e-05,3279.141662836075,53.90521955490112,2397.5143728256226,213
2922,25,36,0.03825561,3280.261475801468,53.92830753326416,2398.3398237228394,213
2923,25,36,0.0036739458,3281.3807039260864,53.930612564086914,2399.167353630066,213
2924,25,36,0.0011571203,3282.4897339344025,53.93301057815552,2399.9815356731415,213
2925,25,36,0.008127281,3283.610520839691,53.93518257141113,2400.7999556064606,213
2926,25,36,0.023030942,3284.730692625046,53.95928454399109,2401.6235234737396,213
2927,25,36,0.0017366457,3285.8408823013306,53.96986246109009,2402.4498603343964,213
2928,25,36,0.00034087696,3286.9587531089783,53.98570251464844,2403.2693581581116,213
2929,26,36,0.02005523,3287.9826748371124,53.98816752433777,2404.0835230350494,213
2930,26,36,0.0012451741,3289.0954127311707,53.99020862579346,2404.9056882858276,213
2931,26,36,0.093535155,3290.213698863983,54.00894474983215,2405.725798368454,213
2932,26,36,0.005246346,3291.32573056221,54.01080775260925,2406.543643474579,213
2933,26,36,0.0031702127,3292.4468936920166,54.02133774757385,2407.362183570862,213
2934,26,36,0.026732886,3293.5556399822235,54.02338480949402,2408.1868245601654,213
2935,26,36,0.027757758,3294.674402475357,54.03496789932251,2409.014274597168,213
2936,26,36,0.014573186,3295.774394750595,54.045275926589966,2409.8378286361694,213
2937,26,36,0.0071255425,3296.8813574314117,54.05429196357727,2410.6633954048157,213
2938,26,36,0.041637957,3298.0030772686005,54.068094968795776,2411.4861657619476,213
2939,26,36,0.005329976,3299.135674238205,54.09351301193237,2412.3127987384796,213
2940,26,36,0.003471656,3300.260895252228,54.11203598976135,2413.142085790634,213
2941,26,36,0.011319809,3301.385481119156,54.13789916038513,2413.962243795395,213
2942,26,36,0.0806654,3302.499644756317,54.160622119903564,2414.7767417430878,213
2943,26,36,0.0035104856,3303.6054425239563,54.178293228149414,2415.5913605690002,213
2944,26,36,0.003770269,3304.720198392868,54.20482110977173,2416.4097998142242,213
2945,26,36,0.08665543,3305.8423840999603,54.21989417076111,2417.232647895813,213
2946,26,36,0.011327297,3306.966023206711,54.22194218635559,2418.0556497573853,213
2947,26,36,0.0005872211,3308.0735681056976,54.2248330116272,2418.87846493721,213
2948,26,36,0.00024041171,3309.1782870292664,54.22905397415161,2419.7035048007965,213
2949,26,36,0.037772417,3310.2879316806793,54.230973958969116,2420.5256259441376,213
2950,26,36,0.004331669,3311.409260749817,54.25108790397644,2421.3490459918976,213
2951,26,36,0.0030190023,3312.530378103256,54.27323389053345,2422.172390937805,213
2952,26,36,0.011713725,3313.6417973041534,54.27860379219055,2422.9912078380585,213
2953,26,36,0.046366688,3314.7650170326233,54.30714464187622,2423.80814576149,213
2954,26,36,0.00065735914,3315.868336200714,54.32331657409668,2424.631540775299,213
2955,26,36,0.10334458,3316.9820930957794,54.325268507003784,2425.452877998352,213
2956,26,36,0.02177786,3318.0935208797455,54.339757442474365,2426.269775867462,213
2957,26,36,0.017088056,3319.2004747390747,54.353567361831665,2427.0875408649445,213
2958,26,36,0.512387,3320.3104224205017,54.35539937019348,2427.9074099063873,213
2959,26,36,0.0068730284,3321.434641122818,54.35726022720337,2428.7235469818115,213
2960,26,36,0.007400447,3322.5519635677338,54.36703109741211,2429.546530008316,213
2961,26,36,0.16023271,3323.6580135822296,54.37043499946594,2430.365952014923,213
2962,26,36,0.055411234,3324.7725636959076,54.38958787918091,2431.1873519420624,213
2963,26,36,0.0026835701,3325.8947656154633,54.39162087440491,2432.003839969635,213
2964,26,36,0.19979663,3327.0087311267853,54.395885944366455,2432.8263280391693,213
2965,26,36,0.093013346,3328.1359305381775,54.41104316711426,2433.654249191284,213
2966,26,36,0.025152178,3329.246435880661,54.41441822052002,2434.481988430023,213
2967,26,36,0.045446046,3330.365231513977,54.44342541694641,2435.303276538849,213
2968,26,36,0.0348753,3331.491465806961,54.46575355529785,2436.1208107471466,213
2969,26,36,0.011775978,3332.6023988723755,54.47884154319763,2436.936328649521,213
2970,26,36,0.07996763,3333.709865093231,54.489187479019165,2437.75555062294,213
2971,26,36,0.056100123,3334.819839477539,54.513601541519165,2438.5723528862,213
2972,26,36,0.020668408,3335.9289441108704,54.5155885219574,2439.3947105407715,213
2973,26,36,0.07697652,3337.038455247879,54.51914954185486,2440.216293334961,213
2974,26,36,0.12459623,3338.1597974300385,54.53642964363098,2441.0402414798737,213
2975,26,36,0.02678794,3339.2782735824585,54.55329155921936,2441.861367225647,213
2976,26,36,0.015744947,3340.3878180980682,54.55527853965759,2442.6820154190063,213
2977,26,36,0.031362716,3341.501609802246,54.55769062042236,2443.506922483444,213
2978,26,36,0.1700946,3342.6329433918,54.55982255935669,2444.3329694271088,213
2979,26,36,0.035895042,3343.7588601112366,54.561758518218994,2445.1513254642487,213
2980,26,37,0.0125069,3345.263786792755,54.94751739501953,2445.9687945842743,213
2981,26,37,0.00023457869,3346.3920497894287,54.94930648803711,2446.790865421295,213
2982,26,37,0.0012746383,3347.5126428604126,54.95167541503906,2447.618501186371,213
2983,26,37,0.00088796136,3348.6262538433075,54.95415449142456,2448.440329313278,213
2984,26,37,0.0004532127,3349.744814157486,54.99192762374878,2449.2536804676056,213
2985,26,37,0.0019298104,3350.889736175537,55.008880615234375,2450.0780153274536,213
2986,26,37,0.018965337,3352.0139384269714,55.04656457901001,2450.896731376648,213
2987,26,37,0.011841606,3353.133390903473,55.04855561256409,2451.725429058075,213
2988,26,37,0.0027576638,3354.241778612137,55.0572235584259,2452.537546157837,213
2989,26,37,0.04201252,3355.3620779514313,55.07359051704407,2453.3630912303925,213
2990,26,37,0.0023807692,3356.476703643799,55.075671672821045,2454.1878414154053,213
2991,26,37,0.007267964,3357.5917913913727,55.07742166519165,2455.006005525589,213
2992,26,37,0.04934118,3358.710615634918,55.087790727615356,2455.825415611267,213
2993,26,37,0.0019677058,3359.8269753456116,55.08989953994751,2456.64316034317,213
2994,26,37,0.00094867434,3360.950975418091,55.11285734176636,2457.4597594738007,213
2995,26,37,0.0013628828,3362.0717973709106,55.12438440322876,2458.283850669861,213
2996,26,37,0.00026841974,3363.1897711753845,55.126508474349976,2459.1030576229095,213
2997,26,37,0.00053705694,3364.299661874771,55.12847542762756,2459.9314665794373,213
2998,26,37,0.045567546,3365.4094088077545,55.140419244766235,2460.751286506653,213
2999,26,37,0.0140534155,3366.5197246074677,55.14255905151367,2461.574198484421,213
3000,26,37,0.009964485,3367.6429002285004,55.160489082336426,2462.399599313736,213
3001,26,37,0.00070684904,3368.750588655472,55.177244901657104,2463.217960357666,213
3002,26,37,0.05159985,3369.871787071228,55.195727825164795,2464.039207458496,213
3003,26,37,0.001772647,3370.997389793396,55.221067667007446,2464.8640162944794,213
3004,26,37,0.0020669946,3372.116525411606,55.223007678985596,2465.68901515007,213
3005,26,37,0.00801965,3373.24188041687,55.253363847732544,2466.5052382946014,213
3006,26,37,0.0007188545,3374.355369091034,55.2734158039093,2467.328625202179,213
3007,26,37,0.014859323,3375.482212781906,55.28768992424011,2468.142584323883,213
3008,26,37,0.055708975,3376.666252374649,55.366549015045166,2468.9592332839966,213
3009,26,37,0.0038426411,3377.787897825241,55.36852407455444,2469.786602497101,213
3010,26,37,0.0002814937,3378.9015684127808,55.39294695854187,2470.5984222888947,213
3011,26,37,0.055327345,3380.0161333084106,55.40112280845642,2471.4221494197845,213
3012,26,37,0.020299565,3381.1468875408173,55.422730922698975,2472.234904527664,213
3013,26,37,0.0053794775,3382.271102666855,55.439976930618286,2473.0571784973145,213
3014,26,37,0.0061867023,3383.389863729477,55.46361207962036,2473.876005411148,213
3015,26,37,0.002680218,3384.5078773498535,55.47844409942627,2474.69415140152,213
3016,26,37,0.0007511171,3385.615512609482,55.48814105987549,2475.520007133484,213
3017,26,37,0.003882927,3386.728621482849,55.49965524673462,2476.342336177826,213
3018,26,37,0.028210934,3387.8404054641724,55.516287326812744,2477.1597471237183,213
3019,26,37,0.12004802,3388.955846309662,55.51820635795593,2477.9772419929504,213
3020,26,37,0.062686734,3390.078300714493,55.5236382484436,2478.794387817383,213
3021,26,37,0.021254074,3391.1981103420258,55.53663110733032,2479.617691755295,213
3022,26,37,0.01286717,3392.3126306533813,55.55762505531311,2480.4446437358856,213
3023,26,37,0.004569979,3393.426367521286,55.58324885368347,2481.2619597911835,213
3024,26,37,0.0031088537,3394.5377893447876,55.60426378250122,2482.08248090744,213
3025,26,37,0.00668579,3395.657628774643,55.62219476699829,2482.893970966339,213
3026,26,37,0.0041782893,3396.7831740379333,55.624406814575195,2483.719144821167,213
3027,26,37,0.0022694976,3397.905328273773,55.64412975311279,2484.5389206409454,213
3028,26,37,0.01328971,3399.022642850876,55.65867376327515,2485.3585917949677,213
3029,26,37,0.010581825,3400.1360018253326,55.66870474815369,2486.1748559474945,213
3030,26,37,0.0031776642,3401.2499208450317,55.67878079414368,2486.999694108963,213
3031,26,37,0.0024108614,3402.375635623932,55.69557571411133,2487.8206129074097,213
3032,26,37,0.0005187643,3403.495990753174,55.73038172721863,2488.639305114746,213
3033,26,37,0.009314136,3404.627163887024,55.745121717453,2489.4565670490265,213
3034,26,37,0.014329402,3405.7502388954163,55.74688982963562,2490.2778992652893,213
3035,26,37,0.0025838069,3406.864356994629,55.751014709472656,2491.098651409149,213
3036,26,37,0.019391067,3407.984757900238,55.75300884246826,2491.922699213028,213
3037,26,37,0.048200604,3409.099398136139,55.787938833236694,2492.7358841896057,213
3038,26,37,0.060288325,3410.208889245987,55.80481791496277,2493.550159215927,213
3039,26,37,0.004764556,3411.3190410137177,55.81513595581055,2494.3731961250305,213
3040,26,37,0.035301976,3412.4271063804626,55.82357096672058,2495.193318128586,213
3041,26,37,0.0002970131,3413.5545477867126,55.84690880775452,2496.0100531578064,213
3042,26,37,0.008956212,3414.66309094429,55.85140562057495,2496.826831102371,213
3043,26,37,0.005713409,3415.7734928131104,55.878990650177,2497.645166158676,213
3044,26,37,0.0053885356,3416.9039783477783,55.89822268486023,2498.462747335434,213
3045,26,37,0.000865888,3418.0181336402893,55.90794777870178,2499.283862352371,213
3046,26,37,0.032521658,3419.1333436965942,55.909846782684326,2500.1118364334106,213
3047,27,37,0.13526763,3420.145434856415,55.91215777397156,2500.9258716106415,213
3048,27,37,0.005677021,3421.2658360004425,55.93949270248413,2501.744728565216,213
3049,27,37,0.0021509477,3422.3755943775177,55.95068979263306,2502.566537618637,213
3050,27,37,0.049702145,3423.492438316345,55.98252081871033,2503.3796327114105,213
3051,27,37,0.099618316,3424.5990223884583,55.98463702201843,2504.2024297714233,213
3052,27,37,0.02068212,3425.7147600650787,56.00417709350586,2505.01726770401,213
3053,27,37,0.009285703,3426.845288515091,56.006129026412964,2505.841386795044,213
3054,27,37,0.0011976719,3427.967740535736,56.023972034454346,2506.660160779953,213
3055,27,37,0.01236337,3429.083375930786,56.04613900184631,2507.4776356220245,213
3056,27,37,0.002465845,3430.203539609909,56.05604696273804,2508.301488637924,213
3057,27,37,0.008239864,3431.311551809311,56.060466051101685,2509.1145057678223,213
3058,27,37,0.020751018,3432.4403023719788,56.062511920928955,2509.946162700653,213
3059,27,37,0.09210693,3433.5656399726868,56.07162094116211,2510.7738947868347,213
3060,27,37,0.07514713,3434.6785304546356,56.07601594924927,2511.5999677181244,213
3061,27,37,0.0044873413,3435.797206401825,56.089481830596924,2512.42395567894,213
3062,27,37,0.037803713,3436.9073872566223,56.09797668457031,2513.253524541855,213
3063,27,37,0.002078529,3438.0216653347015,56.10865783691406,2514.072732448578,213
3064,27,37,0.00062722666,3439.1415433883667,56.11060905456543,2514.907576560974,213
3065,27,37,0.010204818,3440.246912956238,56.12487721443176,2515.725855588913,213
3066,27,37,0.029599031,3441.3604295253754,56.13117814064026,2516.5528078079224,213
3067,27,37,0.00017200706,3442.4792618751526,56.149553060531616,2517.3757297992706,213
3068,27,37,0.0014775711,3443.594809770584,56.16229510307312,2518.1916308403015,213
3069,27,37,0.043206137,3444.705065727234,56.17986512184143,2519.0104467868805,213
3070,27,37,0.011889421,3445.8339290618896,56.19808220863342,2519.827122926712,213
3071,27,37,0.0073257666,3446.9379875659943,56.210957288742065,2520.6419088840485,213
3072,27,37,0.0026597888,3448.046530008316,56.217557191848755,2521.4603180885315,213
3073,27,37,0.006148219,3449.1704614162445,56.23415231704712,2522.28955411911,213
3074,27,37,0.004839578,3450.2785840034485,56.23630142211914,2523.1019489765167,213
3075,27,37,0.017995156,3451.408365249634,56.26116633415222,2523.922770023346,213
3076,27,37,0.01397774,3452.5328662395477,56.295735359191895,2524.7415840625763,213
3077,27,37,0.0004522982,3453.6513543128967,56.31626343727112,2525.55876493454,213
3078,27,37,0.024091488,3454.775089740753,56.32310962677002,2526.3785140514374,213
3079,27,37,0.00024742723,3455.8929517269135,56.33502554893494,2527.198273897171,213
3080,27,37,0.008349884,3457.012463569641,56.35160851478577,2528.0252499580383,213
3081,27,37,0.013989247,3458.11772441864,56.3590304851532,2528.8488438129425,213
3082,27,37,0.0017090869,3459.2439074516296,56.37925148010254,2529.6699435710907,213
3083,27,38,0.0033046196,3460.740924835205,56.766740560531616,2530.4925544261932,213
3084,27,38,0.0013372086,3461.848947763443,56.77282476425171,2531.313609600067,213
3085,27,38,0.00046783438,3462.9591023921967,56.77511978149414,2532.132082462311,213
3086,27,38,0.0056565027,3464.0845415592194,56.78380870819092,2532.9620084762573,213
3087,27,38,0.00022658425,3465.20227766037,56.78610968589783,2533.78862452507,213
3088,27,38,0.00018715911,3466.3134129047394,56.79733467102051,2534.605575799942,213
3089,27,38,9.270977e-05,3467.4359645843506,56.8065185546875,2535.431770801544,213
3090,27,38,0.00019075553,3468.5543501377106,56.81429958343506,2536.2498037815094,213
3091,27,38,0.00025160122,3469.669543027878,56.81604266166687,2537.068904876709,213
3092,27,38,0.0010331104,3470.805582523346,56.83986854553223,2537.893494129181,213
3093,27,38,0.016511403,3471.906614303589,56.84339165687561,2538.71337389946,213
3094,27,38,0.00056159246,3473.0188796520233,56.84554648399353,2539.5337657928467,213
3095,27,38,0.0002503252,3474.1380462646484,56.85428047180176,2540.3526010513306,213
3096,27,38,9.8798126e-05,3475.2477254867554,56.862072467803955,2541.1750149726868,213
3097,27,38,1.0837964e-05,3476.3674631118774,56.8721444606781,2541.990115880966,213
3098,27,38,0.08787956,3477.4755527973175,56.874103307724,2542.812336921692,213
3099,27,38,0.0002341494,3478.5876791477203,56.89545130729675,2543.63858294487,213
3100,27,38,0.00066922297,3479.698034286499,56.899346351623535,2544.461350917816,213
3101,27,38,0.0035999946,3480.8096520900726,56.918232440948486,2545.2847940921783,213
3102,27,38,0.001900526,3481.918037891388,56.954206466674805,2546.100392103195,213
3103,27,38,0.001735121,3483.0273773670197,56.971137285232544,2546.923269033432,213
3104,27,38,0.054536227,3484.1489799022675,56.989880323410034,2547.7466859817505,213
3105,27,38,0.0042455294,3485.2713243961334,56.99237036705017,2548.568552017212,213
3106,27,38,0.0028599699,3486.383401632309,56.994619369506836,2549.3943309783936,213
3107,27,38,0.0102189295,3487.4974677562714,57.00342321395874,2550.2133128643036,213
3108,27,38,0.004322434,3488.62225484848,57.00564002990723,2551.0390906333923,213
3109,27,38,0.0009976474,3489.7436969280243,57.00903797149658,2551.8603506088257,213
3110,27,38,0.00036207828,3490.859350681305,57.02773690223694,2552.6857645511627,213
3111,27,38,0.011548945,3491.9813754558563,57.0458869934082,2553.5056126117706,213
3112,27,38,0.006274009,3493.099556207657,57.05365300178528,2554.325902700424,213
3113,27,38,0.00046929825,3494.219581604004,57.06135106086731,2555.146628856659,213
3114,27,38,0.00034406548,3495.343350172043,57.09673714637756,2555.9742708206177,213
3115,27,38,0.00806998,3496.454437017441,57.12024712562561,2556.790505886078,213
3116,27,38,0.00044251603,3497.5696742534637,57.131288290023804,2557.611083984375,213
3117,27,38,0.19087723,3498.681665420532,57.147666454315186,2558.4307589530945,213
3118,27,38,9.037118e-06,3499.805656194687,57.160911321640015,2559.2483808994293,213
3119,27,38,0.0001230271,3500.9183666706085,57.19543743133545,2560.0629227161407,213
3120,27,38,0.0018715323,3502.04101228714,57.23183536529541,2560.8836658000946,213
3121,27,38,0.0026623518,3503.159346818924,57.25030040740967,2561.71129655838,213
3122,27,38,0.00019488274,3504.2678990364075,57.254791259765625,2562.532890558243,213
3123,27,38,0.005755459,3505.3904399871826,57.280808448791504,2563.357699394226,213
3124,27,38,0.0040936656,3506.503829240799,57.30075240135193,2564.173255443573,213
3125,27,38,0.003132242,3507.6422793865204,57.3027024269104,2565.001210451126,213
3126,27,38,0.008219027,3508.762023448944,57.3078453540802,2565.825700521469,213
3127,27,38,0.0019620832,3509.88121843338,57.3180673122406,2566.647380590439,213
3128,27,38,0.13955,3510.991140604019,57.33351230621338,2567.4665825366974,213
3129,27,38,0.025942385,3512.1051030158997,57.338682413101196,2568.2953124046326,213
3130,27,38,0.0018467638,3513.217203617096,57.34054231643677,2569.1176772117615,213
3131,27,38,0.0090823835,3514.353696346283,57.378254413604736,2569.934977054596,213
3132,27,38,0.002090359,3515.4696021080017,57.40348434448242,2570.7566289901733,213
3133,27,38,0.16948663,3516.5824975967407,57.41132640838623,2571.5738260746,213
3134,27,38,0.029101813,3517.702531337738,57.43425750732422,2572.39364528656,213
3135,27,38,0.0622987,3518.825188398361,57.44321846961975,2573.213813304901,213
3136,27,38,0.0044445186,3519.9290993213654,57.446059465408325,2574.0373711586,213
3137,27,38,0.0016727096,3521.0391879081726,57.47292137145996,2574.8542551994324,213
3138,27,38,0.0013263153,3522.179404258728,57.474844455718994,2575.6771211624146,213
3139,27,38,0.020746563,3523.2955119609833,57.49422764778137,2576.500279188156,213
3140,27,38,0.0006462049,3524.396582841873,57.49604678153992,2577.3261461257935,213
3141,27,38,0.0017995951,3525.519419193268,57.52714967727661,2578.143424987793,213
3142,27,38,0.0028342998,3526.6417508125305,57.54281282424927,2578.976730108261,213
3143,27,38,0.05559293,3527.766655921936,57.56984901428223,2579.7922620773315,213
3144,27,38,0.0010900237,3528.875284433365,57.57820510864258,2580.6170132160187,213
3145,27,38,0.00093930704,3529.990599632263,57.59048104286194,2581.442137002945,213
3146,27,38,0.04623763,3531.1034610271454,57.6157500743866,2582.2677130699158,213
3147,27,38,0.0059636803,3532.219019174576,57.61789298057556,2583.0947964191437,213
3148,27,38,0.0026357688,3533.328138589859,57.62476301193237,2583.908265352249,213
3149,27,38,0.0011617166,3534.447700738907,57.64241313934326,2584.72989821434,213
3150,27,38,0.028409744,3535.555545091629,57.67133831977844,2585.544942378998,213
3151,27,38,0.0013680581,3536.664052248001,57.676549434661865,2586.365391254425,213
3152,27,38,0.003810345,3537.7728130817413,57.682830572128296,2587.1832373142242,213
3153,27,38,0.0030393999,3538.8895773887634,57.68478536605835,2588.012836456299,213
3154,27,38,0.0028012805,3540.001106739044,57.69516444206238,2588.8316423892975,213
3155,27,38,0.0077958596,3541.1344451904297,57.72145652770996,2589.6535663604736,213
3156,27,38,0.0070769507,3542.2540304660797,57.75416660308838,2590.469578266144,213
3157,27,38,0.025373925,3543.3663017749786,57.75628447532654,2591.2934761047363,213
3158,27,38,0.008400222,3544.4807362556458,57.775036334991455,2592.1188180446625,213
3159,27,38,0.0009417999,3545.5853748321533,57.778348207473755,2592.938758134842,213
3160,27,38,0.0718663,3546.696530818939,57.79109001159668,2593.7614471912384,213
3161,27,38,0.0027411187,3547.8077986240387,57.80103588104248,2594.58562207222,213
3162,27,38,0.00043733488,3548.928026199341,57.806474924087524,2595.410010099411,213
3163,27,38,0.008168471,3550.0472328662872,57.81370997428894,2596.239654302597,213
3164,28,38,0.012994944,3551.0540969371796,57.81589388847351,2597.055623292923,213
3165,28,38,0.03574544,3552.1720695495605,57.82279682159424,2597.8793892860413,213
3166,28,38,0.00070532813,3553.2825915813446,57.832621812820435,2598.6999254226685,213
3167,28,38,0.0016981935,3554.3931002616882,57.847594022750854,2599.5173745155334,213
3168,28,38,0.008298326,3555.5107457637787,57.881468057632446,2600.3339376449585,213
3169,28,38,0.036079668,3556.6240270137787,57.883482217788696,2601.1549894809723,213
3170,28,38,0.0038127159,3557.7476377487183,57.89831829071045,2601.9771416187286,213
3171,28,38,0.00077543437,3558.8618524074554,57.91296029090881,2602.7973527908325,213
3172,28,38,0.0063460455,3559.982691526413,57.93618822097778,2603.6158158779144,213
3173,28,39,0.0005141601,3561.507997274399,58.34891128540039,2604.442757844925,213
3174,28,39,0.0013699793,3562.6083476543427,58.352585315704346,2605.2628281116486,213
3175,28,39,0.00030967916,3563.7240450382233,58.35462141036987,2606.0830070972443,213
3176,28,39,0.00026666638,3564.849495410919,58.384032249450684,2606.908644914627,213
3177,28,39,0.0005661205,3565.9790353775024,58.38605618476868,2607.7316229343414,213
3178,28,39,0.033179514,3567.0952541828156,58.38908624649048,2608.5494198799133,213
3179,28,39,0.00017165253,3568.2208886146545,58.390963315963745,2609.379149913788,213
3180,28,39,3.9554878e-05,3569.3325130939484,58.39293336868286,2610.1993329524994,213
3181,28,39,0.0011206152,3570.442974090576,58.397072315216064,2611.0163629055023,213
3182,28,39,0.00085480936,3571.5538413524628,58.410152196884155,2611.8345787525177,213
3183,28,39,1.7315133e-05,3572.6667733192444,58.41208028793335,2612.651302576065,213
3184,28,39,0.0022250898,3573.771562099457,58.41479420661926,2613.4686019420624,213
3185,28,39,9.409412e-05,3574.879772424698,58.42387819290161,2614.2962930202484,213
3186,28,39,6.669929e-05,3576.0090358257294,58.44281840324402,2615.1188881397247,213
3187,28,39,3.9866212e-05,3577.135057926178,58.45516848564148,2615.94384932518,213
3188,28,39,0.03874184,3578.24360704422,58.46561360359192,2616.766628265381,213
3189,28,39,0.0015353367,3579.3572964668274,58.47194051742554,2617.589159488678,213
3190,28,39,0.0394087,3580.4733316898346,58.47388458251953,2618.408782482147,213
3191,28,39,0.040513046,3581.601699113846,58.49856448173523,2619.2250406742096,213
3192,28,39,0.00011204835,3582.722029685974,58.50052738189697,2620.044546842575,213
3193,28,39,0.0038961614,3583.841993331909,58.50570058822632,2620.8706469535828,213
3194,28,39,0.0023830736,3584.9543504714966,58.51845955848694,2621.6861629486084,213
3195,28,39,0.002633697,3586.0841987133026,58.53902769088745,2622.503611803055,213
3196,28,39,0.00013318768,3587.1958196163177,58.54599356651306,2623.3220357894897,213
3197,28,39,0.004058579,3588.3133776187897,58.55471348762512,2624.1481387615204,213
3198,28,39,0.021965478,3589.430687904358,58.55629754066467,2624.9703369140625,213
3199,28,39,0.0050223847,3590.5509350299835,58.55829358100891,2625.7956540584564,213
3200,28,39,0.025680818,3591.6822085380554,58.58883857727051,2626.617701292038,213
3201,28,39,0.0018138208,3592.7982964515686,58.613964557647705,2627.4376745224,213
3202,28,39,0.08308659,3593.912039041519,58.62638473510742,2628.2587625980377,213
3203,28,39,0.0010731409,3595.021198987961,58.63535261154175,2629.0804965496063,213
3204,28,39,0.013801784,3596.13649725914,58.639291763305664,2629.8999257087708,213
3205,28,39,0.00034961838,3597.253991127014,58.64119863510132,2630.716459751129,213
3206,28,39,0.06714741,3598.3711347579956,58.652554750442505,2631.5392076969147,213
3207,28,39,0.011519488,3599.493622303009,58.674686670303345,2632.3607046604156,213
3208,28,39,0.003958473,3600.603664636612,58.69291162490845,2633.176641702652,213
3209,28,39,0.0028994554,3601.705895423889,58.69492554664612,2633.9971916675568,213
3210,28,39,0.16678402,3602.818761110306,58.699209451675415,2634.8210356235504,213
3211,28,39,0.00052073575,3603.9315617084503,58.72142553329468,2635.6422452926636,213
3212,28,39,0.092326194,3605.0418894290924,58.72405457496643,2636.4634323120117,213
3213,28,39,0.00037019837,3606.1646649837494,58.72600841522217,2637.2851932048798,213
3214,28,39,0.026130337,3607.2762126922607,58.72813129425049,2638.1095423698425,213
3215,28,39,0.043384053,3608.384179353714,58.76195526123047,2638.9271564483643,213
3216,28,39,0.016286902,3609.493257045746,58.763779401779175,2639.751245737076,213
3217,28,39,0.02410245,3610.6126141548157,58.77901744842529,2640.5735907554626,213
3218,28,39,0.110650815,3611.739359140396,58.782793283462524,2641.399766921997,213
3219,28,39,0.018144084,3612.851670742035,58.7879433631897,2642.21763586998,213
3220,28,39,0.11493486,3613.9676463603973,58.81495642662048,2643.0377519130707,213
3221,28,39,0.006423494,3615.076676607132,58.82622933387756,2643.856999874115,213
3222,28,39,0.010323497,3616.191155195236,58.85055732727051,2644.6821706295013,213
3223,28,39,0.03493019,3617.306569814682,58.85782837867737,2645.5045413970947,213
3224,28,39,0.008357811,3618.4211943149567,58.8749303817749,2646.3191833496094,213
3225,28,39,0.013694937,3619.539740562439,58.888150215148926,2647.135011434555,213
3226,28,39,0.036453035,3620.6524488925934,58.894506216049194,2647.9577424526215,213
3227,28,39,0.122354984,3621.7800352573395,58.91553616523743,2648.780348300934,213
3228,28,39,0.0034269993,3622.8866155147552,58.93479824066162,2649.5932772159576,213
3229,28,39,0.02116998,3624.004632949829,58.964158058166504,2650.4160401821136,213
3230,28,39,0.03406758,3625.1192049980164,58.98520016670227,2651.234256029129,213
3231,28,40,0.03235179,3626.6161518096924,59.368102073669434,2652.0600910186768,213
3232,28,40,0.044852015,3627.729911804199,59.378958225250244,2652.8805940151215,213
3233,28,40,0.0008943083,3628.841167449951,59.380908250808716,2653.701106786728,213
3234,28,40,0.00073818536,3629.958171606064,59.383047342300415,2654.5288257598877,213
3235,28,40,0.00036353484,3631.074071407318,59.405171394348145,2655.34889292717,213
3236,28,40,0.0003189503,3632.184326648712,59.4183623790741,2656.170651912689,213
3237,28,40,0.00029043795,3633.2929360866547,59.42124056816101,2656.9907989501953,213
3238,28,40,0.0004978955,3634.4079596996307,59.423136472702026,2657.823396921158,213
3239,28,40,3.0523006e-05,3635.5307037830353,59.44865155220032,2658.639363050461,213
3240,28,40,0.0010664951,3636.6395106315613,59.45573949813843,2659.462513923645,213
3241,28,40,0.1324233,3637.7450416088104,59.45842742919922,2660.280024766922,213
3242,28,40,0.016284827,3638.8576335906982,59.47558951377869,2661.0987496376038,213
3243,28,40,0.00019533551,3639.976073026657,59.491772413253784,2661.9141075611115,213
3244,28,40,0.0032831007,3641.093751192093,59.51245141029358,2662.737342596054,213
3245,28,40,0.0016160983,3642.217882156372,59.53675031661987,2663.557672739029,213
3246,28,40,0.0011931655,3643.332107067108,59.55908417701721,2664.3757796287537,213
3247,28,40,0.014959277,3644.4625627994537,59.575557231903076,2665.2041425704956,213
3248,28,40,0.0015428179,3645.5791397094727,59.58660125732422,2666.0347714424133,213
3249,28,40,0.0009887228,3646.7025673389435,59.62160611152649,2666.859268426895,213
3250,28,40,0.0317225,3647.811775445938,59.636518239974976,2667.6744635105133,213
3251,28,40,0.0021250097,3648.9343287944794,59.6572961807251,2668.499876499176,213
3252,28,40,0.00108599,3650.044026851654,59.677247047424316,2669.323130607605,213
3253,28,40,0.0023336129,3651.157324075699,59.69520807266235,2670.1420266628265,213
3254,28,40,0.052027088,3652.277449607849,59.69716215133667,2670.9666817188263,213
3255,28,40,0.00011221034,3653.394867181778,59.72879505157471,2671.7805366516113,213
3256,28,40,0.00011764406,3654.5176994800568,59.73539400100708,2672.6097378730774,213
3257,28,40,0.0006032362,3655.6272599697113,59.73752689361572,2673.42964887619,213
3258,28,40,0.07956259,3656.749367952347,59.76179790496826,2674.250236749649,213
3259,28,40,0.07434558,3657.8664240837097,59.78352999687195,2675.071094751358,213
3260,28,40,0.007626646,3658.982010602951,59.785417795181274,2675.897214651108,213
3261,28,40,0.043804653,3660.0935986042023,59.806548833847046,2676.7111337184906,213
3262,28,40,0.055083107,3661.222567796707,59.827231884002686,2677.529733657837,213
3263,28,40,0.011682637,3662.3369994163513,59.83716893196106,2678.3576514720917,213
3264,28,40,0.002057101,3663.4548723697662,59.85168194770813,2679.178795337677,213
3265,28,40,0.028041143,3664.5767233371735,59.85358691215515,2680.0011196136475,213
3266,28,40,0.018175501,3665.69362449646,59.8609778881073,2680.8249304294586,213
3267,28,40,0.012193037,3666.8092107772827,59.87162685394287,2681.6503763198853,213
3268,28,40,0.0040216963,3667.928635120392,59.87686276435852,2682.477937221527,213
3269,28,40,0.0070096054,3669.0772845745087,59.90573477745056,2683.3047153949738,213
3270,28,40,0.022234228,3670.220044374466,59.908063650131226,2684.164801597595,213
3271,28,40,0.020481246,3671.3838200569153,59.945690631866455,2684.9926676750183,213
3272,28,40,0.04682726,3672.5025017261505,59.95332479476929,2685.8134655952454,213
3273,28,40,0.04836877,3673.6189913749695,59.960121870040894,2686.640072584152,213
3274,28,40,0.017341565,3674.737900495529,59.974498987197876,2687.4512095451355,213
3275,28,40,0.040789302,3675.8482551574707,59.990198850631714,2688.2660171985626,213
3276,28,40,0.11158839,3676.968135356903,59.992390871047974,2689.0894541740417,213
3277,28,40,0.0031384078,3678.082589864731,59.999791860580444,2689.916826248169,213
3278,28,40,0.003670189,3679.2124524116516,60.0280237197876,2690.7464883327484,213
3279,28,40,0.00314322,3680.3329679965973,60.04627776145935,2691.56955242157,213
3280,28,40,7.076166e-05,3681.4456741809845,60.05173659324646,2692.391181230545,213
3281,29,40,0.22685769,3682.472003698349,60.05397844314575,2693.207265138626,213
3282,29,40,0.0018514228,3683.585142850876,60.058642625808716,2694.0411825180054,213
3283,29,40,0.0007416508,3684.708737850189,60.08086562156677,2694.867690563202,213
3284,29,40,0.00314192,3685.8236865997314,60.08813977241516,2695.682318687439,213
3285,29,40,0.0028056623,3686.936620950699,60.090004682540894,2696.506576538086,213
3286,29,40,0.014464862,3688.0592238903046,60.12126970291138,2697.333089351654,213
3287,29,40,0.014922931,3689.1771614551544,60.123286724090576,2698.1526308059692,213
3288,29,40,0.00691964,3690.291039466858,60.13302183151245,2698.9694759845734,213
3289,29,40,0.004185047,3691.4191710948944,60.1348397731781,2699.800992012024,213
3290,29,40,0.051622517,3692.5426828861237,60.13700890541077,2700.624411344528,213
3291,29,40,0.003110828,3693.655782222748,60.14274287223816,2701.4391515254974,213
3292,29,40,0.057652213,3694.77800321579,60.14934277534485,2702.2647573947906,213
3293,29,40,0.028771382,3695.8921818733215,60.160430669784546,2703.082953453064,213
3294,29,40,0.009320381,3697.0047409534454,60.18277049064636,2703.9041023254395,213
3295,29,40,0.38505435,3698.121728181839,60.19003629684448,2704.7348504066467,213
3296,29,40,0.017699523,3699.2511019706726,60.2287962436676,2705.5551850795746,213
3297,29,40,0.010149261,3700.373532295227,60.23786807060242,2706.381672143936,213
3298,29,40,0.04459465,3701.4824919700623,60.251718044281006,2707.200735092163,213
3299,29,40,0.064994484,3702.591413497925,60.26511001586914,2708.0236263275146,213
3300,29,40,0.051063485,3703.7068316936493,60.27728986740112,2708.8411073684692,213
3301,29,40,0.040414922,3704.824054479599,60.28942084312439,2709.669531583786,213
3302,29,40,0.095957845,3705.9472913742065,60.317638874053955,2710.489273548126,213
3303,29,40,0.050388854,3707.0638041496277,60.31957173347473,2711.31934261322,213
3304,29,40,0.029077735,3708.187187433243,60.321401596069336,2712.1417355537415,213
3305,29,41,0.053612098,3709.6949791908264,60.699976682662964,2712.9653005599976,213
3306,29,41,7.1882896e-05,3710.8162834644318,60.70720863342285,2713.788773536682,213
3307,29,41,0.0002576743,3711.9363327026367,60.73576474189758,2714.6093854904175,213
3308,29,41,0.0011538777,3713.0545926094055,60.76025891304016,2715.421867609024,213
3309,29,41,0.0019416647,3714.1777555942535,60.780344009399414,2716.24227643013,213
3310,29,41,0.00033689535,3715.3054513931274,60.812341928482056,2717.0599553585052,213
3311,29,41,0.0007281139,3716.4209084510803,60.825281858444214,2717.8751380443573,213
3312,29,41,0.0016072512,3717.54438829422,60.85030388832092,2718.696627140045,213
3313,29,41,0.0002060568,3718.66668343544,60.87869668006897,2719.5079221725464,213
3314,29,41,0.00014145035,3719.791038274765,60.91273784637451,2720.318756341934,213
3315,29,41,0.00015313867,3720.8995912075043,60.931504011154175,2721.137364387512,213
3316,29,41,0.0041133845,3722.012184381485,60.94862198829651,2721.955493211746,213
3317,29,41,0.0003087064,3723.127623796463,60.960153102874756,2722.776870250702,213
3318,29,41,0.0025656957,3724.243946313858,60.975353956222534,2723.59774518013,213
3319,29,41,0.0074430197,3725.362757921219,60.97734498977661,2724.419360399246,213
3320,29,41,0.0005335157,3726.4856395721436,61.010124921798706,2725.2396955490112,213
3321,29,41,0.07325781,3727.6060564517975,61.03328490257263,2726.055481672287,213
3322,29,41,0.00016425896,3728.7224283218384,61.051596879959106,2726.870502471924,213
3323,29,41,0.010230622,3729.844979286194,61.06477689743042,2727.6887743473053,213
3324,29,41,0.00045413518,3730.9598088264465,61.08456587791443,2728.5129261016846,213
3325,29,41,0.005275247,3732.0773100852966,61.09782290458679,2729.3376812934875,213
3326,29,41,0.00079539366,3733.1956930160522,61.115936040878296,2730.159258365631,213
3327,29,41,0.0015949226,3734.3042147159576,61.118160009384155,2730.9852755069733,213
3328,29,41,0.016984513,3735.425203561783,61.14124512672424,2731.8062913417816,213
3329,29,41,0.01977417,3736.536379337311,61.14790415763855,2732.6282691955566,213
3330,29,41,0.011473046,3737.654581785202,61.16312909126282,2733.455947160721,213
3331,29,41,0.116710044,3738.782875776291,61.19487524032593,2734.2725841999054,213
3332,29,41,0.0032142184,3739.894515991211,61.20038819313049,2735.094860315323,213
3333,29,41,0.00041731383,3741.0063383579254,61.210005044937134,2735.917625427246,213
3334,29,41,0.0024039396,3742.115191221237,61.22562003135681,2736.7375774383545,213
3335,29,41,0.0030396436,3743.2378878593445,61.24793791770935,2737.5591475963593,213
3336,29,41,0.011477867,3744.365622997284,61.272926807403564,2738.3840837478638,213
3337,29,41,0.029118814,3745.4768946170807,61.29661989212036,2739.2014105319977,213
3338,29,41,0.00062486,3746.5844349861145,61.3036527633667,2740.0225636959076,213
3339,29,41,0.00020184378,3747.705854654312,61.318047761917114,2740.8445057868958,213
3340,29,41,0.019127011,3748.8170940876007,61.3294997215271,2741.6612737178802,213
3341,29,41,0.008269439,3749.927395582199,61.34815573692322,2742.4842574596405,213
3342,29,41,0.0005316384,3751.045675754547,61.38767385482788,2743.3026764392853,213
3343,29,41,0.00021828414,3752.1668224334717,61.405258893966675,2744.122371196747,213
3344,29,41,0.004893337,3753.285767555237,61.42064070701599,2744.9485623836517,213
3345,29,41,0.07592125,3754.406929254532,61.43085479736328,2745.7690575122833,213
3346,29,41,4.5592347e-05,3755.5194058418274,61.44590187072754,2746.5857195854187,213
3347,29,41,0.009880052,3756.632288455963,61.471709966659546,2747.403800725937,213
3348,29,41,0.0002852614,3757.76069188118,61.51612687110901,2748.2187757492065,213
3349,29,41,0.0019754241,3758.8728263378143,61.5300087928772,2749.041651725769,213
3350,29,41,0.0003482615,3759.983826160431,61.551212787628174,2749.862872838974,213
3351,29,41,0.112710625,3761.111844062805,61.55355763435364,2750.6866919994354,213
3352,29,41,0.00188824,3762.248414039612,61.579206466674805,2751.506073951721,213
3353,29,41,0.0003447388,3763.358922481537,61.586339473724365,2752.3241279125214,213
3354,29,41,0.015587204,3764.4861645698547,61.60368537902832,2753.1465108394623,213
3355,29,41,0.005900319,3765.610179901123,61.62814426422119,2753.963971853256,213
3356,29,41,0.002108189,3766.7433743476868,61.630229234695435,2754.792845726013,213
3357,29,41,0.0017568921,3767.873327255249,61.666468143463135,2755.610038757324,213
3358,29,41,0.14486447,3768.994551897049,61.69700217247009,2756.434354543686,213
3359,29,41,0.0011261615,3770.1204330921173,61.72723317146301,2757.247414827347,213
3360,29,41,0.041596606,3771.2363016605377,61.72940802574158,2758.0647859573364,213
3361,29,41,0.0006666215,3772.351135969162,61.73130798339844,2758.893790960312,213
3362,29,41,0.015229727,3773.4695720672607,61.7498619556427,2759.7081921100616,213
3363,29,41,0.14184095,3774.5839264392853,61.75187706947327,2760.5317583084106,213
3364,29,41,0.025625994,3775.7084016799927,61.78168606758118,2761.3543512821198,213
3365,29,41,0.011236598,3776.82807803154,61.798523902893066,2762.1815910339355,213
3366,29,41,0.063217096,3777.939222097397,61.80065584182739,2763.00390791893,213
3367,29,41,0.03671906,3779.053742170334,61.816696882247925,2763.8230078220367,213
3368,29,41,0.015342128,3780.164792776108,61.82983589172363,2764.6443808078766,213
3369,29,41,0.0053173224,3781.278002977371,61.83764576911926,2765.4735701084137,213
3370,29,41,0.006037381,3782.418266773224,61.85985279083252,2766.2984800338745,213
3371,29,41,0.007913831,3783.5508341789246,61.86182880401611,2767.1320090293884,213
3372,29,41,0.0033440045,3784.6702976226807,61.89148569107056,2767.9573509693146,213
3373,29,41,0.0067144493,3785.77370762825,61.90360355377197,2768.7754759788513,213
3374,29,41,0.007656969,3786.9022295475006,61.90558457374573,2769.5937700271606,213
3375,29,41,0.0017707816,3788.0413999557495,61.932838439941406,2770.40975689888,213
3376,29,41,0.00215732,3789.153178691864,61.93506050109863,2771.23410487175,213
3377,29,41,0.002265173,3790.2667899131775,61.94428539276123,2772.0583498477936,213
3378,29,41,0.006478708,3791.3880002498627,61.954729318618774,2772.880391597748,213
3379,29,41,0.006367321,3792.5072345733643,61.95669746398926,2773.707546710968,213
3380,29,41,0.00048244657,3793.6311976909637,61.99750828742981,2774.526308774948,213
3381,29,41,0.0055188905,3794.743247270584,62.01472735404968,2775.3452677726746,213
3382,29,41,0.007286881,3795.864383459091,62.02438831329346,2776.166664838791,213
3383,29,41,0.05675841,3796.9785664081573,62.042765378952026,2776.9864087104797,213
3384,29,41,0.015436545,3798.0959095954895,62.05527138710022,2777.7995235919952,213
3385,29,41,0.0016925727,3799.2135350704193,62.06647324562073,2778.6188156604767,213
3386,29,41,0.0016346565,3800.3375022411346,62.09412932395935,2779.435567855835,213
3387,29,41,0.005793385,3801.4517629146576,62.119301319122314,2780.262588739395,213
3388,29,41,0.07557856,3802.5658843517303,62.12197732925415,2781.0820116996765,213
3389,29,41,0.03764132,3803.6820850372314,62.12404942512512,2781.911928653717,213
3390,29,41,0.18909417,3804.799208879471,62.137330532073975,2782.735884666443,213
3391,29,41,0.004126752,3805.9045011997223,62.151267528533936,2783.5559854507446,213
3392,29,41,0.013665426,3807.016440629959,62.16068744659424,2784.3835055828094,213
3393,29,41,0.0075514135,3808.1260397434235,62.18460130691528,2785.195248365402,213
3394,29,41,0.011040011,3809.243282556534,62.18674111366272,2786.012875318527,213
3395,29,41,0.0025732012,3810.357894420624,62.1888542175293,2786.832002401352,213
3396,29,41,0.013198,3811.466952085495,62.19455528259277,2787.643002271652,213
3397,29,41,0.13914558,3812.57603263855,62.214293241500854,2788.4609603881836,213
3398,30,41,0.0074172583,3813.5915656089783,62.216548204422,2789.278269290924,213
3399,30,41,0.07223232,3814.704390525818,62.218618392944336,2790.1037724018097,213
3400,30,41,0.018179066,3815.822245836258,62.22800159454346,2790.9299483299255,213
3401,30,41,0.017780282,3816.9332864284515,62.23850154876709,2791.753216266632,213
3402,30,41,0.06251418,3818.0409445762634,62.24449062347412,2792.570363521576,213
3403,30,41,0.07895259,3819.164602279663,62.246352434158325,2793.3922126293182,213
3404,30,41,0.029416585,3820.2853269577026,62.248382568359375,2794.218257665634,213
3405,30,41,0.0021708612,3821.4023883342743,62.26107573509216,2795.035305738449,213
3406,30,41,0.021544475,3822.5156865119934,62.26489472389221,2795.852476835251,213
3407,30,41,0.012775701,3823.623863220215,62.2850227355957,2796.6642100811005,213
3408,30,41,0.010170924,3824.7232553958893,62.2949697971344,2797.4897520542145,213
3409,30,41,0.026906185,3825.831882715225,62.29696178436279,2798.3123099803925,213
3410,30,41,0.0069183707,3826.9421141147614,62.32109594345093,2799.1272189617157,213
3411,30,41,0.003779026,3828.057610273361,62.334429025650024,2799.949269771576,213
3412,30,41,0.0022103104,3829.1906974315643,62.35633397102356,2800.77068567276,213
3413,30,41,0.013856207,3830.2928471565247,62.36955404281616,2801.5920186042786,213
3414,30,41,0.00084800366,3831.405077934265,62.37734508514404,2802.4147565364838,213
3415,30,41,0.0013887379,3832.5150513648987,62.40030217170715,2803.237793445587,213
3416,30,41,0.00042628258,3833.6436269283295,62.436941146850586,2804.0541553497314,213
3417,30,41,0.03953843,3834.762031555176,62.45734214782715,2804.8799662590027,213
3418,30,41,0.0032822979,3835.878308057785,62.45921802520752,2805.7046954631805,213
3419,30,42,0.0015275779,3837.3733553886414,62.85222601890564,2806.525511264801,213
3420,30,42,0.020833082,3838.489028930664,62.8635950088501,2807.344017982483,213
3421,30,42,0.0015179676,3839.6124453544617,62.88847088813782,2808.163256883621,213
3422,30,42,0.004119093,3840.734936237335,62.91327881813049,2808.977651834488,213
3423,30,42,0.00055514165,3841.843542575836,62.93034791946411,2809.7931549549103,213
3424,30,42,0.00021803306,3842.9604046344757,62.95705199241638,2810.619353055954,213
3425,30,42,0.0002485895,3844.084909439087,62.982110023498535,2811.4420199394226,213
3426,30,42,0.023115335,3845.197954893112,62.99290204048157,2812.2590248584747,213
3427,30,42,7.004976e-05,3846.3216710090637,63.013999223709106,2813.081712961197,213
3428,30,42,0.0011903628,3847.4364941120148,63.02397418022156,2813.905616044998,213
3429,30,42,0.15426703,3848.5441222190857,63.025978088378906,2814.725834131241,213
3430,30,42,0.00013205089,3849.6637625694275,63.047131299972534,2815.54549908638,213
3431,30,42,3.115863e-05,3850.7628400325775,63.05342745780945,2816.368217229843,213
3432,30,42,0.0020423087,3851.8761489391327,63.05550742149353,2817.1940734386444,213
3433,30,42,0.0022752238,3853.002451658249,63.08379244804382,2818.0127103328705,213
3434,30,42,0.001143616,3854.120594739914,63.08566951751709,2818.8387639522552,213
3435,30,42,0.0020070723,3855.22070145607,63.097474575042725,2819.6574277877808,213
3436,30,42,0.010770188,3856.3316674232483,63.09942054748535,2820.471790075302,213
3437,30,42,0.019120567,3857.455915212631,63.12332248687744,2821.2844071388245,213
3438,30,42,0.00025877525,3858.5901160240173,63.125431537628174,2822.107945203781,213
3439,30,42,0.001985843,3859.7119359970093,63.1406786441803,2822.926348209381,213
3440,30,42,0.013649868,3860.832914352417,63.14262056350708,2823.7490713596344,213
3441,30,42,0.0009948743,3861.958071947098,63.16996765136719,2824.5708763599396,213
3442,30,42,0.0031653512,3863.081889152527,63.17200255393982,2825.3854174613953,213
3443,30,42,9.405625e-05,3864.1922464370728,63.18894672393799,2826.198431491852,213
3444,30,42,0.0030230982,3865.3003964424133,63.20751357078552,2827.025016307831,213
3445,30,42,0.004884211,3866.403648853302,63.21364665031433,2827.8409934043884,213
3446,30,42,0.00047225496,3867.5345256328583,63.23524856567383,2828.6616904735565,213
3447,30,42,0.0018671567,3868.6591839790344,63.249141454696655,2829.4760274887085,213
3448,30,42,0.023788719,3869.7688114643097,63.251076459884644,2830.2944116592407,213
3449,30,42,0.1003813,3870.891348838806,63.28405833244324,2831.1135725975037,213
3450,30,42,0.00015247204,3872.0123262405396,63.28592824935913,2831.939431667328,213
3451,30,42,0.000115500996,3873.1288998126984,63.300352334976196,2832.7521176338196,213
3452,30,42,0.00012121618,3874.2503142356873,63.30441427230835,2833.58637547493,213
3453,30,42,5.5252076e-05,3875.3769178390503,63.310588359832764,2834.4012525081635,213
3454,30,42,0.07186682,3876.500624895096,63.34374737739563,2835.2147085666656,213
3455,30,42,0.01369703,3877.614178419113,63.349751472473145,2836.034870862961,213
3456,30,42,0.051156823,3878.734322786331,63.35165333747864,2836.85578584671,213
3457,30,42,0.0017894328,3879.8487164974213,63.36437940597534,2837.6835668087006,213
3458,30,42,0.0050461637,3880.972195148468,63.38342523574829,2838.5062227249146,213
3459,30,42,0.0059710233,3882.0874528884888,63.38761925697327,2839.333181619644,213
3460,30,42,0.006410575,3883.2120475769043,63.3895583152771,2840.1553206443787,213
3461,30,42,0.002450674,3884.3317127227783,63.406442403793335,2840.9755716323853,213
3462,30,42,0.0010674505,3885.4458513259888,63.41347122192383,2841.7951085567474,213
3463,30,42,0.0024362947,3886.56241440773,63.41552424430847,2842.6260075569153,213
3464,30,42,0.00519361,3887.691523551941,63.43811631202698,2843.445140361786,213
3465,30,42,0.0023348576,3888.81898021698,63.47321844100952,2844.2555963993073,213
3466,30,42,0.00080108945,3889.9343008995056,63.47525334358215,2845.0783512592316,213
3467,30,42,0.0001628716,3891.0592923164368,63.4792914390564,2845.905135154724,213
3468,30,42,0.0021826236,3892.1774859428406,63.48114323616028,2846.7181100845337,213
3469,30,42,0.0015055859,3893.290736436844,63.493951082229614,2847.5339920520782,213
3470,30,42,0.018344786,3894.4110019207,63.496803998947144,2848.3503742218018,213
3471,30,42,0.006372221,3895.5245537757874,63.512184858322144,2849.1716141700745,213
3472,30,42,0.019865941,3896.6451694965363,63.532530784606934,2849.992537021637,213
3473,30,42,0.0029082014,3897.7847323417664,63.53438472747803,2850.826468229294,213
3474,30,42,0.00849371,3898.8965067863464,63.5555477142334,2851.6461911201477,213
3475,30,42,0.01292014,3900.0133893489838,63.557533740997314,2852.4740402698517,213
3476,30,42,0.09140305,3901.1327776908875,63.57217478752136,2853.298052072525,213
3477,30,42,0.001046991,3902.2612154483795,63.574238777160645,2854.126472234726,213
3478,30,42,0.00032424566,3903.3815269470215,63.57623887062073,2854.9505622386932,213
3479,30,42,0.0062950435,3904.491957426071,63.58261179924011,2855.765649318695,213
3480,30,42,0.001413416,3905.6183094978333,63.58447790145874,2856.5816521644592,213
3481,30,42,0.004357921,3906.7366716861725,63.61066484451294,2857.4051430225372,213
3482,30,42,0.0058531025,3907.8516817092896,63.62664771080017,2858.218322277069,213
3483,30,42,0.054661065,3908.9662370681763,63.647340536117554,2859.033774137497,213
3484,30,42,0.22309273,3910.0740773677826,63.65019655227661,2859.853758096695,213
3485,30,42,0.0019325126,3911.1898379325867,63.674251556396484,2860.675798892975,213
3486,30,42,0.032241017,3912.3001024723053,63.688703536987305,2861.492870092392,213
3487,30,42,0.0015814449,3913.4150128364563,63.6907696723938,2862.320205926895,213
3488,30,42,0.00081056886,3914.5342104434967,63.69274878501892,2863.136740922928,213
3489,30,42,0.024278311,3915.6547548770905,63.69459867477417,2863.957263946533,213
3490,30,42,0.0037239022,3916.775547981262,63.719563722610474,2864.779411792755,213
3491,30,42,0.00284706,3917.8914983272552,63.72946357727051,2865.602336883545,213
3492,30,42,0.0014738156,3919.0006341934204,63.73689842224121,2866.425810813904,213
3493,30,42,0.027922599,3920.1056458950043,63.744741439819336,2867.2403807640076,213
3494,30,42,0.0018824008,3921.23069190979,63.7740523815155,2868.059888601303,213
3495,30,42,0.038140915,3922.362870693207,63.77598333358765,2868.889854669571,213
3496,30,42,0.027035583,3923.473464012146,63.786070346832275,2869.706944704056,213
3497,30,42,0.15541765,3924.5780658721924,63.79648017883301,2870.5259215831757,213
3498,30,42,0.0076699336,3925.695255756378,63.79883313179016,2871.3478195667267,213
3499,30,42,0.01233653,3926.799403190613,63.80078721046448,2872.1697957515717,213
3500,30,42,0.054743834,3927.9244906902313,63.81426429748535,2872.991238594055,213
3501,30,42,0.12386245,3929.0425777435303,63.81615233421326,2873.817292690277,213
3502,30,42,0.004311504,3930.162619829178,63.82119631767273,2874.640511751175,213
3503,30,42,0.01894466,3931.2725553512573,63.83282828330994,2875.4566016197205,213
3504,30,42,0.0072306353,3932.3856916427612,63.84947228431702,2876.272049665451,213
3505,30,42,0.0020929878,3933.504064321518,63.85892128944397,2877.096421480179,213
3506,30,43,0.004954264,3935.010631084442,64.24573254585266,2877.9203145504,213
3507,30,43,0.00251148,3936.1302874088287,64.2597165107727,2878.739988565445,213
3508,30,43,0.0008615851,3937.248090982437,64.26772952079773,2879.5581295490265,213
3509,30,43,0.00014577834,3938.3652534484863,64.29384350776672,2880.383891582489,213
3510,30,43,0.0001776347,3939.4809617996216,64.29606866836548,2881.2096135616302,213
3511,30,43,0.001307282,3940.606719017029,64.32165360450745,2882.0282356739044,213
3512,30,43,0.00012025131,3941.7410769462585,64.37309074401855,2882.845760345459,213
3513,30,43,0.0031499213,3942.8660356998444,64.39930176734924,2883.668268442154,213
3514,30,43,0.00013338638,3943.985946893692,64.42758989334106,2884.4836394786835,213
3515,31,43,0.0018044986,3945.013111114502,64.42980480194092,2885.299930334091,213
3516,31,43,0.00042606503,3946.1437153816223,64.45061588287354,2886.1156644821167,213
3517,31,43,0.00021542674,3947.2611100673676,64.46110773086548,2886.9357435703278,213
3518,31,43,0.00032377773,3948.3874413967133,64.48282074928284,2887.7645683288574,213
3519,31,43,0.0005149922,3949.4980006217957,64.49163556098938,2888.5924022197723,213
3520,31,43,0.0673972,3950.623919725418,64.49363565444946,2889.42139005661,213
3521,31,43,0.050426647,3951.726316690445,64.49541544914246,2890.24462723732,213
3522,31,43,0.00087162165,3952.841608762741,64.52259945869446,2891.0658650398254,213
3523,31,43,0.0004990425,3953.952815771103,64.52438235282898,2891.886822938919,213
3524,31,43,0.0010982779,3955.078893661499,64.52631640434265,2892.7033021450043,213
3525,31,43,0.007914468,3956.1935391426086,64.52806448936462,2893.5273489952087,213
3526,31,43,0.005539233,3957.310931444168,64.5330924987793,2894.3517389297485,213
3527,31,43,0.003864765,3958.4285163879395,64.53531765937805,2895.1724638938904,213
3528,31,43,0.002232586,3959.571485519409,64.53728246688843,2896.031815767288,213
3529,31,43,0.07497873,3960.7810513973236,64.66455149650574,2896.8474287986755,213
3530,31,43,0.032110434,3961.8964326381683,64.67236137390137,2897.6690967082977,213
3531,31,43,0.00062005647,3963.0046813488007,64.70160245895386,2898.4946467876434,213
3532,31,43,0.008068889,3964.119012117386,64.70708751678467,2899.3103008270264,213
3533,31,43,0.0007576631,3965.2419118881226,64.73838758468628,2900.131420850754,213
3534,31,43,0.0018833863,3966.3603508472443,64.78348445892334,2900.9442579746246,213
3535,31,43,0.0032901254,3967.474730014801,64.78545951843262,2901.765984773636,213
3536,31,43,0.0028045624,3968.5901639461517,64.80988335609436,2902.5865907669067,213
3537,31,43,0.0026130672,3969.698251247406,64.8292944431305,2903.4049916267395,213
3538,31,43,0.00067190407,3970.816469192505,64.83936333656311,2904.23756480217,213
3539,31,43,0.010232821,3971.9311079978943,64.84128737449646,2905.0633766651154,213
3540,31,43,0.004047127,3973.050823688507,64.86201739311218,2905.88076543808,213
3541,31,43,0.0016960679,3974.1678895950317,64.88144040107727,2906.7032544612885,213
3542,31,43,0.00040542445,3975.288594007492,64.88808536529541,2907.516713619232,213
3543,31,43,0.048439495,3976.411257982254,64.90727639198303,2908.3410906791687,213
3544,31,43,0.046962988,3977.52863240242,64.92172431945801,2909.1596286296844,213
3545,31,43,0.002370216,3978.642651319504,64.93949747085571,2909.9785585403442,213
3546,31,43,0.011028491,3979.7556200027466,64.94152235984802,2910.8036963939667,213
3547,31,43,0.031692836,3980.8710980415344,64.96609234809875,2911.6238975524902,213
3548,31,43,0.0016845104,3982.0172102451324,65.00915050506592,2912.4469006061554,213
3549,31,43,0.0002895682,3983.130474090576,65.01648545265198,2913.2728798389435,213
3550,31,43,0.00029584114,3984.2383103370667,65.02379441261292,2914.0958058834076,213
3551,31,43,0.0006091937,3985.358251810074,65.03163051605225,2914.9207239151,213
3552,31,43,0.010087353,3986.469662666321,65.04278469085693,2915.736074924469,213
3553,31,43,0.0013781697,3987.5831220149994,65.05381464958191,2916.550537109375,213
3554,31,43,0.03046807,3988.691751718521,65.07017064094543,2917.3701441287994,213
3555,31,43,0.0021337466,3989.8045172691345,65.07243943214417,2918.189803123474,213
3556,31,43,0.00091002963,3990.932269334793,65.10292744636536,2919.0208837985992,213
3557,31,43,0.07487195,3992.0426638126373,65.11231637001038,2919.8389978408813,213
3558,31,43,0.007613214,3993.1580193042755,65.12789750099182,2920.659521818161,213
3559,31,43,0.009128587,3994.278608560562,65.14823961257935,2921.4861719608307,213
3560,31,43,0.0010657918,3995.391977071762,65.16729354858398,2922.3046503067017,213
3561,31,43,0.043692123,3996.505520105362,65.16964054107666,2923.1230883598328,213
3562,31,43,0.03358655,3997.6199536323547,65.18560242652893,2923.934689283371,213
3563,31,44,0.00027811262,3999.125202894211,65.57359051704407,2924.7542173862457,213
3564,31,44,0.00049854536,4000.2394745349884,65.58881163597107,2925.5704481601715,213
3565,31,44,0.00041567025,4001.35164809227,65.60245656967163,2926.3846023082733,213
3566,31,44,0.00052529434,4002.4600665569305,65.61794257164001,2927.2016422748566,213
3567,31,44,0.007663619,4003.566220998764,65.63032650947571,2928.0168755054474,213
3568,31,44,0.0017273589,4004.682683944702,65.64886260032654,2928.8391427993774,213
3569,31,44,0.015223085,4005.8013610839844,65.6881206035614,2929.6551218032837,213
3570,31,44,0.00013736423,4006.9377856254578,65.72000360488892,2930.4781777858734,213
3571,31,44,0.0011993904,4008.031717300415,65.72720265388489,2931.2951209545135,213
3572,31,44,0.0032050929,4009.1525027751923,65.74456477165222,2932.119366645813,213
3573,31,44,0.0001150761,4010.2822144031525,65.74641990661621,2932.94274353981,213
3574,31,44,0.0030439165,4011.3940806388855,65.74818086624146,2933.7733466625214,213
3575,31,44,0.0013303086,4012.5193059444427,65.76958179473877,2934.59756565094,213
3576,31,44,0.0011467894,4013.627645969391,65.7764298915863,2935.410689353943,213
3577,31,44,0.00020759559,4014.7693655490875,65.8122889995575,2936.234709262848,213
3578,31,44,0.0021662072,4015.8905041217804,65.81438398361206,2937.0536313056946,213
3579,31,44,0.0230192,4017.0144016742706,65.83636975288391,2937.8738162517548,213
3580,31,44,0.002560154,4018.132921218872,65.86695575714111,2938.6937453746796,213
3581,31,44,0.0012786553,4019.2489960193634,65.88986468315125,2939.5109584331512,213
3582,31,44,0.00073595403,4020.3594512939453,65.89194083213806,2940.331441640854,213
3583,31,44,0.00039949722,4021.4696159362793,65.89424681663513,2941.1562638282776,213
3584,31,44,0.0033268712,4022.586303472519,65.8995087146759,2941.9734358787537,213
3585,31,44,0.002765967,4023.7086305618286,65.90128660202026,2942.784419775009,213
3586,31,44,0.023256319,4024.8176724910736,65.90358352661133,2943.602673768997,213
3587,31,44,0.011997481,4025.9299302101135,65.9138696193695,2944.418100833893,213
3588,31,44,0.0017866071,4027.0467541217804,65.9246895313263,2945.2407097816467,213
3589,31,44,0.009693119,4028.1700191497803,65.93250751495361,2946.06459069252,213
3590,31,44,0.0012280686,4029.278394460678,65.93799567222595,2946.8818686008453,213
3591,31,44,0.0005726968,4030.3916273117065,65.9633116722107,2947.696003675461,213
3592,31,44,0.011586451,4031.504830121994,65.97589659690857,2948.5132627487183,213
3593,31,44,0.00013038564,4032.6166503429413,65.98493075370789,2949.3303458690643,213
3594,31,44,0.011146622,4033.7221434116364,66.00996255874634,2950.1494948863983,213
3595,31,44,0.00022125173,4034.8378257751465,66.01636171340942,2950.9673807621,213
3596,31,44,6.936436e-05,4035.948722600937,66.01934361457825,2951.790993452072,213
3597,31,44,0.00027509566,4037.068917989731,66.02447056770325,2952.6198325157166,213
3598,31,44,0.00015475761,4038.187959432602,66.03904747962952,2953.4513947963715,213
3599,31,44,0.046009917,4039.2997167110443,66.04139137268066,2954.2687356472015,213
3600,31,44,0.0022342766,4040.4185540676117,66.05341839790344,2955.0958466529846,213
3601,31,44,0.0007252868,4041.5195784568787,66.05527234077454,2955.9190607070923,213
3602,31,44,0.00050295144,4042.6227412223816,66.06024432182312,2956.7424387931824,213
3603,31,44,4.2745205e-06,4043.7441692352295,66.06209230422974,2957.5622136592865,213
3604,31,44,0.0025754469,4044.858998298645,66.07609438896179,2958.3822247982025,213
3605,31,44,0.0043991357,4045.967871904373,66.07914233207703,2959.202101945877,213
3606,31,44,0.00095436943,4047.0774302482605,66.08290648460388,2960.0204820632935,213
3607,31,44,0.015266647,4048.1997315883636,66.08481240272522,2960.850937128067,213
3608,31,44,0.0001155032,4049.315738916397,66.08668446540833,2961.6726021766663,213
3609,31,44,0.00022802816,4050.4324295520782,66.08849453926086,2962.4996931552887,213
3610,31,44,5.575623e-05,4051.545019865036,66.09887361526489,2963.316187143326,213
3611,31,44,0.010133238,4052.661153078079,66.10072755813599,2964.1405062675476,213
3612,31,44,2.991074e-05,4053.777998685837,66.11028265953064,2964.9596543312073,213
3613,31,44,6.188221e-05,4054.894564151764,66.12030267715454,2965.784570455551,213
3614,31,44,0.061370436,4056.0118024349213,66.13674759864807,2966.5991146564484,213
3615,31,44,4.2382315e-05,4057.1221420764923,66.14796662330627,2967.4229986667633,213
3616,31,44,0.007888841,4058.2351422309875,66.1530077457428,2968.252297639847,213
3617,31,44,0.0005064185,4059.349922180176,66.15598678588867,2969.070178747177,213
3618,31,44,0.00017584658,4060.460373878479,66.15991377830505,2969.886063814163,213
3619,31,44,0.00025923195,4061.5703325271606,66.16869163513184,2970.706348180771,213
3620,31,44,0.00047571777,4062.703290939331,66.17066478729248,2971.5328822135925,213
3621,31,44,0.0003940293,4063.815605163574,66.19299983978271,2972.345328092575,213
3622,31,44,0.004001202,4064.935727596283,66.20079684257507,2973.1673822402954,213
3623,31,44,3.049849e-05,4066.044641971588,66.2057478427887,2973.993698120117,213
3624,31,44,0.00078994734,4067.1510467529297,66.20774388313293,2974.811686038971,213
3625,31,44,5.8776473e-05,4068.268224000931,66.21623492240906,2975.639363050461,213
3626,31,44,5.3081014e-05,4069.389364719391,66.24151182174683,2976.4586720466614,213
3627,31,44,0.0073769703,4070.4968152046204,66.2458119392395,2977.278268814087,213
3628,31,44,0.0050159474,4071.6096081733704,66.26735997200012,2978.0955126285553,213
3629,31,44,0.047493495,4072.7229619026184,66.28557014465332,2978.912345647812,213
3630,31,44,0.09424066,4073.843599319458,66.28737425804138,2979.732830762863,213
3631,31,44,6.630161e-05,4074.9712035655975,66.31513237953186,2980.5605788230896,213
3632,32,44,0.0028043112,4075.981348991394,66.31720924377441,2981.3758985996246,213
3633,32,44,0.0019427452,4077.1048181056976,66.34868621826172,2982.1950068473816,213
3634,32,44,0.025846964,4078.2176189422607,66.35066223144531,2983.0145637989044,213
3635,32,44,0.0035021196,4079.3413195610046,66.36955523490906,2983.8392038345337,213
3636,32,44,0.00065535185,4080.4495141506195,66.3858871459961,2984.65646982193,213
3637,32,44,0.001318027,4081.567930459976,66.4106171131134,2985.469166994095,213
3638,32,44,0.0026369547,4082.691169500351,66.42815113067627,2986.292811870575,213
3639,32,44,0.0020677675,4083.8011333942413,66.43843626976013,2987.112216949463,213
3640,32,44,0.17049575,4084.924451828003,66.45887517929077,2987.9321191310883,213
3641,32,44,0.022785118,4086.040735721588,66.4801561832428,2988.748815059662,213
3642,32,44,0.004690738,4087.160005569458,66.48208332061768,2989.573869228363,213
3643,32,44,0.00021634967,4088.2709441184998,66.49397730827332,2990.399120092392,213
3644,32,44,0.00017450374,4089.392284631729,66.51389741897583,2991.2158722877502,213
3645,32,44,0.0801835,4090.508778333664,66.52496147155762,2992.0442395210266,213
3646,32,44,0.0077121863,4091.636675596237,66.55148148536682,2992.867519378662,213
3647,32,44,0.0045739594,4092.751067638397,66.55336546897888,2993.692215681076,213
3648,32,44,0.000406749,4093.879533290863,66.55564141273499,2994.5259516239166,213
3649,32,44,0.0004202457,4094.9992003440857,66.5762243270874,2995.341349363327,213
3650,32,44,0.0015162323,4096.122497558594,66.5946593284607,2996.159951210022,213
3651,32,44,0.00800528,4097.237207889557,66.61046028137207,2996.986153125763,213
3652,32,44,0.0030108644,4098.367180347443,66.64603233337402,2997.805568218231,213
3653,32,44,0.009249058,4099.476760387421,66.64792227745056,2998.6291971206665,213
3654,32,45,0.035577834,4100.982917547226,67.0438232421875,2999.4437851905823,213
3655,32,45,0.00029857914,4102.116654396057,67.0801510810852,3000.259200334549,213
3656,32,45,0.0005284005,4103.239675045013,67.0862991809845,3001.0916702747345,213
3657,32,45,0.00044620468,4104.352339982986,67.10053038597107,3001.9150791168213,213
3658,32,45,0.041945603,4105.459963798523,67.11265134811401,3002.732152223587,213
3659,32,45,0.0010660634,4106.587504148483,67.14575052261353,3003.550087928772,213
3660,32,45,0.0006776327,4107.697048187256,67.15625762939453,3004.369248867035,213
3661,32,45,0.007780236,4108.820807695389,67.19094157218933,3005.187097787857,213
3662,32,45,0.0047025783,4109.93696141243,67.1957585811615,3005.9996366500854,213
3663,32,45,0.00014587311,4111.048503160477,67.21133756637573,3006.8169934749603,213
3664,32,45,0.00057074946,4112.146122217178,67.21576356887817,3007.6400623321533,213
3665,32,45,0.00017362287,4113.262411117554,67.22717261314392,3008.459165096283,213
3666,32,45,0.0022753854,4114.386491775513,67.2400815486908,3009.2834939956665,213
3667,32,45,8.2045684e-05,4115.504771709442,67.24743056297302,3010.102926969528,213
3668,32,45,0.00028263114,4116.623773574829,67.2631185054779,3010.9270820617676,213
3669,32,45,0.00034984917,4117.736015558243,67.26487755775452,3011.7495748996735,213
3670,32,45,0.09886897,4118.852904081345,67.27615070343018,3012.567291021347,213
3671,32,45,0.007729533,4119.96932554245,67.27935862541199,3013.3956820964813,213
3672,32,45,0.00055700983,4121.093944549561,67.29507756233215,3014.2171459198,213
3673,32,45,0.0019826053,4122.20695400238,67.31550860404968,3015.031738758087,213
3674,32,45,0.00042739487,4123.337540149689,67.34983777999878,3015.8573184013367,213
3675,32,45,0.0043682265,4124.4482662677765,67.35624265670776,3016.6731646060944,213
3676,32,45,0.00504832,4125.57716012001,67.35833263397217,3017.4904658794403,213
3677,32,45,0.0012399623,4126.686883687973,67.37331557273865,3018.3146719932556,213
3678,32,45,0.00034691225,4127.810328006744,67.38042068481445,3019.127223968506,213
3679,32,45,0.00036962275,4128.9181044101715,67.38436555862427,3019.9481868743896,213
3680,32,45,0.0001478234,4130.040594816208,67.41770267486572,3020.7630698680878,213
3681,32,45,0.0015722073,4131.162777423859,67.41948676109314,3021.5812046527863,213
3682,32,45,0.015261338,4132.274816274643,67.42148661613464,3022.399080514908,213
3683,32,45,0.000986028,4133.383820295334,67.42703747749329,3023.221962451935,213
3684,32,45,0.0016660846,4134.50674366951,67.44010758399963,3024.0449974536896,213
3685,32,45,0.0008598464,4135.62505698204,67.44204258918762,3024.8716235160828,213
3686,32,45,0.00043512892,4136.752056360245,67.44418954849243,3025.7015023231506,213
3687,32,45,0.0069959946,4137.879348993301,67.47874355316162,3026.5202832221985,213
3688,32,45,0.023404624,4139.0035445690155,67.49839568138123,3027.338119983673,213
3689,32,45,0.00052155135,4140.1198098659515,67.52514266967773,3028.1554329395294,213
3690,32,45,4.380654e-05,4141.2285940647125,67.5270586013794,3028.9737780094147,213
3691,32,45,0.08037233,4142.345540523529,67.53379464149475,3029.7908771038055,213
3692,32,45,0.039122526,4143.467736244202,67.53568649291992,3030.609930038452,213
3693,32,45,0.0009456651,4144.586492300034,67.54033160209656,3031.433475255966,213
3694,32,45,0.052330714,4145.706770896912,67.54231858253479,3032.254320383072,213
3695,32,45,0.0058352365,4146.828362226486,67.5663914680481,3033.0764644145966,213
3696,32,45,0.00039872015,4147.957330226898,67.60228252410889,3033.892242670059,213
3697,32,45,0.12132161,4149.074009180069,67.62082052230835,3034.7084975242615,213
3698,32,45,0.014065151,4150.198689222336,67.65002655982971,3035.5326166152954,213
3699,32,45,0.00081264536,4151.317309141159,67.65213656425476,3036.3596999645233,213
3700,32,45,0.0030217941,4152.427206039429,67.6577537059784,3037.178479194641,213
3701,32,45,0.019941658,4153.548940420151,67.67252683639526,3037.998058080673,213
3702,32,45,0.013098441,4154.655641317368,67.68813276290894,3038.814845085144,213
3703,32,45,0.004102773,4155.770799160004,67.70084166526794,3039.6350700855255,213
3704,32,45,0.0015361379,4156.901450395584,67.71438360214233,3040.4619982242584,213
3705,32,45,0.0016828156,4158.019608259201,67.71621561050415,3041.284109354019,213
3706,32,45,0.03375204,4159.150370121002,67.73984360694885,3042.1029105186462,213
3707,32,45,0.03320193,4160.263851881027,67.7459807395935,3042.9232654571533,213
3708,32,45,0.0035222312,4161.392850637436,67.75894784927368,3043.743956565857,213
3709,32,45,0.010891154,4162.510448694229,67.77245688438416,3044.5713295936584,213
3710,32,45,0.01138578,4163.6359667778015,67.78158688545227,3045.392582654953,213
3711,32,45,0.0057615237,4164.7630479335785,67.81491708755493,3046.209684610367,213
3712,32,45,0.0028684041,4165.87849354744,67.82726216316223,3047.030807495117,213
3713,32,45,0.20390965,4167.004135131836,67.82907223701477,3047.853029489517,213
3714,32,45,0.120896734,4168.118829727173,67.8433792591095,3048.6721856594086,213
3715,32,45,0.013783414,4169.229706287384,67.84541010856628,3049.499082803726,213
3716,32,45,0.00059127295,4170.346288204193,67.86063504219055,3050.317701816559,213
3717,32,45,0.08361631,4171.478044271469,67.8929512500763,3051.142091989517,213
3718,32,45,0.0049752463,4172.611297130585,67.93703413009644,3051.961888074875,213
3719,32,45,0.0034745089,4173.723694562912,67.96267318725586,3052.7809689044952,213
3720,32,45,0.017330643,4174.827157735825,67.97363615036011,3053.5949070453644,213
3721,32,45,0.030440468,4175.946293592453,67.98504424095154,3054.4197010993958,213
3722,32,45,0.011295785,4177.060422420502,67.99244213104248,3055.247786998749,213
3723,32,45,0.07821739,4178.169847726822,68.00600528717041,3056.0624539852142,213
3724,32,45,0.010290544,4179.28121137619,68.00915312767029,3056.889247894287,213
3725,32,45,0.0068650157,4180.403887271881,68.03586721420288,3057.709937810898,213
3726,32,45,0.05624896,4181.516888380051,68.04795813560486,3058.52636885643,213
3727,32,45,0.0054214117,4182.644351243973,68.04997205734253,3059.3501286506653,213
3728,32,46,0.09543897,4184.162678718567,68.43442106246948,3060.172275543213,213
3729,32,46,0.0011951572,4185.287968873978,68.44282221794128,3060.9991817474365,213
3730,32,46,0.008834288,4186.399869918823,68.45377016067505,3061.8212106227875,213
3731,32,46,0.0039308574,4187.510587692261,68.46179819107056,3062.640956401825,213
3732,32,46,0.0021608523,4188.6335299015045,68.49085140228271,3063.4576354026794,213
3733,32,46,0.010952193,4189.746702194214,68.50156259536743,3064.2853615283966,213
3734,32,46,0.0012271083,4190.877782344818,68.52821564674377,3065.1118075847626,213
3735,32,46,0.0019855725,4192.004307508469,68.54128360748291,3065.9371235370636,213
3736,32,46,0.0011101994,4193.133104562759,68.57915759086609,3066.7633447647095,213
3737,32,46,0.00016065947,4194.246059894562,68.58357357978821,3067.5874416828156,213
3738,32,46,0.0006042315,4195.363482236862,68.5884895324707,3068.4098665714264,213
3739,32,46,0.00040765546,4196.470136880875,68.59606552124023,3069.234131336212,213
3740,32,46,0.0016961866,4197.5825715065,68.61683249473572,3070.0577442646027,213
3741,32,46,0.0018054191,4198.701979398727,68.61880445480347,3070.881523132324,213
3742,32,46,0.000119483426,4199.814948797226,68.63052749633789,3071.698998451233,213
3743,32,46,0.00091260014,4200.931502580643,68.6487295627594,3072.51712846756,213
3744,32,46,0.0009373483,4202.04291510582,68.65105152130127,3073.349099636078,213
3745,32,46,0.07628564,4203.159648895264,68.66298747062683,3074.165518760681,213
3746,32,46,0.0048680166,4204.284750461578,68.68165349960327,3074.995762825012,213
3747,32,46,0.0024838105,4205.410077571869,68.7034764289856,3075.814388036728,213
3748,32,46,0.0006227948,4206.523805141449,68.70553255081177,3076.636613845825,213
3749,32,46,0.0038670972,4207.658246517181,68.72869157791138,3077.4618759155273,213
3750,33,46,0.0029886123,4208.683487892151,68.7307345867157,3078.2772727012634,213
3751,33,46,0.00026488624,4209.791249513626,68.73238563537598,3079.1083285808563,213
3752,33,46,0.00020776562,4210.914611339569,68.73462271690369,3079.9317696094513,213
3753,33,46,0.00022044094,4212.034857273102,68.74449968338013,3080.7529175281525,213
3754,33,46,0.00034652522,4213.140791654587,68.755375623703,3081.577028274536,213
3755,33,46,0.031868562,4214.243968486786,68.76941847801208,3082.3982212543488,213
3756,33,46,0.0006333296,4215.350313901901,68.77934455871582,3083.229790210724,213
3757,33,46,2.3630293e-05,4216.464184522629,68.79053068161011,3084.0484943389893,213
3758,33,46,0.013285122,4217.580713510513,68.80794262886047,3084.862242460251,213
3759,33,46,0.00030293548,4218.693310499191,68.81719851493835,3085.6885952949524,213
3760,33,46,0.0071239313,4219.810429573059,68.81909036636353,3086.5164263248444,213
3761,33,46,0.00034150478,4220.93572306633,68.8472363948822,3087.341319322586,213
3762,33,46,0.0010324576,4222.052100419998,68.8494565486908,3088.1647803783417,213
3763,33,46,3.4689343e-05,4223.175746679306,68.85134840011597,3088.999121427536,213
3764,33,46,7.119451e-05,4224.300701856613,68.85303235054016,3089.8226494789124,213
3765,33,46,0.001135849,4225.4240980148315,68.87807440757751,3090.647903442383,213
3766,33,46,0.00041589877,4226.552358388901,68.90373039245605,3091.4645314216614,213
3767,33,46,0.0002568176,4227.663139820099,68.92210626602173,3092.283581495285,213
3768,33,46,0.00014028641,4228.763707637787,68.92735934257507,3093.1040115356445,213
3769,33,46,0.004977672,4229.884482383728,68.95571541786194,3093.9234545230865,213
3770,33,46,0.002749638,4230.991711616516,68.9618935585022,3094.7414014339447,213
3771,33,46,4.191543e-05,4232.099346876144,68.97101163864136,3095.561839580536,213
3772,33,46,1.121166e-05,4233.22935962677,69.00588965415955,3096.3896005153656,213
3773,33,46,0.00019968652,4234.351995706558,69.01625657081604,3097.2070593833923,213
3774,33,46,0.0004569746,4235.475150585175,69.05597352981567,3098.0269503593445,213
3775,33,46,0.063984714,4236.593637228012,69.07116651535034,3098.844699382782,213
3776,33,46,0.00058634666,4237.710545539856,69.09519147872925,3099.665268421173,213
3777,33,46,1.352295e-05,4238.827064752579,69.09729862213135,3100.485965490341,213
3778,33,46,0.023400778,4239.942202806473,69.11453676223755,3101.307773590088,213
3779,33,46,7.383222e-05,4241.058789730072,69.11654090881348,3102.1258256435394,213
3780,33,46,0.025740342,4242.1705775260925,69.12240195274353,3102.9431195259094,213
3781,33,46,0.1124379,4243.289861917496,69.14181804656982,3103.7643744945526,213
3782,33,46,0.0027385475,4244.406669616699,69.14373922348022,3104.5840396881104,213
3783,33,46,0.0002228112,4245.521516561508,69.15929007530212,3105.4078636169434,213
3784,33,46,0.00043359635,4246.632530212402,69.17003917694092,3106.2250475883484,213
3785,33,46,1.3719661e-05,4247.728768348694,69.17874717712402,3107.0471856594086,213
3786,33,46,0.003936524,4248.835789680481,69.18061518669128,3107.8637466430664,213
3787,33,46,0.25797495,4249.948488235474,69.20137023925781,3108.685886621475,213
3788,33,47,0.23450002,4251.446983575821,69.58398413658142,3109.5061128139496,213
3789,33,47,0.0037314717,4252.559479236603,69.59382796287537,3110.3299498558044,213
3790,33,47,6.074983e-05,4253.674091339111,69.60480785369873,3111.146856069565,213
3791,33,47,0.0038394786,4254.838505983353,69.64673590660095,3111.9852640628815,213
3792,33,47,0.030682068,4255.977915763855,69.68285989761353,3112.809494972229,213
3793,33,47,0.004120791,4257.093770742416,69.69363403320312,3113.6353299617767,213
3794,33,47,0.007816612,4258.216721057892,69.69575691223145,3114.4617669582367,213
3795,33,47,0.009018348,4259.351291418076,69.69769787788391,3115.2874698638916,213
3796,33,47,0.04081516,4260.4714958667755,69.70215082168579,3116.1115527153015,213
3797,33,47,0.033598483,4261.584769010544,69.70627164840698,3116.934581756592,213
3798,33,47,0.030382305,4262.705053329468,69.72329449653625,3117.7464175224304,213
3799,33,47,0.019024879,4263.826074361801,69.73945260047913,3118.5691034793854,213
3800,33,47,0.037265155,4264.948689222336,69.74367356300354,3119.3995945453644,213
3801,33,47,0.028254043,4266.074537992477,69.76078653335571,3120.2182896137238,213
3802,33,47,0.061222266,4267.199240922928,69.76306247711182,3121.0477046966553,213
3803,33,47,0.002269797,4268.316521883011,69.77889847755432,3121.8598647117615,213
3804,33,47,0.015565334,4269.426152706146,69.79107356071472,3122.6822788715363,213
3805,33,47,0.02257775,4270.535326242447,69.80535745620728,3123.5098848342896,213
3806,33,47,0.00089667534,4271.656118154526,69.80742144584656,3124.3369657993317,213
3807,33,47,0.035429157,4272.774961471558,69.81438732147217,3125.1598699092865,213
3808,33,47,0.00076980435,4273.885453939438,69.83055019378662,3125.9838757514954,213
3809,33,47,0.044948947,4275.010368347168,69.83264017105103,3126.8135557174683,213
3810,33,47,0.0002710072,4276.121562957764,69.83456707000732,3127.628853559494,213
3811,33,47,0.23622546,4277.24973654747,69.83653593063354,3128.4560005664825,213
3812,33,47,0.08854455,4278.3698008060455,69.85605001449585,3129.2798035144806,213
3813,33,47,0.010907544,4279.479828834534,69.87530612945557,3130.0962924957275,213
3814,33,47,0.006270969,4280.606530189514,69.89092993736267,3130.91982960701,213
3815,33,47,0.033544026,4281.727707624435,69.91507291793823,3131.743941783905,213
3816,33,47,0.11174341,4282.84518456459,69.91701793670654,3132.5644795894623,213
3817,33,47,0.007499444,4283.95804643631,69.92878293991089,3133.3891553878784,213
3818,33,47,0.0868743,4285.090450763702,69.96199798583984,3134.206927537918,213
3819,33,47,0.06299251,4286.211097002029,69.96911692619324,3135.031789779663,213
3820,33,47,0.045984812,4287.3284294605255,70.00235795974731,3135.849698781967,213
3821,33,47,0.07424058,4288.443735361099,70.01064205169678,3136.6695148944855,213
3822,33,47,0.049648184,4289.562170267105,70.01732420921326,3137.4923050403595,213
3823,33,47,0.06777751,4290.679691314697,70.03734135627747,3138.3076968193054,213
3824,33,47,0.118648164,4291.814447641373,70.04563927650452,3139.1277906894684,213
3825,33,47,0.025066996,4292.939012289047,70.05696225166321,3139.948841571808,213
3826,33,47,0.020903138,4294.0564341545105,70.07765245437622,3140.7628514766693,213
3827,33,47,0.010106956,4295.167747974396,70.08798742294312,3141.580385684967,213
3828,33,47,0.02695843,4296.288879871368,70.10736346244812,3142.3965537548065,213
3829,33,47,0.0020122589,4297.409927845001,70.14065456390381,3143.217175722122,213
3830,33,47,0.02854284,4298.521299123764,70.14285349845886,3144.031181573868,213
3831,33,47,0.02051054,4299.644039392471,70.14465546607971,3144.8512575626373,213
3832,33,47,0.0040255613,4300.766151666641,70.16394758224487,3145.67325758934,213
3833,33,47,0.00657638,4301.882705926895,70.18154859542847,3146.492312669754,213
3834,33,47,0.038641084,4302.997498512268,70.21265959739685,3147.315904855728,213
3835,33,47,0.0042533414,4304.113525867462,70.21458554267883,3148.1438241004944,213
3836,33,47,0.03529339,4305.235402345657,70.22882151603699,3148.9610528945923,213
3837,33,47,0.009696392,4306.343730211258,70.24893140792847,3149.778731107712,213
3838,33,47,0.029020483,4307.465831518173,70.25081944465637,3150.604527235031,213
3839,33,47,0.14969818,4308.563118934631,70.25358939170837,3151.4171874523163,213
3840,33,47,0.0006074257,4309.675193071365,70.26206946372986,3152.2357442379,213
3841,33,47,0.0006907247,4310.788765907288,70.26391839981079,3153.0553431510925,213
3842,33,47,0.0022368953,4311.901062965393,70.28018951416016,3153.8746161460876,213
3843,33,47,0.0052496106,4313.0223026275635,70.3067274093628,3154.6924409866333,213
3844,33,47,0.049244963,4314.125306606293,70.31382250785828,3155.5093388557434,213
3845,33,47,0.14792858,4315.241742372513,70.32979655265808,3156.328821659088,213
3846,33,47,0.017982928,4316.355077981949,70.34826064109802,3157.1470777988434,213
3847,33,47,0.006677555,4317.47225189209,70.35022854804993,3157.97141289711,213
3848,33,47,0.001928373,4318.596385955811,70.36977744102478,3158.7929208278656,213
3849,33,47,0.0009824948,4319.719054937363,70.37170028686523,3159.6235687732697,213
3850,33,47,0.0045729876,4320.827455997467,70.37874722480774,3160.4471266269684,213
3851,33,47,0.051185753,4321.9436049461365,70.40403819084167,3161.2671313285828,213
3852,33,47,0.0004089196,4323.071904659271,70.41626524925232,3162.0826263427734,213
3853,33,47,0.007896922,4324.195652723312,70.41833138465881,3162.9125304222107,213
3854,33,47,0.002147828,4325.308761835098,70.43501138687134,3163.7311284542084,213
3855,33,47,0.00078599923,4326.431915044785,70.44399619102478,3164.5502462387085,213
3856,33,47,0.12207685,4327.5491235256195,70.44615626335144,3165.3810052871704,213
3857,33,47,0.0056952196,4328.671432495117,70.47236919403076,3166.199902534485,213
3858,33,47,0.028622687,4329.789396524429,70.49137806892395,3167.018230676651,213
3859,33,47,0.0007221099,4330.895205497742,70.49314403533936,3167.8441529273987,213
3860,33,47,0.0043332255,4332.005680322647,70.50492286682129,3168.6603338718414,213
3861,33,47,0.0014085465,4333.127165079117,70.52403378486633,3169.4810836315155,213
3862,33,48,0.024477715,4334.623713493347,70.89792490005493,3170.2953894138336,213
3863,33,48,0.013559978,4335.747134685516,70.92062091827393,3171.1176464557648,213
3864,33,48,0.00060580217,4336.863970994949,70.93265771865845,3171.9441614151,213
3865,33,48,0.00014273345,4337.971145629883,70.94579267501831,3172.7686743736267,213
3866,33,48,0.00064724905,4339.086263656616,70.95762157440186,3173.596279144287,213
3867,34,48,0.004904526,4340.114711046219,70.9599347114563,3174.41521525383,213
3868,34,48,0.00028734622,4341.226753950119,70.96474957466125,3175.2356390953064,213
3869,34,48,0.00088840176,4342.340441465378,70.96671056747437,3176.0589060783386,213
3870,34,48,0.0010745188,4343.464822769165,70.98605847358704,3176.8814702033997,213
3871,34,48,0.0002765434,4344.575968980789,70.98782444000244,3177.7048602104187,213
3872,34,48,0.00011822152,4345.700659990311,71.01440834999084,3178.5313930511475,213
3873,34,48,0.0004860364,4346.824885606766,71.01980924606323,3179.3473660945892,213
3874,34,48,7.673625e-05,4347.940805435181,71.02506136894226,3180.1707031726837,213
3875,34,48,0.018768867,4349.055738925934,71.04287433624268,3180.9916532039642,213
3876,34,48,0.00015440477,4350.175336360931,71.05403017997742,3181.815357208252,213
3877,34,48,0.00031131023,4351.295259952545,71.08394122123718,3182.63578414917,213
3878,34,48,0.00017314588,4352.40803360939,71.10203123092651,3183.4617512226105,213
3879,34,48,0.00017076646,4353.53103852272,71.12337112426758,3184.2857401371,213
3880,34,48,0.02904124,4354.644816160202,71.13386702537537,3185.108367919922,213
3881,34,48,0.0003701937,4355.772474765778,71.16887211799622,3185.925080060959,213
3882,34,48,3.6736445e-05,4356.88742184639,71.19134020805359,3186.73690199852,213
3883,34,48,0.001555834,4357.999562740326,71.1933171749115,3187.5627279281616,213
3884,34,48,0.00044224213,4359.104115247726,71.19527316093445,3188.381579875946,213
3885,34,48,0.048774567,4360.2291424274445,71.19715619087219,3189.2133967876434,213
3886,34,48,0.019910257,4361.35195851326,71.19911599159241,3190.04204082489,213
3887,34,48,2.554783e-05,4362.472366809845,71.22339105606079,3190.862508058548,213
3888,34,48,0.0035891943,4363.599198818207,71.23475813865662,3191.6828122138977,213
3889,34,48,0.00034203232,4364.72801399231,71.24752402305603,3192.5032262802124,213
3890,34,48,0.004447084,4365.858529806137,71.2762520313263,3193.324223279953,213
3891,34,48,0.007792889,4366.970623493195,71.29095816612244,3194.1433203220367,213
3892,34,48,0.028629463,4368.0879328250885,71.2929482460022,3194.9693682193756,213
3893,34,48,0.0015648959,4369.205272674561,71.31607222557068,3195.790936231613,213
3894,34,48,0.0001321284,4370.329736232758,71.33996415138245,3196.612978219986,213
3895,34,48,0.00024293041,4371.446315288544,71.36055612564087,3197.431654214859,213
3896,34,48,0.00018411869,4372.569848537445,71.37676215171814,3198.253615140915,213
3897,34,48,0.00033246644,4373.686062097549,71.38616704940796,3199.081339120865,213
3898,34,48,0.00073305937,4374.816518068314,71.40873003005981,3199.8990330696106,213
3899,34,48,4.9664224e-05,4375.933999300003,71.43079805374146,3200.719677209854,213
3900,34,48,0.007614634,4377.0545382499695,71.4441728591919,3201.5431072711945,213
3901,34,48,0.07725687,4378.177928209305,71.47025680541992,3202.364205598831,213
3902,34,48,0.0021446133,4379.297009468079,71.47225189208984,3203.1846113204956,213
3903,34,48,0.0030134574,4380.403057813644,71.48947072029114,3204.006356239319,213
3904,34,48,0.009846121,4381.526912212372,71.49135684967041,3204.824611186981,213
3905,34,48,0.08703825,4382.664989948273,71.54489278793335,3205.64044713974,213
3906,34,48,0.024772592,4383.792897701263,71.56861472129822,3206.4708621501923,213
3907,34,48,0.0016269907,4384.914870500565,71.60538458824158,3207.2867753505707,213
3908,34,48,0.0013848448,4386.030729293823,71.6133725643158,3208.1159794330597,213
3909,34,48,0.0024906085,4387.155794382095,71.6215877532959,3208.9308931827545,213
3910,34,48,9.876068e-05,4388.281446933746,71.64377760887146,3209.7502591609955,213
3911,34,48,0.0052561113,4389.396294593811,71.6485505104065,3210.5681903362274,213
3912,34,48,3.8791528e-05,4390.517584562302,71.68454051017761,3211.3809354305267,213
3913,34,48,0.0006107236,4391.635451078415,71.6904046535492,3212.209403514862,213
3914,34,48,0.0023279437,4392.7542452812195,71.69245958328247,3213.0382664203644,213
3915,34,48,0.00045758314,4393.8726325035095,71.70012760162354,3213.8631875514984,213
3916,34,48,0.0009364823,4394.997412204742,71.71974158287048,3214.681358575821,213
3917,34,48,0.0020558634,4396.118927001953,71.75215148925781,3215.5036346912384,213
3918,34,48,0.0071265115,4397.241863012314,71.75412845611572,3216.329312801361,213
3919,34,48,0.005919939,4398.358726024628,71.76205158233643,3217.1487679481506,213
3920,34,48,0.00046737076,4399.48264336586,71.79467558860779,3217.966222047806,213
3921,34,48,0.00058021076,4400.612473726273,71.81278443336487,3218.794755220413,213
3922,34,48,0.00029638852,4401.731006145477,71.83340549468994,3219.6191353797913,213
3923,34,48,0.066871695,4402.853168725967,71.85961055755615,3220.43389749527,213
3924,34,48,0.0033843853,4403.97607922554,71.88915371894836,3221.2608835697174,213
3925,34,48,0.0035052707,4405.093261241913,71.91233849525452,3222.0802557468414,213
3926,34,48,0.020488504,4406.225522518158,71.94543838500977,3222.9105067253113,213
3927,34,48,0.010525633,4407.32740187645,71.94764423370361,3223.731752872467,213
3928,34,48,0.00095958624,4408.437969923019,71.95829129219055,3224.5537025928497,213
3929,34,48,7.859616e-05,4409.544789075851,71.9602963924408,3225.3699927330017,213
3930,34,48,0.0006035132,4410.658904075623,71.96213221549988,3226.1955037117004,213
3931,34,48,0.0012003353,4411.775017261505,71.97837424278259,3227.016541957855,213
3932,34,48,6.125923e-05,4412.89506316185,72.00422811508179,3227.838267803192,213
3933,34,48,0.0003172893,4414.0040028095245,72.01366710662842,3228.6552469730377,213
3934,34,48,0.011130895,4415.1140229702,72.01563501358032,3229.4749081134796,213
3935,34,48,0.0072884345,4416.229150772095,72.0245201587677,3230.3050620555878,213
3936,34,48,0.023022378,4417.3430297374725,72.03110313415527,3231.120635032654,213
3937,34,48,0.017144507,4418.458669662476,72.03925919532776,3231.94620013237,213
3938,34,48,0.00027498108,4419.573133945465,72.05402207374573,3232.765077114105,213
3939,34,48,0.009594543,4420.691732168198,72.06330299377441,3233.5852751731873,213
3940,34,48,0.0004012237,4421.7983820438385,72.07022595405579,3234.406277179718,213
3941,34,48,0.00019997153,4422.920251131058,72.076819896698,3235.232105255127,213
3942,34,48,0.048851274,4424.0403616428375,72.10189580917358,3236.052571296692,213
3943,34,48,0.15488224,4425.152695178986,72.10838484764099,3236.872939348221,213
3944,34,48,0.0013302871,4426.261814117432,72.11328172683716,3237.70073223114,213
3945,34,48,0.030389562,4427.390838861465,72.14826560020447,3238.5213232040405,213
3946,34,48,0.00031666204,4428.519925117493,72.17920851707458,3239.343117952347,213
3947,34,48,0.0005583868,4429.649537086487,72.21063947677612,3240.168757915497,213
3948,34,48,0.002973097,4430.771755933762,72.22668957710266,3240.986218690872,213
3949,34,48,0.006393451,4431.882858037949,72.24776363372803,3241.7997736930847,213
3950,34,48,0.002603941,4433.004416704178,72.26918244361877,3242.623792886734,213
3951,34,48,0.021565003,4434.112628936768,72.27110648155212,3243.4468247890472,213
3952,34,48,0.00400931,4435.222175836563,72.27837538719177,3244.2672646045685,213
3953,34,48,0.0012473224,4436.34627699852,72.29563736915588,3245.0828306674957,213
3954,34,48,0.016809935,4437.46694111824,72.32346057891846,3245.8983116149902,213
3955,34,49,0.0030403258,4438.985604286194,72.72050762176514,3246.721979856491,213
3956,34,49,0.00014161316,4440.096009731293,72.72253155708313,3247.543059825897,213
3957,34,49,0.00040282618,4441.2180325984955,72.7510576248169,3248.365045070648,213
3958,34,49,0.00018315604,4442.329460859299,72.75607752799988,3249.187556028366,213
3959,34,49,0.0013047019,4443.464477300644,72.77606558799744,3250.000850915909,213
3960,34,49,0.0129631655,4444.578969478607,72.77818870544434,3250.8180878162384,213
3961,34,49,3.1839412e-05,4445.7124807834625,72.78010869026184,3251.6455538272858,213
3962,34,49,5.2977513e-05,4446.823126554489,72.79004669189453,3252.4711101055145,213
3963,34,49,0.0002968604,4447.942155599594,72.80482363700867,3253.3020570278168,213
3964,34,49,0.0006225674,4449.059855222702,72.81221079826355,3254.1288290023804,213
3965,34,49,0.0006369182,4450.166496038437,72.82899689674377,3254.9492518901825,213
3966,34,49,0.0027528766,4451.277278661728,72.8410336971283,3255.770150899887,213
3967,34,49,0.0005517982,4452.397138595581,72.85876154899597,3256.5867478847504,213
3968,34,49,0.00034430224,4453.515587806702,72.86097359657288,3257.4160747528076,213
3969,34,49,0.0055312254,4454.629782915115,72.87047052383423,3258.228845834732,213
3970,34,49,0.051998906,4455.73810172081,72.87235951423645,3259.045452594757,213
3971,34,49,0.017745188,4456.856925487518,72.87438654899597,3259.8655457496643,213
3972,34,49,0.00013878132,4457.973523616791,72.90093564987183,3260.686948776245,213
3973,34,49,0.00047965502,4459.086963891983,72.90301370620728,3261.5076189041138,213
3974,34,49,7.73115e-05,4460.213734149933,72.92915654182434,3262.32843375206,213
3975,34,49,0.0003164413,4461.321799039841,72.93122839927673,3263.1540145874023,213
3976,34,49,0.0001823782,4462.4277374744415,72.93600940704346,3263.973447561264,213
3977,34,49,0.18481551,4463.543828248978,72.94679641723633,3264.8022994995117,213
3978,34,49,0.0005191807,4464.666499614716,72.96685743331909,3265.624150276184,213
3979,34,49,0.0056000063,4465.780814409256,72.9797055721283,3266.4429981708527,213
3980,34,49,0.00077356026,4466.896016836166,72.99269461631775,3267.2587370872498,213
3981,34,49,0.00057927344,4468.016165018082,72.9945957660675,3268.0848441123962,213
3982,34,49,0.00096279464,4469.1359095573425,73.02629375457764,3268.9025371074677,213
3983,34,49,0.0003034816,4470.256180047989,73.02806162834167,3269.7311091423035,213
3984,35,49,0.00014458988,4471.284155130386,73.03043150901794,3270.5550332069397,213
3985,35,49,0.0056997593,4472.407047748566,73.03518748283386,3271.377758026123,213
3986,35,49,0.006402471,4473.524996519089,73.04340839385986,3272.1957199573517,213
3987,35,49,0.021046085,4474.628310203552,73.04536819458008,3273.01900100708,213
3988,35,49,0.00078856456,4475.749139547348,73.05349516868591,3273.842388868332,213
3989,35,49,0.0025677953,4476.853932857513,73.05566716194153,3274.669979095459,213
3990,35,49,0.0019849208,4477.969155550003,73.07387018203735,3275.48668885231,213
3991,35,49,0.005568541,4479.078552007675,73.09264516830444,3276.3045270442963,213
3992,35,49,0.0016601069,4480.206517696381,73.12517809867859,3277.128331899643,213
3993,35,49,0.032027993,4481.312606573105,73.12708616256714,3277.9602098464966,213
3994,35,49,0.023653917,4482.431534290314,73.14095520973206,3278.7883036136627,213
3995,35,49,0.002474204,4483.5372903347015,73.14807915687561,3279.611140727997,213
3996,35,49,0.0044752695,4484.65213394165,73.16934728622437,3280.4267027378082,213
3997,35,49,0.00065769505,4485.78418302536,73.2056872844696,3281.247345685959,213
3998,35,49,0.0003175674,4486.914379119873,73.20794939994812,3282.07843875885,213
3999,35,49,0.024637634,4488.041538953781,73.2100715637207,3282.908059835434,213
4000,35,49,0.0063497005,4489.159577846527,73.22410750389099,3283.725099802017,213
4001,35,49,0.0004169182,4490.276887178421,73.2407705783844,3284.5468418598175,213
4002,35,49,0.0015800695,4491.389891862869,73.25554466247559,3285.3658475875854,213
4003,35,49,0.0011441534,4492.51705956459,73.28154277801514,3286.1874375343323,213
4004,35,49,0.0028432533,4493.630007743835,73.28553557395935,3287.0047504901886,213
4005,35,49,0.09939046,4494.7507147789,73.30248236656189,3287.8224544525146,213
4006,35,49,0.00047224452,4495.871112823486,73.31730222702026,3288.6478765010834,213
4007,35,49,0.000850131,4496.98740530014,73.32638621330261,3289.4736766815186,213
4008,35,49,0.000292843,4498.109486103058,73.33973217010498,3290.3019676208496,213
4009,35,49,0.07768934,4499.226042985916,73.34419417381287,3291.1213896274567,213
4010,35,49,0.0048782565,4500.340564966202,73.37187910079956,3291.940138578415,213
4011,35,49,0.0058107963,4501.4558918476105,73.37524509429932,3292.7642726898193,213
4012,35,49,0.0001862686,4502.583808898926,73.4168312549591,3293.5838074684143,213
4013,35,49,0.005101161,4503.700025320053,73.42744541168213,3294.4090297222137,213
4014,35,49,0.00056178286,4504.8163850307465,73.4363374710083,3295.2255465984344,213
4015,35,49,0.025061404,4505.936807632446,73.47523641586304,3296.0377757549286,213
4016,35,49,0.0005832618,4507.050011396408,73.48367142677307,3296.857466697693,213
4017,35,49,0.010456127,4508.1592354774475,73.5126953125,3297.6721036434174,213
4018,35,49,0.0009807791,4509.278828382492,73.5372474193573,3298.49103474617,213
4019,35,49,0.009245926,4510.395206928253,73.55089139938354,3299.3179924488068,213
4020,35,49,0.00066105294,4511.515758275986,73.56011652946472,3300.140165090561,213
4021,35,49,0.008733749,4512.631936788559,73.58318567276001,3300.9511890411377,213
4022,35,49,0.0126185715,4513.751755237579,73.58495163917542,3301.7684512138367,213
4023,35,49,0.00073838717,4514.868813991547,73.6029736995697,3302.586489200592,213
4024,35,49,0.0025998093,4515.982524394989,73.6276216506958,3303.4088871479034,213
4025,35,49,0.006200977,4517.10063457489,73.63763165473938,3304.2343833446503,213
4026,35,49,0.0019556931,4518.209641933441,73.64172458648682,3305.0555543899536,213
4027,35,49,0.0020261884,4519.324724197388,73.65351271629333,3305.8821144104004,213
4028,35,49,0.0004901055,4520.437174797058,73.66638565063477,3306.701610326767,213
4029,35,49,0.0018323391,4521.55125617981,73.67219662666321,3307.520964384079,213
4030,35,49,0.00018745774,4522.675137519836,73.70054769515991,3308.3370563983917,213
4031,35,49,0.0038578755,4523.783542871475,73.70689368247986,3309.157002687454,213
4032,35,49,0.0010047846,4524.897302389145,73.70895171165466,3309.9732406139374,213
4033,35,49,0.00058261893,4526.017821550369,73.7483458518982,3310.7909343242645,213
4034,35,49,0.0011077565,4527.126017093658,73.75060677528381,3311.6133091449738,213
4035,35,50,0.0030492428,4528.645477294922,74.14902472496033,3312.4393181800842,213
4036,35,50,2.3015025e-05,4529.769775867462,74.17331671714783,3313.252669095993,213
4037,35,50,0.001386981,4530.884600639343,74.17832255363464,3314.073604106903,213
4038,35,50,0.001511885,4532.002421379089,74.18996167182922,3314.896930217743,213
4039,35,50,0.00032350436,4533.113078594208,74.20622873306274,3315.7176983356476,213
4040,35,50,0.0006706668,4534.220468997955,74.21497774124146,3316.531697034836,213
4041,35,50,0.0022880714,4535.341865777969,74.21719288825989,3317.3547163009644,213
4042,35,50,0.00096823263,4536.456858634949,74.22500681877136,3318.170027256012,213
4043,35,50,3.917355e-05,4537.575061798096,74.22698879241943,3319.000930070877,213
4044,35,50,0.0002188173,4538.7061631679535,74.22922086715698,3319.831954240799,213
4045,35,50,0.0001287648,4539.824101448059,74.24931788444519,3320.652590274811,213
4046,35,50,0.0040535037,4540.944252252579,74.28760075569153,3321.470555305481,213
4047,35,50,0.0004545171,4542.057766199112,74.28940773010254,3322.282159090042,213
4048,35,50,0.0011166905,4543.178914308548,74.31192684173584,3323.0995421409607,213
4049,35,50,0.0064290557,4544.287005662918,74.31410384178162,3323.916566133499,213
4050,35,50,0.001523902,4545.391041755676,74.3163959980011,3324.740620136261,213
4051,35,50,0.00019935594,4546.505159378052,74.31833600997925,3325.5665004253387,213
4052,35,50,0.0006954073,4547.629246711731,74.33490085601807,3326.3872141838074,213
4053,35,50,0.00011100789,4548.772186040878,74.37219071388245,3327.205547094345,213
4054,35,50,0.00979745,4549.880845308304,74.37809681892395,3328.021815061569,213
4055,35,50,0.00042009266,4550.998813152313,74.37990880012512,3328.849287033081,213
4056,35,50,0.00045671847,4552.115259647369,74.39752984046936,3329.6816370487213,213
4057,35,50,0.00016932728,4553.239593505859,74.434987783432,3330.5016770362854,213
4058,35,50,0.0006651489,4554.354649543762,74.44437885284424,3331.324851989746,213
4059,35,50,0.0004889644,4555.478937387466,74.44646787643433,3332.1507341861725,213
4060,35,50,3.8220214e-06,4556.60603928566,74.48073196411133,3332.973553419113,213
4061,35,50,0.001056297,4557.723524808884,74.48277187347412,3333.7962663173676,213
4062,35,50,4.081097e-05,4558.837450265884,74.4924247264862,3334.6182582378387,213
4063,35,50,6.8721245e-05,4559.950222253799,74.50428366661072,3335.4462583065033,213
4064,35,50,0.00020883133,4561.066534757614,74.50606369972229,3336.2668313980103,213
4065,35,50,1.6678712e-05,4562.180312156677,74.5278627872467,3337.0843575000763,213
4066,35,50,2.2564089e-05,4563.296342611313,74.55377960205078,3337.901180267334,213
4067,35,50,6.277079e-07,4564.405491113663,74.5708634853363,3338.7162783145905,213
4068,35,50,0.00052656344,4565.522708415985,74.57300138473511,3339.5413625240326,213
4069,35,50,0.00052433886,4566.643996715546,74.58518934249878,3340.3632376194,213
4070,35,50,8.4338455e-05,4567.757319450378,74.59623432159424,3341.1830286979675,213
4071,35,50,0.00020230959,4568.869141101837,74.59828519821167,3341.9946818351746,213
4072,35,50,5.909894e-06,4569.994867801666,74.61885905265808,3342.8191328048706,213
4073,35,50,0.023050409,4571.103665590286,74.63569021224976,3343.6371359825134,213
4074,35,50,4.8374983e-05,4572.231082439423,74.63771224021912,3344.4600880146027,213
4075,35,50,0.002850772,4573.3435027599335,74.6406991481781,3345.2861590385437,213
4076,35,50,0.021410257,4574.461932659149,74.65008211135864,3346.109654903412,213
4077,35,50,0.0013086685,4575.585116147995,74.65195798873901,3346.935865879059,213
4078,35,50,5.3086744e-05,4576.701540231705,74.67007088661194,3347.7612569332123,213
4079,35,50,8.885703e-05,4577.813982009888,74.69333171844482,3348.577442884445,213
4080,35,50,0.0013025511,4578.92929148674,74.71218252182007,3349.4043526649475,213
4081,35,50,5.1923407e-06,4580.052867174149,74.72683644294739,3350.229215860367,213
4082,35,50,0.00016313275,4581.165486335754,74.73382329940796,3351.0547800064087,213
4083,35,50,2.2127744e-05,4582.2828097343445,74.745450258255,3351.879357099533,213
4084,35,50,0.058035806,4583.392732381821,74.755056142807,3352.6978993415833,213
4085,35,50,0.00010264316,4584.509958267212,74.77666211128235,3353.511452436447,213
4086,35,50,0.0015531174,4585.616978645325,74.77878093719482,3354.3399155139923,213
4087,35,50,0.108087674,4586.734174966812,74.78608083724976,3355.1597855091095,213
4088,35,50,0.0033857673,4587.848911523819,74.79722595214844,3355.976320505142,213
4089,35,50,0.0011820405,4588.968686342239,74.8091049194336,3356.793822288513,213
4090,35,50,0.001204707,4590.089049100876,74.81130385398865,3357.616675376892,213
4091,35,50,0.0018824565,4591.205949783325,74.82830882072449,3358.432873249054,213
4092,35,50,0.001193282,4592.316032171249,74.8402328491211,3359.250074148178,213
4093,35,50,0.000612299,4593.433080673218,74.84841680526733,3360.0716450214386,213
4094,35,50,0.06134689,4594.548453330994,74.8503680229187,3360.8914041519165,213
4095,35,50,0.009575665,4595.671073913574,74.86147809028625,3361.710789203644,213
4096,35,50,0.0003551921,4596.7907819747925,74.86342930793762,3362.5254442691803,213
4097,35,50,0.00020189174,4597.91969370842,74.90508031845093,3363.342008113861,213
4098,35,50,0.00048656535,4599.029725790024,74.91061043739319,3364.169111967087,213
4099,35,50,0.0012193986,4600.142626285553,74.91267251968384,3364.9926619529724,213
4100,35,50,0.0032296737,4601.261897087097,74.91479659080505,3365.815968990326,213
4101,36,50,0.024468016,4602.290148973465,74.91715264320374,3366.634311914444,213
4102,36,50,0.024117917,4603.417545795441,74.94079065322876,3367.448741912842,213
4103,36,50,0.012031624,4604.539933204651,74.95372676849365,3368.2743418216705,213
4104,36,50,0.00023489699,4605.649171590805,74.95849466323853,3369.095837831497,213
4105,36,50,0.0017744314,4606.7675540447235,74.96429085731506,3369.924817085266,213
4106,36,50,0.0409278,4607.871137142181,74.96822381019592,3370.7427880764008,213
4107,36,50,0.10346677,4608.98032617569,74.9888367652893,3371.565980195999,213
4108,36,50,0.0008246021,4610.098774909973,75.00751566886902,3372.385439157486,213
4109,36,50,0.020270124,4611.228976726532,75.02341365814209,3373.2165350914,213
4110,36,50,0.001695591,4612.354020118713,75.04067468643188,3374.037695169449,213
4111,36,50,0.0019175633,4613.480189561844,75.04288864135742,3374.8538081645966,213
4112,36,50,0.00260241,4614.596332788467,75.04679560661316,3375.6789593696594,213
4113,36,50,0.0061275186,4615.720533847809,75.06693053245544,3376.4987354278564,213
4114,36,50,0.0021511624,4616.833279132843,75.06898641586304,3377.3219134807587,213
4115,36,50,0.0029189938,4617.9486536979675,75.08933520317078,3378.1375954151154,213
4116,36,50,0.0068296744,4619.073232650757,75.10976815223694,3378.9610323905945,213
4117,36,50,0.005731731,4620.189141511917,75.11693024635315,3379.7870342731476,213
4118,36,50,0.0027763417,4621.300881147385,75.13365507125854,3380.60675406456,213
4119,36,50,0.011125731,4622.412758350372,75.1478099822998,3381.4241211414337,213
4120,36,50,0.004395707,4623.530734300613,75.16360092163086,3382.241777896881,213
4121,36,50,0.00042771577,4624.649592161179,75.19933485984802,3383.0582909584045,213
4122,36,50,0.014874924,4625.76668047905,75.20110893249512,3383.8783049583435,213
4123,36,50,0.0008709256,4626.881862163544,75.21757578849792,3384.694533109665,213
4124,36,50,0.039464623,4628.002366781235,75.23883080482483,3385.5157930850983,213
4125,36,50,0.00068069703,4629.123359203339,75.24334192276001,3386.3357751369476,213
4126,36,50,0.0011806091,4630.236280202866,75.24978399276733,3387.15243434906,213
4127,36,50,0.0004359862,4631.364319086075,75.2518630027771,3387.980477333069,213
4128,36,50,0.01112631,4632.491865158081,75.25400996208191,3388.8035492897034,213
4129,36,50,0.0025492595,4633.60310292244,75.27878403663635,3389.6205632686615,213
4130,36,50,0.05100479,4634.720338821411,75.28781008720398,3390.445297241211,213
4131,36,50,0.0023557486,4635.843722581863,75.28975987434387,3391.2713344097137,213
4132,36,50,0.00014155783,4636.960822582245,75.30378484725952,3392.0869245529175,213
4133,36,50,0.014656977,4638.074279308319,75.31443500518799,3392.9033925533295,213
4134,36,50,0.0040973593,4639.187461137772,75.33594393730164,3393.7311046123505,213
4135,36,50,0.0012089713,4640.305809497833,75.36124181747437,3394.5463025569916,213
4136,36,50,0.04344271,4641.43457698822,75.38609576225281,3395.372072696686,213
4137,36,50,0.0001452983,4642.554416418076,75.3882577419281,3396.2016966342926,213
4138,36,50,0.0062409695,4643.664934873581,75.4132776260376,3397.0203137397766,213
4139,36,50,0.008072762,4644.777516365051,75.4198865890503,3397.8360648155212,213
4140,36,50,0.06111157,4645.9080057144165,75.42190766334534,3398.6655418872833,213
4141,36,50,0.00020645572,4647.031163692474,75.45045065879822,3399.4794850349426,213
4142,36,50,0.0006006721,4648.1509346961975,75.45597958564758,3400.307543039322,213
4143,36,50,0.0010874756,4649.270219802856,75.47884440422058,3401.1220014095306,213
4144,36,50,0.00026455813,4650.385818004608,75.48119640350342,3401.9444262981415,213
4145,36,50,5.0007795e-05,4651.52001786232,75.51679134368896,3402.7636952400208,213
4146,36,50,0.0050605796,4652.634425401688,75.53590250015259,3403.5859344005585,213
4147,36,50,0.0022868887,4653.745540857315,75.54415345191956,3404.407256603241,213
4148,36,50,0.0012055787,4654.8511962890625,75.56209945678711,3405.2267184257507,213
4149,36,50,0.00169216,4655.970720052719,75.57764649391174,3406.0509164333344,213
4150,36,50,0.038064227,4657.07670879364,75.57944250106812,3406.873819589615,213
4151,36,50,0.068008855,4658.206678390503,75.60841965675354,3407.6910614967346,213
4152,36,50,0.012049465,4659.329601764679,75.62931251525879,3408.5119805336,213
4153,36,50,0.0042634686,4660.447603940964,75.63877749443054,3409.332582473755,213
4154,36,50,0.0004411451,4661.567421674728,75.64610838890076,3410.1543774604797,213
4155,36,51,0.01368738,4663.0854704380035,76.04370641708374,3410.974376440048,213
4156,36,51,0.0005194101,4664.200817346573,76.04551243782043,3411.7893047332764,213
4157,36,51,1.076158e-05,4665.3161199092865,76.05344343185425,3412.6224467754364,213
4158,36,51,0.00024711943,4666.428047418594,76.06014442443848,3413.444596529007,213
4159,36,51,8.158552e-05,4667.550175905228,76.0709924697876,3414.26033949852,213
4160,36,51,0.00048443902,4668.668624639511,76.08409333229065,3415.076615333557,213
4161,36,51,6.125125e-05,4669.778880357742,76.0943284034729,3415.9019644260406,213
4162,36,51,0.0036579035,4670.911059617996,76.09633350372314,3416.737921476364,213
4163,36,51,0.0019131023,4672.026577949524,76.10498452186584,3417.5598475933075,213
4164,36,51,0.0007331388,4673.142454624176,76.12249636650085,3418.381658554077,213
4165,36,51,0.07091263,4674.258414030075,76.13259434700012,3419.209541797638,213
4166,36,51,0.00025456486,4675.375648021698,76.14170241355896,3420.031166791916,213
4167,36,51,0.00012402903,4676.491154670715,76.14560842514038,3420.847676753998,213
4168,36,51,0.00052498246,4677.62412238121,76.18415832519531,3421.6684029102325,213
4169,36,51,4.711424e-05,4678.739852190018,76.18895435333252,3422.4865899086,213
4170,36,51,0.0022431295,4679.861084461212,76.20008039474487,3423.314629793167,213
4171,36,51,0.0022995984,4680.9759821891785,76.23319244384766,3424.1298055648804,213
4172,36,51,0.010403827,4682.093526363373,76.235431432724,3424.9557473659515,213
4173,36,51,0.0022811228,4683.208421230316,76.2497673034668,3425.780436515808,213
4174,36,51,0.00067572057,4684.32738161087,76.2517683506012,3426.6049361228943,213
4175,36,51,0.00038048,4685.456150770187,76.297687292099,3427.4198801517487,213
4176,36,51,0.00013722267,4686.570780992508,76.29966640472412,3428.246736049652,213
4177,36,51,0.00024673174,4687.683706998825,76.31054639816284,3429.0679240226746,213
4178,36,51,0.00045099866,4688.79919219017,76.31565737724304,3429.8936009407043,213
4179,36,51,0.000319541,4689.908077478409,76.31935954093933,3430.708877801895,213
4180,36,51,0.0015004489,4691.012157201767,76.32154750823975,3431.5265839099884,213
4181,36,51,0.038482558,4692.138079404831,76.32364344596863,3432.3466987609863,213
4182,36,51,0.0014954446,4693.255929231644,76.3354115486145,3433.1740548610687,213
4183,36,51,0.0100050215,4694.3722014427185,76.35107755661011,3434.0008556842804,213
4184,36,51,0.00013334746,4695.497636318207,76.37254858016968,3434.8210158348083,213
4185,36,51,0.00084290444,4696.605762720108,76.38306665420532,3435.6391077041626,213
4186,36,51,5.559296e-05,4697.708818435669,76.39750170707703,3436.4557313919067,213
4187,36,51,0.0003750683,4698.820851564407,76.3996467590332,3437.284316301346,213
4188,36,51,0.00060156756,4699.933023452759,76.40129661560059,3438.1115453243256,213
4189,36,51,0.00040648994,4701.052138805389,76.40321850776672,3438.940303325653,213
4190,36,51,0.009740439,4702.174345493317,76.43088555335999,3439.7624344825745,213
4191,36,51,0.0004525538,4703.28332400322,76.44476461410522,3440.580396413803,213
4192,36,51,0.00013562676,4704.387034654617,76.44662666320801,3441.39449262619,213
4193,36,51,0.021809343,4705.505615711212,76.46534156799316,3442.2201726436615,213
4194,36,51,0.06001322,4706.636437654495,76.48804545402527,3443.0437676906586,213
4195,36,51,0.0047712745,4707.747660160065,76.50168251991272,3443.8657665252686,213
4196,36,51,1.4601421e-05,4708.859257698059,76.51375365257263,3444.6776366233826,213
4197,36,51,0.0015921537,4709.986804008484,76.54298067092896,3445.497362613678,213
4198,36,51,0.00015858153,4711.111134767532,76.54486870765686,3446.3214585781097,213
4199,36,51,0.00071604596,4712.226585149765,76.54950761795044,3447.1420934200287,213
4200,36,51,7.796663e-06,4713.344947338104,76.55151748657227,3447.9670202732086,213
4201,36,51,0.0033613034,4714.460024595261,76.5739414691925,3448.7851514816284,213
4202,36,51,0.00020382536,4715.573904752731,76.58255958557129,3449.6071887016296,213
4203,36,51,0.0012921931,4716.696427822113,76.58488273620605,3450.4271466732025,213
4204,36,51,0.00017805788,4717.809418678284,76.60488176345825,3451.2425677776337,213
4205,36,51,0.00014646741,4718.938814163208,76.63415479660034,3452.068220615387,213
4206,36,51,0.010943267,4720.051852464676,76.64131999015808,3452.8874344825745,213
4207,36,51,1.9691757e-05,4721.175137042999,76.65404105186462,3453.712203502655,213
4208,36,51,0.000168263,4722.2929899692535,76.65611505508423,3454.5350816249847,213
4209,36,51,0.010933416,4723.400103330612,76.66107106208801,3455.360199689865,213
4210,36,51,2.1579304e-05,4724.537086248398,76.70805215835571,3456.173854827881,213
4211,36,51,0.0041780137,4725.64728474617,76.72166228294373,3456.998715877533,213
4212,36,51,0.10393581,4726.768088579178,76.74761915206909,3457.819918870926,213
4213,36,51,0.3676705,4727.878617525101,76.7507860660553,3458.6375019550323,213
4214,36,51,8.443899e-05,4728.9914700984955,76.76991391181946,3459.4545381069183,213
4215,36,51,0.0058774184,4730.105226993561,76.79156994819641,3460.273905277252,213
4216,36,51,0.048652355,4731.216797351837,76.79991292953491,3461.0893425941467,213
4217,36,51,0.016956937,4732.346674919128,76.80196189880371,3461.9150726795197,213
4218,37,51,0.16248736,4733.365073680878,76.80436778068542,3462.730967760086,213
4219,37,51,0.0045578363,4734.474842309952,76.81336998939514,3463.5504727363586,213
4220,37,51,0.0032793721,4735.586206197739,76.8202919960022,3464.368190765381,213
4221,37,51,0.0017700822,4736.721543312073,76.82250690460205,3465.1867940425873,213
4222,37,51,0.012689514,4737.832085609436,76.82576704025269,3466.0069231987,213
4223,37,51,0.025299052,4738.947916030884,76.84521102905273,3466.8294281959534,213
4224,37,51,0.07553434,4740.059599876404,76.84771299362183,3467.6563341617584,213
4225,37,51,0.06616988,4741.178787231445,76.86166906356812,3468.481379032135,213
4226,37,51,0.01851017,4742.302436590195,76.86353588104248,3469.310511112213,213
4227,37,51,0.017978502,4743.42223572731,76.86554479598999,3470.140897989273,213
4228,37,51,0.021761362,4744.5350642204285,76.89492058753967,3470.9541540145874,213
4229,37,51,0.012175562,4745.645313024521,76.9022307395935,3471.77828001976,213
4230,37,51,0.0121666035,4746.757431745529,76.90798878669739,3472.600246191025,213
4231,37,51,0.023227124,4747.871542453766,76.9299259185791,3473.423656463623,213
4232,37,51,0.015625315,4748.970544338226,76.93309187889099,3474.2471721172333,213
4233,37,51,0.019646743,4750.091050386429,76.95554184913635,3475.071622133255,213
4234,37,51,0.0026705181,4751.214266061783,76.98460483551025,3475.895578145981,213
4235,37,51,0.00023290572,4752.321850061417,76.98863697052002,3476.7137773036957,213
4236,37,51,0.0030654743,4753.437482595444,77.00715184211731,3477.5334253311157,213
4237,37,51,0.004733487,4754.54905796051,77.00915789604187,3478.354062318802,213
4238,37,51,0.006946191,4755.672008275986,77.02718377113342,3479.174119234085,213
4239,37,51,0.0016822844,4756.790519237518,77.02905368804932,3479.9986572265625,213
4240,37,51,0.0045697377,4757.8971991539,77.0474305152893,3480.8170063495636,213
4241,37,51,0.031445555,4759.011474609375,77.06281042098999,3481.6367852687836,213
4242,37,51,0.00069060473,4760.128074169159,77.08103847503662,3482.462921142578,213
4243,37,51,0.00043875672,4761.237288475037,77.08928442001343,3483.2746901512146,213
4244,37,51,0.0019378541,4762.340461730957,77.09259629249573,3484.095716238022,213
4245,37,51,0.046847668,4763.444805622101,77.09860134124756,3484.922312259674,213
4246,37,51,0.011417255,4764.59175491333,77.13457226753235,3485.736312150955,213
4247,37,51,0.0009991708,4765.713581085205,77.150470495224,3486.557327270508,213
4248,37,51,0.0029140527,4766.831663370132,77.15503239631653,3487.3796582221985,213
4249,37,51,0.00029123446,4767.952671766281,77.17627334594727,3488.2000002861023,213
4250,37,51,0.020896718,4769.075975179672,77.19359230995178,3489.0214323997498,213
4251,37,51,0.005081578,4770.2050886154175,77.19541645050049,3489.8478453159332,213
4252,37,51,0.0019443219,4771.311727285385,77.20588731765747,3490.6700003147125,213
4253,37,52,0.118047275,4772.817265987396,77.60645651817322,3491.4913454055786,213
4254,37,52,0.0013080682,4773.928740501404,77.63973236083984,3492.3068652153015,213
4255,37,52,0.0025388568,4775.054424762726,77.6418764591217,3493.13832116127,213
4256,37,52,0.0003563697,4776.172647237778,77.64376544952393,3493.9586312770844,213
4257,37,52,0.0016123721,4777.290158510208,77.66613149642944,3494.7809262275696,213
4258,37,52,0.00045184378,4778.400275707245,77.67081451416016,3495.6015062332153,213
4259,37,52,0.00048262274,4779.499386787415,77.67362236976624,3496.4259922504425,213
4260,37,52,0.00043220012,4780.612252235413,77.68259835243225,3497.2489392757416,213
4261,37,52,1.15682205e-05,4781.724713802338,77.68442130088806,3498.064492225647,213
4262,37,52,0.001222105,4782.8351764678955,77.68964529037476,3498.885474205017,213
4263,37,52,0.00033590003,4783.947479963303,77.70295834541321,3499.703145265579,213
4264,37,52,0.006269142,4785.067912340164,77.70711421966553,3500.527606487274,213
4265,37,52,0.105537914,4786.190013408661,77.70912909507751,3501.353498697281,213
4266,37,52,0.00013227142,4787.298990011215,77.72135806083679,3502.1741995811462,213
4267,37,52,0.00020973994,4788.413449287415,77.73135209083557,3502.9915204048157,213
4268,37,52,0.0009123688,4789.531341075897,77.73315715789795,3503.812822341919,213
4269,37,52,0.0030719298,4790.652888536453,77.73512816429138,3504.628917455673,213
4270,37,52,0.0024938746,4791.776355981827,77.74995613098145,3505.45623421669,213
4271,37,52,7.233357e-05,4792.900996685028,77.76751613616943,3506.2796273231506,213
4272,37,52,0.021943368,4794.0293481349945,77.78750419616699,3507.0960936546326,213
4273,37,52,0.02654429,4795.145964860916,77.78956317901611,3507.9197175502777,213
4274,37,52,9.194599e-05,4796.263236522675,77.80273628234863,3508.7399682998657,213
4275,37,52,0.009506638,4797.3850655555725,77.81808114051819,3509.564334154129,213
4276,37,52,0.0005438691,4798.493402481079,77.82477307319641,3510.3879742622375,213
4277,37,52,0.0011170973,4799.6076147556305,77.83604884147644,3511.2143301963806,213
4278,37,52,0.0006476385,4800.72337937355,77.85758566856384,3512.0359423160553,213
4279,37,52,0.0013963135,4801.8363127708435,77.87089157104492,3512.856491088867,213
4280,37,52,1.5020563e-05,4802.9595828056335,77.87309074401855,3513.6815168857574,213
4281,37,52,0.00017463454,4804.072024345398,77.88078761100769,3514.5042786598206,213
4282,37,52,0.00011223639,4805.18169593811,77.89043760299683,3515.3311154842377,213
4283,37,52,0.07449627,4806.298933982849,77.89271450042725,3516.1470654010773,213
4284,37,52,0.001123572,4807.426545143127,77.91568756103516,3516.9666426181793,213
4285,37,52,0.0020278953,4808.542322874069,77.92272758483887,3517.7888445854187,213
4286,37,52,0.0010896184,4809.667627811432,77.9269425868988,3518.617270708084,213
4287,37,52,0.0018650866,4810.778439760208,77.93150663375854,3519.4437375068665,213
4288,37,52,0.0010917857,4811.90113401413,77.94114351272583,3520.2686252593994,213
4289,37,52,0.001541971,4813.010189294815,77.95116949081421,3521.0841734409332,213
4290,37,52,0.000110601584,4814.120126962662,77.95336747169495,3521.8968365192413,213
4291,37,52,0.00043490346,4815.244661808014,77.96101260185242,3522.726272583008,213
4292,37,52,7.845586e-05,4816.364959716797,77.96836757659912,3523.554664373398,213
4293,37,52,0.009986345,4817.487822294235,77.97826766967773,3524.376613378525,213
4294,37,52,0.00972151,4818.60906457901,77.99207162857056,3525.1962513923645,213
4295,37,52,0.007933377,4819.728704452515,78.02117967605591,3526.01509642601,213
4296,37,52,0.0005099424,4820.8364174366,78.02340269088745,3526.8349854946136,213
4297,37,52,0.0022132539,4821.965297460556,78.04286479949951,3527.666336297989,213
4298,37,52,0.00086714316,4823.083728313446,78.07001686096191,3528.4775924682617,213
4299,37,52,0.00026678317,4824.193742513657,78.08954286575317,3529.2956733703613,213
4300,37,52,3.758719e-05,4825.304868221283,78.0939588546753,3530.1176862716675,213
4301,37,52,0.0005867719,4826.417333602905,78.09586501121521,3530.9489591121674,213
4302,37,52,0.00071848615,4827.532865285873,78.10280990600586,3531.7691943645477,213
4303,37,52,0.009966728,4828.64879655838,78.11285281181335,3532.591858148575,213
4304,37,52,0.0005183977,4829.766097784042,78.11474084854126,3533.413150072098,213
4305,37,52,0.00040934718,4830.880144119263,78.12490200996399,3534.2288739681244,213
4306,37,52,0.0003657425,4831.990883111954,78.12692999839783,3535.054603099823,213
4307,37,52,0.00015451992,4833.114666938782,78.16022086143494,3535.8750319480896,213
4308,37,52,0.02758035,4834.23598241806,78.17428684234619,3536.700037956238,213
4309,37,52,0.00067709043,4835.358498096466,78.19837093353271,3537.520889043808,213
4310,37,52,0.0074721803,4836.47259926796,78.2030189037323,3538.3454959392548,213
4311,37,52,0.00031387413,4837.58055472374,78.20505571365356,3539.174875974655,213
4312,37,52,8.195505e-05,4838.694677829742,78.21061563491821,3539.996685028076,213
4313,37,52,0.0001878175,4839.808677196503,78.22519969940186,3540.8114371299744,213
4314,37,52,0.024171451,4840.937942743301,78.24491763114929,3541.6287553310394,213
4315,37,52,0.018287016,4842.12868642807,78.30320858955383,3542.4524784088135,213
4316,37,52,7.136652e-05,4843.248800039291,78.32168459892273,3543.2764735221863,213
4317,37,52,0.09506376,4844.35981297493,78.33097052574158,3544.0923845767975,213
4318,37,52,5.8368976e-05,4845.51690530777,78.37884068489075,3544.9218015670776,213
4319,37,52,0.0005237129,4846.628131151199,78.38101959228516,3545.7413985729218,213
4320,37,52,0.017556816,4847.737629652023,78.38302063941956,3546.567196369171,213
4321,37,52,0.00038494807,4848.8504848480225,78.39960670471191,3547.3963084220886,213
4322,37,52,0.008758629,4849.972604513168,78.40887188911438,3548.212535381317,213
4323,37,52,0.00012225813,4851.091521024704,78.41204476356506,3549.0406885147095,213
4324,37,52,0.00022135452,4852.210467100143,78.41432666778564,3549.8654565811157,213
4325,37,52,0.0027900473,4853.327569484711,78.42616558074951,3550.6829886436462,213
4326,37,52,0.008022646,4854.451635122299,78.45407843589783,3551.5037446022034,213
4327,37,52,0.09216869,4855.563022851944,78.45979833602905,3552.3226923942566,213
4328,37,52,0.000510739,4856.6842675209045,78.48764538764954,3553.139665365219,213
4329,37,52,0.0026682522,4857.794230937958,78.48961043357849,3553.954609632492,213
4330,37,52,0.16817488,4858.904206037521,78.49853134155273,3554.7717735767365,213
4331,37,52,0.0035345908,4860.017452716827,78.52892327308655,3555.5945863723755,213
4332,37,52,0.01039579,4861.119704246521,78.53135824203491,3556.41454744339,213
4333,37,52,0.000907393,4862.220910310745,78.5344672203064,3557.239360332489,213
4334,37,52,0.0016958887,4863.332355976105,78.55671620368958,3558.059407234192,213
4335,38,52,0.0054475926,4864.361305952072,78.5589611530304,3558.879599094391,213
4336,38,52,0.00068409287,4865.481534004211,78.57964324951172,3559.6922771930695,213
4337,38,52,0.008171365,4866.594485998154,78.60089111328125,3560.507290124893,213
4338,38,52,0.023938686,4867.712993144989,78.60288715362549,3561.330515384674,213
4339,38,52,0.110393584,4868.828398704529,78.61856627464294,3562.1478884220123,213
4340,38,52,0.004531827,4869.955594539642,78.64814734458923,3562.967483520508,213
4341,38,52,0.003734652,4871.070672988892,78.67237329483032,3563.7808513641357,213
4342,38,52,0.008614393,4872.1852650642395,78.69351840019226,3564.6000893115997,213
4343,38,52,0.005616143,4873.298253297806,78.69990539550781,3565.416182279587,213
4344,38,52,0.0020235532,4874.3989379405975,78.71211552619934,3566.240072250366,213
4345,38,52,9.89901e-05,4875.517859220505,78.72500348091125,3567.0626084804535,213
4346,38,52,0.089803055,4876.629771232605,78.72702646255493,3567.8835203647614,213
4347,38,53,0.022431033,4878.116930961609,79.1099534034729,3568.7031755447388,213
4348,38,53,0.025821486,4879.239773273468,79.14229226112366,3569.521504640579,213
4349,38,53,1.3222679e-05,4880.359030723572,79.14431834220886,3570.341258764267,213
4350,38,53,0.000963849,4881.471581220627,79.14810729026794,3571.164024591446,213
4351,38,53,8.725268e-05,4882.598100423813,79.1500244140625,3571.9942665100098,213
4352,38,53,0.008490969,4883.724062919617,79.17768144607544,3572.8136925697327,213
4353,38,53,0.00014540637,4884.838814020157,79.19761443138123,3573.627830505371,213
4354,38,53,0.0028,4885.9498245716095,79.1996214389801,3574.450048685074,213
4355,38,53,0.0317204,4887.077875614166,79.21459436416626,3575.2807626724243,213
4356,38,53,0.00011161524,4888.1987891197205,79.21666145324707,3576.1004626750946,213
4357,38,53,0.00047009828,4889.311758041382,79.24881649017334,3576.9128744602203,213
4358,38,53,0.05081417,4890.429149150848,79.26152062416077,3577.740270614624,213
4359,38,53,0.007565937,4891.549906253815,79.28503155708313,3578.555237531662,213
4360,38,53,0.003019115,4892.66849732399,79.28706359863281,3579.3783724308014,213
4361,38,53,0.006405576,4893.788792133331,79.30774450302124,3580.1919202804565,213
4362,38,53,0.117228046,4894.896459102631,79.31594133377075,3581.0135152339935,213
4363,38,53,0.0007587206,4896.024236679077,79.33111238479614,3581.830355167389,213
4364,38,53,0.0019431703,4897.142220258713,79.34312224388123,3582.6499371528625,213
4365,38,53,0.01791862,4898.2543778419495,79.35696005821228,3583.472566127777,213
4366,38,53,0.0017101014,4899.382111310959,79.35878610610962,3584.3068833351135,213
4367,38,53,0.0027724465,4900.50856590271,79.39730906486511,3585.1253802776337,213
4368,38,53,0.0065611596,4901.618029117584,79.40208101272583,3585.954590320587,213
4369,38,53,0.004630544,4902.728650808334,79.40392303466797,3586.780891418457,213
4370,38,53,0.00035069062,4903.844157934189,79.4106011390686,3587.607827425003,213
4371,38,53,0.037374966,4904.956640481949,79.42820811271667,3588.423840522766,213
4372,38,53,0.013364981,4906.072712659836,79.43920803070068,3589.2484636306763,213
4373,38,53,0.00023672116,4907.186736822128,79.46868801116943,3590.0642647743225,213
4374,38,53,0.0068866606,4908.303402900696,79.49193596839905,3590.879894733429,213
4375,38,53,4.466231e-05,4909.41641664505,79.5071849822998,3591.695702791214,213
4376,38,53,0.017929962,4910.532805681229,79.52373480796814,3592.514467716217,213
4377,38,53,8.319821e-05,4911.658910989761,79.54394888877869,3593.3310708999634,213
4378,38,53,0.0026237317,4912.795754432678,79.56010389328003,3594.1538257598877,213
4379,38,53,0.00055785605,4913.914174795151,79.5625250339508,3594.9740476608276,213
4380,38,53,0.004182026,4915.0395357608795,79.60121393203735,3595.788200855255,213
4381,38,53,0.04480179,4916.161092281342,79.61727595329285,3596.6068937778473,213
4382,38,53,0.004906734,4917.281921625137,79.62877702713013,3597.4300899505615,213
4383,38,53,0.0007662949,4918.402436256409,79.63070607185364,3598.2555418014526,213
4384,38,53,0.011284192,4919.523441791534,79.66069602966309,3599.077118873596,213
4385,38,53,0.067914784,4920.6446352005005,79.6976671218872,3599.891546726227,213
4386,38,53,0.09085644,4921.780780076981,79.72965002059937,3600.709043741226,213
4387,38,53,0.0012637202,4922.8918306827545,79.73521184921265,3601.5267975330353,213
4388,38,53,0.033556595,4924.015587091446,79.76568484306335,3602.3424072265625,213
4389,38,53,0.05060286,4925.141405344009,79.7678427696228,3603.1720600128174,213
4390,38,53,0.045899753,4926.264458656311,79.76992273330688,3603.998671770096,213
4391,38,53,0.0061925817,4927.390754461288,79.77198767662048,3604.823055744171,213
4392,38,53,0.0025208532,4928.516146659851,79.79008960723877,3605.643198490143,213
4393,38,53,0.0031194733,4929.628397226334,79.80537867546082,3606.463289499283,213
4394,38,53,0.008266575,4930.744838476181,79.82560658454895,3607.27596950531,213
4395,38,53,0.001111622,4931.861453771591,79.82753658294678,3608.09934258461,213
4396,38,53,0.005014879,4932.981459617615,79.85280346870422,3608.9107534885406,213
4397,38,53,0.008553368,4934.105444908142,79.88401961326599,3609.723070383072,213
4398,38,53,0.008088556,4935.224409580231,79.88824653625488,3610.5421764850616,213
4399,38,53,0.002462932,4936.354474544525,79.90360069274902,3611.358803510666,213
4400,38,53,0.0057750246,4937.473741531372,79.91253185272217,3612.1764636039734,213
4401,38,53,0.005497221,4938.603836774826,79.93122577667236,3613.001057624817,213
4402,38,53,0.003595959,4939.721647500992,79.94364380836487,3613.8230786323547,213
4403,38,53,0.0017898733,4940.841551542282,79.94543862342834,3614.6494665145874,213
4404,38,53,0.00378654,4941.956854104996,79.95402455329895,3615.4723563194275,213
4405,38,53,0.010125048,4943.073282957077,79.97514462471008,3616.2852053642273,213
4406,38,53,0.0066077374,4944.194472789764,79.997873544693,3617.1098272800446,213
4407,38,53,0.00022029797,4945.3144426345825,80.01521277427673,3617.930511236191,213
4408,38,53,0.0020391103,4946.427070140839,80.01844787597656,3618.7524824142456,213
4409,38,53,0.049964212,4947.545627355576,80.06248784065247,3619.5680644512177,213
4410,38,53,0.076343276,4948.680896282196,80.09029388427734,3620.3799664974213,213
4411,38,53,0.00018490809,4949.7877242565155,80.09939694404602,3621.2074534893036,213
4412,38,53,6.3480766e-05,4950.907192707062,80.11406803131104,3622.0269865989685,213
4413,38,53,0.00030684922,4952.025940895081,80.12592697143555,3622.851320505142,213
4414,38,53,0.0010032263,4953.139580488205,80.13660001754761,3623.669318675995,213
4415,38,53,0.0001944419,4954.269369602203,80.16795802116394,3624.4900166988373,213
4416,38,53,0.0005116386,4955.3889174461365,80.19388103485107,3625.30899977684,213
4417,38,53,0.0002615266,4956.501581192017,80.2203950881958,3626.1242628097534,213
4418,38,53,0.052660633,4957.61563205719,80.2484781742096,3626.9433970451355,213
4419,38,53,0.0043523405,4958.730855464935,80.26552224159241,3627.759996175766,213
4420,38,53,0.036611438,4959.852596282959,80.28274822235107,3628.578001976013,213
4421,38,53,0.00052357116,4960.969660282135,80.28456211090088,3629.3943140506744,213
4422,38,53,0.0039722724,4962.074417114258,80.29708528518677,3630.212172269821,213
4423,38,53,0.019720446,4963.186710834503,80.30063128471375,3631.0347604751587,213
4424,38,53,0.0073298006,4964.302758693695,80.31110334396362,3631.855043411255,213
4425,38,53,0.00035801422,4965.419752836227,80.313312292099,3632.6815555095673,213
4426,38,53,0.00051052665,4966.546524047852,80.32502436637878,3633.4967246055603,213
4427,38,53,0.027922798,4967.65674829483,80.33701229095459,3634.316975593567,213
4428,38,53,0.10400848,4968.781930923462,80.36702728271484,3635.137143611908,213
4429,38,53,0.00045576954,4969.905163526535,80.36924433708191,3635.9545884132385,213
4430,38,53,0.011675279,4971.042491436005,80.39946222305298,3636.7705023288727,213
4431,38,53,0.023964718,4972.162035703659,80.42240405082703,3637.595847129822,213
4432,38,53,0.005054555,4973.278733253479,80.42462086677551,3638.4187109470367,213
4433,38,53,0.11967113,4974.389550209045,80.42657780647278,3639.236750125885,213
4434,38,53,0.00060002675,4975.502675294876,80.4451949596405,3640.0535292625427,213
4435,38,53,0.003506157,4976.612452983856,80.45230913162231,3640.8771414756775,213
4436,38,53,0.17978196,4977.727175474167,80.46132802963257,3641.693318128586,213
4437,38,53,0.23311517,4978.835902690887,80.47193789482117,3642.517145872116,213
4438,38,53,0.038047854,4979.95178937912,80.48125386238098,3643.3358066082,213
4439,38,53,0.23676552,4981.067580938339,80.48298573493958,3644.158773422241,213
4440,38,53,0.012433219,4982.187786579132,80.50291752815247,3644.9819955825806,213
4441,38,53,0.30538702,4983.308476686478,80.51483464241028,3645.8017296791077,213
4442,38,53,0.16687758,4984.425714969635,80.51701259613037,3646.628138780594,213
4443,38,53,0.064396195,4985.541242361069,80.53774046897888,3647.4423925876617,213
4444,38,54,0.04980809,4987.033720970154,80.9017653465271,3648.2712075710297,213
4445,38,54,0.002576594,4988.138684272766,80.90411949157715,3649.0942544937134,213
4446,38,54,0.0017821151,4989.262964725494,80.93539047241211,3649.914433479309,213
4447,38,54,0.00092466816,4990.378555059433,80.93749761581421,3650.7370846271515,213
4448,38,54,0.0005576474,4991.493265628815,80.93929553031921,3651.5565366744995,213
4449,38,54,0.0002811902,4992.607011795044,80.96098756790161,3652.369666814804,213
4450,38,54,0.015894596,4993.722656488419,80.97511053085327,3653.1888597011566,213
4451,38,54,0.0011530328,4994.8267142772675,80.98698353767395,3654.001884698868,213
4452,38,54,0.0034747678,4995.929410457611,80.99678158760071,3654.82448554039,213
4453,39,54,0.043441687,4996.947619438171,80.9991705417633,3655.6408846378326,213
4454,39,54,0.0033474015,4998.07580447197,81.01317739486694,3656.4590604305267,213
4455,39,54,0.0021781358,4999.191022396088,81.02003240585327,3657.283104658127,213
4456,39,54,0.0097272685,5000.306518316269,81.0280294418335,3658.105512857437,213
4457,39,54,0.0024123255,5001.414333581924,81.0335464477539,3658.9254207611084,213
4458,39,54,0.0057172384,5002.534152507782,81.04171848297119,3659.736781835556,213
4459,39,54,0.0025796816,5003.650649309158,81.04383945465088,3660.55415391922,213
4460,39,54,0.00049335376,5004.772934913635,81.05187749862671,3661.3712430000305,213
4461,39,54,0.00032401958,5005.898074626923,81.05392265319824,3662.198625087738,213
4462,39,54,0.0059414553,5007.016222953796,81.05585551261902,3663.0152418613434,213
4463,39,54,0.0011946682,5008.143182516098,81.0679235458374,3663.832571744919,213
4464,39,54,0.006745591,5009.260948181152,81.0921585559845,3664.653414964676,213
4465,39,54,0.0032741153,5010.377039432526,81.09389352798462,3665.479952096939,213
4466,39,54,0.011347883,5011.507473707199,81.11696147918701,3666.2975718975067,213
4467,39,54,0.006918756,5012.61706829071,81.12536263465881,3667.1199419498444,213
4468,39,54,4.2641874e-05,5013.732941865921,81.1272485256195,3667.937170982361,213
4469,39,54,0.0020791239,5014.85342001915,81.14350748062134,3668.7551951408386,213
4470,39,54,0.005452381,5015.971056461334,81.14548659324646,3669.576404094696,213
4471,39,54,0.061664645,5017.074892282486,81.14772844314575,3670.404303073883,213
4472,39,54,0.07717718,5018.19189786911,81.1653254032135,3671.2252719402313,213
4473,39,54,0.08831325,5019.3115129470825,81.17838430404663,3672.0501980781555,213
4474,39,54,8.4569176e-05,5020.425998449326,81.20082211494446,3672.8655054569244,213
4475,39,54,0.0027498559,5021.551733255386,81.20295310020447,3673.6832695007324,213
4476,39,54,0.007341718,5022.667053699493,81.20478391647339,3674.505613565445,213
4477,39,54,0.0013782163,5023.788704156876,81.22074103355408,3675.321803331375,213
4478,39,54,0.0008453702,5024.910147190094,81.231201171875,3676.1442675590515,213
4479,39,54,0.0030408918,5026.031353235245,81.25425815582275,3676.973229408264,213
4480,39,54,0.09748429,5027.168895244598,81.28540134429932,3677.7918066978455,213
4481,39,54,0.004494413,5028.285418748856,81.28746438026428,3678.6127026081085,213
4482,39,54,0.015050085,5029.407183408737,81.30514740943909,3679.432139635086,213
4483,39,54,0.00090812444,5030.529003143311,81.32897233963013,3680.2592017650604,213
4484,39,54,0.006886579,5031.651659965515,81.34927034378052,3681.072813987732,213
4485,39,54,0.001347759,5032.77877831459,81.36654925346375,3681.8948328495026,213
4486,39,54,0.030850867,5033.900994062424,81.38756203651428,3682.719226837158,213
4487,39,54,0.026299294,5035.024968147278,81.3993170261383,3683.5371458530426,213
4488,39,54,0.014109847,5036.14156460762,81.40143013000488,3684.352919816971,213
4489,39,54,0.11405451,5037.258233785629,81.40356612205505,3685.1777098178864,213
4490,39,54,0.015664697,5038.379901885986,81.40905809402466,3686.000086069107,213
4491,39,54,0.0012543208,5039.497574806213,81.44784617424011,3686.8163170814514,213
4492,39,54,0.0008941911,5040.615671873093,81.4635500907898,3687.631357908249,213
4493,39,54,0.010338199,5041.725105524063,81.48161005973816,3688.452574968338,213
4494,39,54,0.024450798,5042.8464159965515,81.48364615440369,3689.277453184128,213
4495,39,54,0.0904744,5043.969523668289,81.48918914794922,3690.10728931427,213
4496,39,54,0.013542533,5045.085643291473,81.50668525695801,3690.9219691753387,213
4497,39,54,0.0017118927,5046.212162256241,81.52717208862305,3691.7405803203583,213
4498,39,54,0.00737866,5047.321279287338,81.53428602218628,3692.557733297348,213
4499,39,54,0.0020448803,5048.437318086624,81.56827020645142,3693.3698704242706,213
4500,39,54,0.03986833,5049.558534145355,81.58368420600891,3694.198150396347,213
4501,39,54,0.0017801274,5050.673748254776,81.59265637397766,3695.014725446701,213
4502,39,54,0.03581254,5051.785728216171,81.62045741081238,3695.8306403160095,213
4503,39,54,0.010515032,5052.9059245586395,81.64813137054443,3696.6510462760925,213
4504,39,54,0.00074588374,5054.0178565979,81.66124129295349,3697.4788432121277,213
4505,39,54,0.0004651256,5055.135362148285,81.66303443908691,3698.299725294113,213
4506,39,54,0.0010538055,5056.257742404938,81.68399429321289,3699.119143486023,213
4507,39,54,0.039888028,5057.3691375255585,81.68602633476257,3699.934317588806,213
4508,39,54,0.001746915,5058.473992347717,81.69904518127441,3700.7532935142517,213
4509,39,54,0.0014117435,5059.5854523181915,81.70802021026611,3701.5769786834717,213
4510,39,54,0.0010416931,5060.7032170295715,81.70985126495361,3702.3986098766327,213
4511,39,54,0.014651085,5061.825140476227,81.71173024177551,3703.225955724716,213
4512,39,54,0.07777118,5062.958157777786,81.74334526062012,3704.050759792328,213
4513,39,54,0.032571044,5064.0769572258,81.74535322189331,3704.8740067481995,213
4514,39,54,0.0128060635,5065.186578512192,81.75397419929504,3705.6992309093475,213
4515,39,54,0.0005337092,5066.294764757156,81.75599718093872,3706.524350643158,213
4516,39,54,0.00094466825,5067.412657499313,81.7715699672699,3707.343458890915,213
4517,39,54,0.015780177,5068.53360915184,81.8020920753479,3708.161547899246,213
4518,39,54,0.03856351,5069.647208452225,81.83025813102722,3708.9808416366577,213
4519,39,54,5.1790114e-05,5070.765629768372,81.84627628326416,3709.797303676605,213
4520,39,54,0.08131615,5071.89254283905,81.87903618812561,3710.616847753525,213
4521,39,54,0.030666996,5072.996916770935,81.88660526275635,3711.438792705536,213
4522,39,54,0.009568064,5074.115363359451,81.90124535560608,3712.2613685131073,213
4523,39,54,0.001189396,5075.224170684814,81.91870522499084,3713.0811998844147,213
4524,39,54,0.012545397,5076.339615106583,81.92075109481812,3713.905723810196,213
4525,39,54,0.0017394752,5077.462376117706,81.92284297943115,3714.736573934555,213
4526,39,54,0.0050995452,5078.58237862587,81.93592309951782,3715.565316915512,213
4527,39,54,0.00039797346,5079.71591758728,81.96423602104187,3716.3867650032043,213
4528,39,54,0.002543403,5080.832679271698,81.9661591053009,3717.2135450839996,213
4529,39,54,0.13611951,5081.948721170425,81.96843910217285,3718.045042037964,213
4530,39,54,0.0074469643,5083.062482833862,81.97042202949524,3718.8664910793304,213
4531,39,54,0.004503678,5084.179136991501,81.98018503189087,3719.691572189331,213
4532,39,54,0.11458242,5085.305999040604,81.99723792076111,3720.5160262584686,213
4533,39,54,0.031788215,5086.415775299072,81.99926400184631,3721.3353431224823,213
4534,39,54,0.0037445156,5087.527694225311,82.01067900657654,3722.154545068741,213
4535,39,54,0.005974362,5088.64356136322,82.03469514846802,3722.9701340198517,213
4536,39,54,0.032241385,5089.7524354457855,82.048837184906,3723.786661863327,213
4537,39,54,0.021562442,5090.8659698963165,82.06915807723999,3724.5982780456543,213
4538,39,54,0.0011808324,5091.980886697769,82.09090209007263,3725.426943063736,213
4539,39,54,0.0027810787,5093.101347446442,82.11529517173767,3726.2511110305786,213
4540,39,54,0.00035709338,5094.22052359581,82.12806606292725,3727.0776262283325,213
4541,39,54,0.00025466486,5095.354074478149,82.15545988082886,3727.8994314670563,213
4542,39,54,0.003594331,5096.46793961525,82.15748882293701,3728.7195253372192,213
4543,39,54,0.017215509,5097.576635122299,82.16037678718567,3729.5353412628174,213
4544,39,54,0.007347905,5098.704704046249,82.16219067573547,3730.3540041446686,213
4545,39,54,0.011638477,5099.820948839188,82.18816256523132,3731.1741371154785,213
4546,39,54,0.022754066,5100.934412717819,82.19098448753357,3731.992913246155,213
4547,39,55,0.0035804338,5102.453481435776,82.58880257606506,3732.8219962120056,213
4548,39,55,0.000110087036,5103.583325147629,82.591379404068,3733.6531500816345,213
4549,39,55,7.585239e-05,5104.708194732666,82.60927724838257,3734.4677562713623,213
4550,39,55,0.00023130541,5105.807622671127,82.61615228652954,3735.2860090732574,213
4551,39,55,0.0011049754,5106.920347213745,82.62708020210266,3736.1051681041718,213
4552,39,55,0.0005139685,5108.039443254471,82.64288401603699,3736.9244120121,213
4553,39,55,0.00016635217,5109.144304037094,82.64526915550232,3737.743866920471,213
4554,39,55,0.0005045695,5110.259150266647,82.64715909957886,3738.566624879837,213
4555,39,55,2.6289508e-05,5111.379392385483,82.65261316299438,3739.3811569213867,213
4556,39,55,0.00010651305,5112.498179197311,82.65455532073975,3740.201281785965,213
4557,39,55,1.0468168e-05,5113.59866809845,82.65663242340088,3741.021349668503,213
4558,39,55,4.262789e-05,5114.713554620743,82.67312526702881,3741.8401017189026,213
4559,39,55,0.0002306836,5115.823362350464,82.67556405067444,3742.657726764679,213
4560,39,55,0.00028193253,5116.941551208496,82.68435716629028,3743.4764499664307,213
4561,39,55,0.0044951458,5118.051492214203,82.69369530677795,3744.3025760650635,213
4562,39,55,1.38717805e-05,5119.169110298157,82.71395611763,3745.1279859542847,213
4563,39,55,7.947367e-05,5120.278872251511,82.7277762889862,3745.9421648979187,213
4564,39,55,3.5656827e-05,5121.38102722168,82.72990131378174,3746.7641649246216,213
4565,39,55,1.2078184e-05,5122.493201255798,82.73188614845276,3747.5807321071625,213
4566,39,55,9.83273e-05,5123.5969405174255,82.73375129699707,3748.400522708893,213
4567,39,55,6.193535e-05,5124.7057592868805,82.73586344718933,3749.223961830139,213
4568,39,55,0.0011056403,5125.82775592804,82.75681638717651,3750.0429108142853,213
4569,39,55,0.0014942086,5126.9433307647705,82.75874257087708,3750.8654906749725,213
4570,40,55,0.0088588735,5127.9690816402435,82.76115441322327,3751.679830789566,213
4571,40,55,4.9635993e-05,5129.088337182999,82.76640152931213,3752.497266769409,213
4572,40,55,0.00022168382,5130.209802865982,82.76858139038086,3753.3264586925507,213
4573,40,55,0.0018448073,5131.328413248062,82.7973792552948,3754.1457817554474,213
4574,40,55,0.00024712464,5132.507247686386,82.86880421638489,3754.9754967689514,213
4575,40,55,0.00011901063,5133.663972854614,82.93124532699585,3755.7942337989807,213
4576,40,55,3.9096816e-05,5134.776216268539,82.94338321685791,3756.613830089569,213
4577,40,55,3.5868154e-05,5135.8866629600525,82.95720410346985,3757.4297330379486,213
4578,40,55,6.5034656e-05,5137.006816625595,82.9737720489502,3758.252254009247,213
4579,40,55,1.8850471e-05,5138.117891550064,82.98316216468811,3759.069212913513,213
4580,40,55,4.616884e-05,5139.231914520264,82.98899626731873,3759.8970189094543,213
4581,40,55,1.7916049e-05,5140.345009803772,83.0054121017456,3760.7199528217316,213
4582,40,55,9.5168674e-05,5141.471928358078,83.0488440990448,3761.532126903534,213
4583,40,55,0.0001914865,5142.591365098953,83.06235218048096,3762.358386039734,213
4584,40,55,7.114886e-06,5143.718622922897,83.09592127799988,3763.1721370220184,213
4585,40,55,0.00044516978,5144.835033893585,83.11991930007935,3763.9858989715576,213
4586,40,55,0.0008463983,5145.94436621666,83.1259503364563,3764.7999408245087,213
4587,40,55,0.00016999178,5147.057415008545,83.1280562877655,3765.613041639328,213
4588,40,55,0.0002230947,5148.180063724518,83.13002324104309,3766.4406015872955,213
4589,40,55,0.00019706032,5149.281814336777,83.13392305374146,3767.2557916641235,213
4590,40,55,0.0001827077,5150.394391298294,83.15175700187683,3768.0758488178253,213
4591,40,55,0.00040523702,5151.516171455383,83.15371012687683,3768.9007596969604,213
4592,40,55,7.371873e-05,5152.6377720832825,83.16320991516113,3769.7195818424225,213
4593,40,55,6.1128903e-06,5153.754707098007,83.16535902023315,3770.5378959178925,213
4594,40,55,4.518121e-05,5154.877098083496,83.18028402328491,3771.3653349876404,213
4595,40,55,0.000116050025,5155.986380577087,83.20035004615784,3772.178037881851,213
4596,40,55,4.8563103e-05,5157.09468460083,83.20916318893433,3772.991760969162,213
4597,40,55,0.00024443778,5158.21846985817,83.21118712425232,3773.81769490242,213
4598,40,55,5.8035725e-06,5159.330725669861,83.22344398498535,3774.631207704544,213
4599,40,55,2.7985256e-05,5160.457594394684,83.22566604614258,3775.456310749054,213
4600,40,55,8.5787415e-06,5161.581474304199,83.24519300460815,3776.2781178951263,213
4601,40,55,8.0465327e-07,5162.69104218483,83.24710702896118,3777.101146221161,213
4602,40,55,0.0572707,5163.808120250702,83.26126718521118,3777.925290107727,213
4603,40,55,0.0019410728,5164.936302900314,83.26331114768982,3778.7401633262634,213
4604,40,55,3.7534e-05,5166.044699907303,83.28760409355164,3779.5557503700256,213
4605,40,55,0.00040654934,5167.166338920593,83.3125581741333,3780.3696916103363,213
4606,40,55,1.0817306e-05,5168.283834934235,83.31928825378418,3781.197977781296,213
4607,40,55,9.116499e-06,5169.409227132797,83.32108926773071,3782.0228321552277,213
4608,40,55,0.000632568,5170.51890707016,83.32440042495728,3782.8402643203735,213
4609,40,55,2.3596524e-05,5171.634286165237,83.33174157142639,3783.6560382843018,213
4610,40,55,4.4795042e-06,5172.75624871254,83.33389663696289,3784.4801185131073,213
4611,40,55,1.0329364e-05,5173.882938861847,83.33557367324829,3785.304196357727,213
4612,40,55,3.2879027e-05,5174.996803045273,83.33747458457947,3786.1339695453644,213
4613,40,55,0.030780654,5176.118407964706,83.35060572624207,3786.9587626457214,213
4614,40,55,1.8765062e-05,5177.239265918732,83.35247087478638,3787.784411430359,213
4615,40,55,0.00014515687,5178.352627038956,83.3624358177185,3788.602469444275,213
4616,40,55,0.00028816925,5179.47528219223,83.37583780288696,3789.426569223404,213
4617,40,55,7.667387e-05,5180.607471227646,83.37812685966492,3790.248437166214,213
4618,40,55,6.21272e-05,5181.7264313697815,83.38179993629456,3791.0778601169586,213
4619,40,55,1.819771e-05,5182.838892459869,83.38613605499268,3791.895792245865,213
4620,40,55,5.746906e-05,5183.942183256149,83.39895701408386,3792.7096042633057,213
4621,40,55,0.0012428351,5185.069995880127,83.40083503723145,3793.5223236083984,213
4622,40,55,7.963949e-05,5186.182866096497,83.41115093231201,3794.347029685974,213
4623,40,55,3.3303127e-06,5187.296216249466,83.4135229587555,3795.166039943695,213
4624,40,55,0.00025498675,5188.416208982468,83.41513705253601,3795.992569923401,213
4625,40,55,0.0004599976,5189.529268503189,83.41885089874268,3796.8163549900055,213
4626,40,55,0.0022517764,5190.65500164032,83.44087481498718,3797.635982990265,213
4627,40,55,2.677603e-05,5191.7703223228455,83.44283366203308,3798.459650039673,213
4628,40,55,0.08216091,5192.893883705139,83.45349168777466,3799.280478000641,213
4629,40,55,0.00015506812,5194.003244638443,83.4620316028595,3800.0913469791412,213
4630,40,55,0.1095769,5195.132769823074,83.48448061943054,3800.9111371040344,213
4631,40,55,0.00066278764,5196.256308317184,83.49135565757751,3801.7442133426666,213
4632,40,55,0.00012909267,5197.389035701752,83.52777361869812,3802.5675094127655,213
4633,40,55,0.00085476605,5198.518620491028,83.55551362037659,3803.3918886184692,213
4634,40,55,0.0024244047,5199.6409158706665,83.57152962684631,3804.210598707199,213
4635,40,55,0.0003586738,5200.76612329483,83.57351684570312,3805.0279517173767,213
4636,40,55,0.003963959,5201.874556541443,83.58376979827881,3805.8482608795166,213
4637,40,55,0.0076101227,5202.986090421677,83.58587288856506,3806.6798374652863,213
4638,40,55,0.0008142662,5204.106212377548,83.60435581207275,3807.506207704544,213
4639,40,55,0.031902112,5205.219837665558,83.62258696556091,3808.3257229328156,213
4640,40,55,0.0037017989,5206.346474885941,83.64634990692139,3809.1558928489685,213
4641,40,55,0.0016348409,5207.456558704376,83.64855098724365,3809.981472015381,213
4642,40,55,0.010502596,5208.584734678268,83.66739177703857,3810.800780773163,213
4643,40,55,0.002730011,5209.705288648605,83.67748379707336,3811.61643075943,213
4644,40,55,0.0164698,5210.816707134247,83.68927264213562,3812.4403369426727,213
4645,40,55,0.0017172245,5211.940223455429,83.69110155105591,3813.273586988449,213
4646,40,55,0.011520232,5213.0583119392395,83.71112966537476,3814.0905430316925,213
4647,40,55,0.0034736334,5214.175904273987,83.71939659118652,3814.9181241989136,213
4648,40,55,0.014080208,5215.309135198593,83.74592661857605,3815.7381751537323,213
4649,40,55,8.397478e-05,5216.421808481216,83.7500114440918,3816.5621299743652,213
4650,40,55,0.00048427042,5217.52574133873,83.75483632087708,3817.3776667118073,213
4651,40,55,0.0007929441,5218.633558034897,83.76610136032104,3818.1978557109833,213
4652,40,55,0.00044000533,5219.746122837067,83.7847683429718,3819.014797925949,213
4653,40,55,0.020958524,5220.869560718536,83.79649424552917,3819.83500289917,213
4654,40,55,0.0037203094,5221.997112751007,83.82477712631226,3820.6501898765564,213
4655,40,55,0.000115460556,5223.107317447662,83.83898210525513,3821.468020915985,213
4656,40,55,3.5558878e-05,5224.223423480988,83.8529851436615,3822.2962279319763,213
4657,40,55,0.03525959,5225.343228340149,83.86888313293457,3823.1158039569855,213
4658,40,55,9.278451e-05,5226.4590716362,83.87080526351929,3823.9376668930054,213
4659,40,55,0.00707292,5227.577437877655,83.87272119522095,3824.769098997116,213
4660,40,55,0.00035172811,5228.704307794571,83.89867329597473,3825.5865898132324,213
4661,40,55,0.0029185633,5229.816320180893,83.91079545021057,3826.4084057807922,213
4662,40,55,0.00021592433,5230.933472394943,83.91278529167175,3827.2264256477356,213
4663,40,55,8.483669e-06,5232.045400619507,83.91872835159302,3828.053422689438,213
4664,40,55,0.0024148333,5233.157385349274,83.92071628570557,3828.8761847019196,213
4665,40,55,0.001235191,5234.2699337005615,83.93835234642029,3829.7000846862793,213
4666,40,55,0.08875624,5235.390267133713,83.94054245948792,3830.523842573166,213
4667,40,55,0.30670387,5236.504291772842,83.95109033584595,3831.3511114120483,213
4668,40,55,0.0010670917,5237.62998175621,83.97500038146973,3832.1678564548492,213
4669,40,55,9.3541e-06,5238.736226558685,83.98514032363892,3832.981662273407,213
4670,40,56,0.001088612,5240.231251001358,84.38707137107849,3833.799768447876,213
4671,40,56,0.00036302514,5241.3619928359985,84.39937949180603,3834.6206245422363,213
4672,40,56,7.899109e-05,5242.475510120392,84.41232562065125,3835.4406175613403,213
4673,40,56,0.00016571397,5243.596555233002,84.4145245552063,3836.2641775608063,213
4674,40,56,0.0025982661,5244.710550546646,84.44400668144226,3837.07616853714,213
4675,40,56,0.00016230364,5245.838329076767,84.49081182479858,3837.8983025550842,213
4676,40,56,6.535658e-05,5246.952107906342,84.5005247592926,3838.721075296402,213
4677,40,56,0.0023990762,5248.066797494888,84.50745272636414,3839.540219306946,213
4678,40,56,0.00053821737,5249.185055971146,84.52243971824646,3840.3581392765045,213
4679,40,56,0.00046274986,5250.293915510178,84.52731966972351,3841.17728805542,213
4680,40,56,0.00122496,5251.4107167720795,84.53905177116394,3841.9992389678955,213
4681,40,56,0.014035904,5252.516819000244,84.54760885238647,3842.826328277588,213
4682,40,56,0.00030419248,5253.647800683975,84.5682578086853,3843.6449933052063,213
4683,40,56,0.0005565969,5254.768546819687,84.57008481025696,3844.4601442813873,213
4684,40,56,5.9077767e-05,5255.888484716415,84.58791470527649,3845.2776851654053,213
4685,40,56,0.00012947583,5256.998695611954,84.58976674079895,3846.093738079071,213
4686,40,56,0.0004665033,5258.121096611023,84.62154769897461,3846.9141640663147,213
4687,41,56,0.006415135,5259.143704652786,84.6241066455841,3847.729978084564,213
4688,41,56,0.0023458977,5260.25763630867,84.6561918258667,3848.5420439243317,213
4689,41,56,0.0021179433,5261.37594294548,84.65828776359558,3849.371349811554,213
4690,41,56,0.00027891778,5262.491311073303,84.67147970199585,3850.195327758789,213
4691,41,56,0.0003554875,5263.603183031082,84.67554974555969,3851.0117106437683,213
4692,41,56,0.00095588266,5264.713950634003,84.68505787849426,3851.8305723667145,213
4693,41,56,0.0015418921,5265.830043315887,84.69669389724731,3852.653904438019,213
4694,41,56,0.002480732,5266.958575963974,84.69865393638611,3853.4769203662872,213
4695,41,56,0.00026035454,5268.082828998566,84.71451807022095,3854.3031945228577,213
4696,41,56,0.0003303606,5269.196808815002,84.73089408874512,3855.1238396167755,213
4697,41,56,0.00017115707,5270.3078808784485,84.73975014686584,3855.940480709076,213
4698,41,56,0.0002944158,5271.433341026306,84.75157928466797,3856.772143602371,213
4699,41,56,0.000313269,5272.540549993515,84.75894236564636,3857.596249818802,213
4700,41,56,0.0023943882,5273.647025823593,84.76693630218506,3858.414456129074,213
4701,41,56,0.003208583,5274.760268211365,84.7974591255188,3859.2309188842773,213
4702,41,56,0.008439557,5275.871583223343,84.82714414596558,3860.050542831421,213
4703,41,56,1.005557e-05,5276.993099927902,84.84919309616089,3860.8708369731903,213
4704,41,56,0.036630616,5278.106826066971,84.86303997039795,3861.6871099472046,213
4705,41,56,0.0005953244,5279.230020523071,84.8898069858551,3862.509701013565,213
4706,41,56,0.037609078,5280.343072652817,84.90108394622803,3863.320524930954,213
4707,41,56,0.00019058812,5281.448668003082,84.9063549041748,3864.1526210308075,213
4708,41,56,0.000833611,5282.567290067673,84.91282987594604,3864.977265357971,213
4709,41,56,0.0027146242,5283.67714548111,84.91797399520874,3865.800092458725,213
4710,41,56,0.00037885937,5284.794352054596,84.93629097938538,3866.6154685020447,213
4711,41,56,0.00052225176,5285.926636695862,84.96263599395752,3867.4416358470917,213
4712,41,56,0.030083267,5287.05141377449,84.99445295333862,3868.2589530944824,213
4713,41,56,0.0006268171,5288.16691493988,85.02331686019897,3869.0756089687347,213
4714,41,56,2.3643484e-05,5289.292181015015,85.0539288520813,3869.8895218372345,213
4715,41,56,0.0031181055,5290.423426389694,85.08774971961975,3870.707827091217,213
4716,41,56,0.0001267848,5291.533445358276,85.10197162628174,3871.5304560661316,213
4717,41,56,0.0017325648,5292.652457714081,85.12223052978516,3872.3447589874268,213
4718,41,56,0.0005408285,5293.760703325272,85.13093948364258,3873.157398223877,213
4719,41,56,0.0016320626,5294.874352693558,85.15023136138916,3873.976226091385,213
4720,41,56,0.0003040756,5295.986166477203,85.15210723876953,3874.8073604106903,213
4721,41,56,0.0054155425,5297.094517469406,85.17188215255737,3875.6233253479004,213
4722,41,56,0.0012609586,5298.2005887031555,85.1736900806427,3876.4452962875366,213
4723,41,56,0.0002234425,5299.331182003021,85.17551803588867,3877.2759482860565,213
4724,41,56,0.0051204204,5300.454004526138,85.18573999404907,3878.1006801128387,213
4725,41,56,0.0003891444,5301.581221818924,85.21153211593628,3878.919415950775,213
4726,41,56,0.004594052,5302.688066244125,85.21730017662048,3879.733498096466,213
4727,41,56,0.00036223172,5303.802260637283,85.23213529586792,3880.552309036255,213
4728,41,56,0.071036436,5304.91889166832,85.23413443565369,3881.3731548786163,213
4729,41,56,0.007897355,5306.04820394516,85.26228141784668,3882.194561958313,213
4730,41,56,0.0007830495,5307.169310808182,85.26756453514099,3883.0174667835236,213
4731,41,56,0.0012138603,5308.295835971832,85.2885115146637,3883.837896823883,213
4732,41,56,0.00058792124,5309.417026519775,85.31426763534546,3884.650127887726,213
4733,41,56,0.00017358628,5310.530411243439,85.32851076126099,3885.463639974594,213
4734,41,56,0.0014923731,5311.656504154205,85.34405064582825,3886.2893290519714,213
4735,41,56,0.0005241836,5312.773651123047,85.35597467422485,3887.1103131771088,213
4736,41,56,0.00018600856,5313.887204408646,85.37315559387207,3887.932851076126,213
4737,41,56,0.00013130697,5315.0099947452545,85.39816665649414,3888.7604422569275,213
4738,41,56,0.00017712633,5316.118334770203,85.41871666908264,3889.5750834941864,213
4739,41,56,0.0016913309,5317.238837957382,85.42058753967285,3890.4028215408325,213
4740,41,56,4.929349e-05,5318.35200881958,85.4235954284668,3891.2233736515045,213
4741,41,56,0.0003119957,5319.479775190353,85.44154357910156,3892.046675682068,213
4742,41,56,0.00022591208,5320.60142827034,85.47610569000244,3892.860833644867,213
4743,41,56,0.0016004463,5321.718731403351,85.49101376533508,3893.685993909836,213
4744,41,56,0.0003414921,5322.834582090378,85.49282884597778,3894.5077810287476,213
4745,41,56,0.0012710064,5323.956067323685,85.50870370864868,3895.324378013611,213
4746,41,56,0.00993848,5325.06626868248,85.52325463294983,3896.1484909057617,213
4747,41,56,0.00012317559,5326.184438943863,85.52867269515991,3896.967452764511,213
4748,41,56,4.3134678e-05,5327.3051216602325,85.5419065952301,3897.792945623398,213
4749,41,56,0.0001269701,5328.424517631531,85.54365849494934,3898.621764421463,213
4750,41,56,0.0039390223,5329.563202381134,85.59032845497131,3899.4428963661194,213
4751,41,56,2.2391174e-05,5330.680130004883,85.59408235549927,3900.2668492794037,213
4752,41,56,0.0012511114,5331.8004496097565,85.62192940711975,3901.078635454178,213
4753,41,56,0.0004963101,5332.9000787734985,85.63926839828491,3901.897876262665,213
4754,41,57,0.00049381575,5334.402163505554,86.02699708938599,3902.709991455078,213
4755,41,57,0.0002683946,5335.520978927612,86.05957698822021,3903.5267176628113,213
4756,41,57,1.5568196e-05,5336.645819187164,86.07921385765076,3904.3545446395874,213
4757,41,57,1.9004163e-05,5337.7575006484985,86.08997178077698,3905.1698875427246,213
4758,41,57,0.0002247703,5338.878408670425,86.0918447971344,3906.0010285377502,213
4759,41,57,8.303231e-06,5339.996254444122,86.10933184623718,3906.816250562668,213
4760,41,57,0.00044974493,5341.124947309494,86.11119079589844,3907.64697933197,213
4761,41,57,0.004764179,5342.246757507324,86.14585971832275,3908.4635252952576,213
4762,41,57,0.0010861242,5343.3688788414,86.14912271499634,3909.2848982810974,213
4763,41,57,0.00014447127,5344.480046272278,86.179194688797,3910.0963695049286,213
4764,41,57,7.467855e-05,5345.591960430145,86.18106579780579,3910.92177939415,213
4765,41,57,0.0004669607,5346.7085773944855,86.18780469894409,3911.743196249008,213
4766,41,57,9.639144e-05,5347.821411848068,86.18989372253418,3912.5708322525024,213
4767,41,57,0.0015517949,5348.923963069916,86.19816875457764,3913.3896000385284,213
4768,41,57,0.00073796976,5350.040403604507,86.20004963874817,3914.2116441726685,213
4769,41,57,0.000285067,5351.144354581833,86.20665073394775,3915.0349793434143,213
4770,41,57,0.000207232,5352.257872343063,86.20861077308655,3915.8562133312225,213
4771,41,57,0.0011217224,5353.381856918335,86.22836685180664,3916.673284292221,213
4772,41,57,6.920089e-05,5354.500302553177,86.24618172645569,3917.4959800243378,213
4773,41,57,0.0003971464,5355.631277084351,86.24797368049622,3918.3245799541473,213
4774,41,57,4.7043628e-05,5356.764930009842,86.26415276527405,3919.1527609825134,213
4775,41,57,6.391158e-05,5357.891368865967,86.26623392105103,3919.9767048358917,213
4776,41,57,2.8091024e-05,5359.014496803284,86.29685282707214,3920.7898528575897,213
4777,41,57,0.038676366,5360.139475107193,86.3140857219696,3921.609543800354,213
4778,41,57,5.3807336e-05,5361.254633903503,86.32922577857971,3922.4290437698364,213
4779,41,57,3.4214016e-05,5362.367544412613,86.35173463821411,3923.24951171875,213
4780,41,57,0.0006865056,5363.478300571442,86.35397958755493,3924.0717158317566,213
4781,41,57,0.00018883646,5364.595489025116,86.37366151809692,3924.886123895645,213
4782,41,57,7.623671e-05,5365.719014644623,86.38717532157898,3925.7046258449554,213
4783,41,57,0.00077455956,5366.836154699326,86.396817445755,3926.5219111442566,213
4784,41,57,0.0012487462,5367.963800191879,86.44192028045654,3927.3362691402435,213
4785,41,57,0.011102677,5369.073453903198,86.44375443458557,3928.1501281261444,213
4786,41,57,0.0009805319,5370.185882568359,86.44590830802917,3928.9673013687134,213
4787,41,57,0.020322952,5371.30178976059,86.45743131637573,3929.7925374507904,213
4788,41,57,7.2126466e-05,5372.406294822693,86.45953941345215,3930.61500620842,213
4789,41,57,0.0067514353,5373.522912979126,86.47916960716248,3931.4349732398987,213
4790,41,57,2.9831277e-05,5374.6469514369965,86.49674677848816,3932.2563281059265,213
4791,41,57,0.0007419392,5375.771402359009,86.51542282104492,3933.0793998241425,213
4792,41,57,0.003655191,5376.886897802353,86.54120779037476,3933.8964018821716,213
4793,41,57,0.00083378004,5377.993029117584,86.54298377037048,3934.722352743149,213
4794,41,57,0.00012812116,5379.109946727753,86.54499578475952,3935.5489706993103,213
4795,41,57,0.001238076,5380.2193603515625,86.54720497131348,3936.3724179267883,213
4796,41,57,5.2180447e-05,5381.330213308334,86.55148887634277,3937.189517736435,213
4797,41,57,0.00041098846,5382.444413900375,86.57781100273132,3938.0088708400726,213
4798,41,57,0.007484837,5383.555025577545,86.57985997200012,3938.827530860901,213
4799,41,57,8.5637126e-05,5384.67421579361,86.58463907241821,3939.655013561249,213
4800,41,57,0.00019006136,5385.791916370392,86.59720802307129,3940.472992658615,213
4801,41,57,0.00045175938,5386.896593332291,86.59925198554993,3941.2944746017456,213
4802,41,57,0.00012514522,5388.023125171661,86.62068486213684,3942.1211066246033,213
4803,41,57,0.00017274717,5389.128478050232,86.62280583381653,3942.940740585327,213
4804,42,57,0.00012555503,5390.153044462204,86.62505578994751,3943.760969877243,213
4805,42,57,0.00017365564,5391.264878511429,86.62906980514526,3944.5805270671844,213
4806,42,57,0.009581776,5392.375360965729,86.64023685455322,3945.4022500514984,213
4807,42,57,5.081829e-05,5393.482405662537,86.66067886352539,3946.223670244217,213
4808,42,57,3.1738045e-06,5394.605872392654,86.68587875366211,3947.045514345169,213
4809,42,57,0.00079443876,5395.729520082474,86.68814468383789,3947.8623580932617,213
4810,42,57,0.00030154333,5396.857556581497,86.70933771133423,3948.688045024872,213
4811,42,57,1.6422144e-05,5397.953865528107,86.7112467288971,3949.507752895355,213
4812,42,57,7.627456e-05,5399.0643537044525,86.713214635849,3950.3273026943207,213
4813,42,57,0.00021836389,5400.17963385582,86.72031855583191,3951.1547887325287,213
4814,42,57,0.0066360156,5401.287402153015,86.72351551055908,3951.976917743683,213
4815,42,57,4.3913416e-05,5402.397432565689,86.73670434951782,3952.7980427742004,213
4816,42,57,1.6635078e-05,5403.507473230362,86.74182438850403,3953.6249706745148,213
4817,42,57,8.846785e-05,5404.622585058212,86.75391745567322,3954.443610906601,213
4818,42,57,0.00010120243,5405.743448019028,86.77691745758057,3955.2641401290894,213
4819,42,57,0.0003221479,5406.854473829269,86.78304147720337,3956.0827131271362,213
4820,42,57,7.0191585e-05,5407.972816705704,86.80395650863647,3956.9023113250732,213
4821,42,57,0.00031720186,5409.096780061722,86.83144068717957,3957.719200372696,213
4822,42,57,4.93105e-05,5410.220916509628,86.85136270523071,3958.539829492569,213
4823,42,57,0.00027491187,5411.34258556366,86.8758475780487,3959.356522321701,213
4824,42,57,3.284151e-05,5412.461674451828,86.87786555290222,3960.1830213069916,213
4825,42,57,1.8952016e-05,5413.58641242981,86.89229464530945,3961.0077311992645,213
4826,42,57,0.00031211769,5414.719564676285,86.89458274841309,3961.832216978073,213
4827,42,57,5.0046692e-05,5415.841896057129,86.92069387435913,3962.6504979133606,213
4828,42,57,3.8339393e-05,5416.959068536758,86.9251799583435,3963.465141057968,213
4829,42,57,0.00019051523,5418.07577753067,86.93675184249878,3964.2883110046387,213
4830,42,57,0.000102488935,5419.184723615646,86.93869495391846,3965.1031472682953,213
4831,42,57,6.305053e-05,5420.298566102982,86.94049096107483,3965.9214792251587,213
4832,42,57,4.0044897e-06,5421.413951873779,86.94675803184509,3966.734485387802,213
4833,42,57,7.399147e-05,5422.531962633133,86.96525192260742,3967.5584094524384,213
4834,42,57,3.3035787e-05,5423.652891635895,86.98509478569031,3968.3852965831757,213
4835,42,57,1.5818678e-05,5424.777071714401,87.0071427822113,3969.207955598831,213
4836,42,57,0.0073411153,5425.900344610214,87.00906300544739,3970.0455737113953,213
4837,42,57,0.00020572478,5427.073672771454,87.01089000701904,3970.929238796234,213
4838,42,57,0.0059128106,5428.212697982788,87.02972483634949,3971.7526886463165,213
4839,42,57,0.00029392654,5429.358512639999,87.05600094795227,3972.5731558799744,213
4840,42,57,0.00030960832,5430.479329109192,87.06928300857544,3973.394279718399,213
4841,42,57,0.01961884,5431.587244510651,87.07775497436523,3974.2174048423767,213
4842,42,57,1.9817855e-06,5432.721050262451,87.11054611206055,3975.0342888832092,213
4843,42,57,3.907924e-05,5433.846014738083,87.12532615661621,3975.861640930176,213
4844,42,57,0.00027298034,5434.95965385437,87.15026617050171,3976.680717945099,213
4845,42,57,1.6273509e-05,5436.072245359421,87.18129897117615,3977.49551486969,213
4846,42,57,0.0028943399,5437.186675310135,87.20359897613525,3978.3203637599945,213
4847,42,57,0.0061555067,5438.297629833221,87.2258689403534,3979.1393558979034,213
4848,42,57,5.2085266e-05,5439.410599946976,87.22825598716736,3979.967936038971,213
4849,42,57,0.00010856782,5440.525833129883,87.23093891143799,3980.7902421951294,213
4850,42,57,0.00010094277,5441.642944574356,87.23632788658142,3981.610367298126,213
4851,42,57,0.0024889288,5442.752469062805,87.23814702033997,3982.431292295456,213
4852,42,57,0.011866713,5443.871102809906,87.2602949142456,3983.2561252117157,213
4853,42,57,6.165309e-07,5444.981427192688,87.2734808921814,3984.075092315674,213
4854,42,57,0.0014610824,5446.097360372543,87.27532577514648,3984.887882232666,213
4855,42,57,0.18662019,5447.225852489471,87.30475187301636,3985.7052483558655,213
4856,42,57,5.976143e-05,5448.343101024628,87.3305459022522,3986.5229921340942,213
4857,42,58,0.0003852539,5449.83966755867,87.71612668037415,3987.3434550762177,213
4858,42,58,7.95001e-05,5450.954783439636,87.74120163917542,3988.1620111465454,213
4859,42,58,0.0018636113,5452.076610088348,87.76494979858398,3988.988638162613,213
4860,42,58,8.6752414e-05,5453.203323841095,87.79933094978333,3989.8064272403717,213
4861,42,58,1.0247601e-05,5454.315243244171,87.80675196647644,3990.6352303028107,213
4862,42,58,0.0004939597,5455.4262771606445,87.80949282646179,3991.455208301544,213
4863,42,58,0.0070342403,5456.544237613678,87.84293174743652,3992.2762610912323,213
4864,42,58,0.0072625806,5457.665909528732,87.85346865653992,3993.098046064377,213
4865,42,58,0.010590237,5458.765367984772,87.86311459541321,3993.916039943695,213
4866,42,58,0.0013940317,5459.876550197601,87.86518359184265,3994.744159936905,213
4867,42,58,0.057695307,5460.981539964676,87.87366843223572,3995.563583612442,213
4868,42,58,8.789636e-05,5462.095978498459,87.87602639198303,3996.3893156051636,213
4869,42,58,0.00031832882,5463.215243577957,87.87790131568909,3997.205450296402,213
4870,42,58,2.7289818e-05,5464.335431098938,87.88071632385254,3998.02565741539,213
4871,42,58,0.009952389,5465.452862739563,87.88649129867554,3998.8446974754333,213
4872,42,58,0.0013730853,5466.576637744904,87.88850021362305,3999.66512465477,213
4873,42,58,0.00100004,5467.694912433624,87.89062023162842,4000.489276409149,213
4874,42,58,0.0135906385,5468.816343307495,87.89241313934326,4001.3051192760468,213
4875,42,58,0.0006285035,5469.938980579376,87.90559816360474,4002.121904373169,213
4876,42,58,0.0048050685,5471.054198265076,87.92271518707275,4002.9387884140015,213
4877,42,58,0.00014324154,5472.175870418549,87.929612159729,4003.765196084976,213
4878,42,58,0.00030577506,5473.2880001068115,87.93438410758972,4004.587054014206,213
4879,42,58,0.00021887524,5474.411950826645,87.94569516181946,4005.4106380939484,213
4880,42,58,0.00010718199,5475.520089149475,87.97391700744629,4006.2237820625305,213
4881,42,58,0.0009087754,5476.634705543518,87.98172187805176,4007.0456368923187,213
4882,42,58,0.00050840044,5477.761607885361,87.99949169158936,4007.869500875473,213
4883,42,58,0.00023546624,5478.8823256492615,88.00161957740784,4008.6936328411102,213
4884,42,58,0.0006658262,5480.012037754059,88.02650356292725,4009.51394367218,213
4885,42,58,6.434756e-05,5481.125613451004,88.02966260910034,4010.3314328193665,213
4886,42,58,0.0026685435,5482.241888999939,88.03173470497131,4011.1543538570404,213
4887,42,58,0.00032954424,5483.369334936142,88.05807781219482,4011.9726428985596,213
4888,42,58,0.0005930127,5484.487149715424,88.0603437423706,4012.7925367355347,213
4889,42,58,0.00026214359,5485.606863260269,88.0766818523407,4013.607802629471,213
4890,42,58,1.7947272e-05,5486.722895383835,88.08252286911011,4014.422197818756,213
4891,42,58,0.00014967711,5487.834192037582,88.08460879325867,4015.2437477111816,213
4892,42,58,0.00013437963,5488.94130730629,88.0996789932251,4016.0668494701385,213
4893,42,58,0.025007501,5490.062180280685,88.1120388507843,4016.8875365257263,213
4894,42,58,0.0015268832,5491.188702106476,88.1465859413147,4017.7044262886047,213
4895,42,58,0.00039391793,5492.316960573196,88.14849781990051,4018.53285241127,213
4896,42,58,0.00018383186,5493.439101934433,88.15043497085571,4019.3560032844543,213
4897,42,58,0.0052870517,5494.575918912888,88.16705703735352,4020.1780302524567,213
4898,42,58,0.014359271,5495.688009023666,88.17944884300232,4020.9958312511444,213
4899,42,58,8.390196e-05,5496.79793548584,88.19693684577942,4021.812620162964,213
4900,42,58,7.349274e-06,5497.929043054581,88.21602988243103,4022.6352672576904,213
4901,42,58,6.527482e-05,5499.041630268097,88.21794486045837,4023.4555871486664,213
4902,42,58,0.00046197904,5500.174753904343,88.21988582611084,4024.2862622737885,213
4903,42,58,0.016864715,5501.29048705101,88.22586989402771,4025.10520029068,213
4904,42,58,2.0302339e-06,5502.403786182404,88.2311909198761,4025.9252140522003,213
4905,42,58,0.0014217618,5503.519194602966,88.24808597564697,4026.738388776779,213
4906,42,58,0.0052214405,5504.629695177078,88.26321411132812,4027.5538418293,213
4907,42,58,0.014147429,5505.753658533096,88.29183411598206,4028.372824907303,213
4908,42,58,0.00793647,5506.872598171234,88.30594730377197,4029.1951467990875,213
4909,42,58,0.0007014844,5507.986669063568,88.31530332565308,4030.0176906585693,213
4910,42,58,0.00053264335,5509.095851659775,88.31756329536438,4030.832788705826,213
4911,42,58,0.0022652843,5510.220649957657,88.32675433158875,4031.6600646972656,213
4912,42,58,8.175032e-05,5511.3402967453,88.3510992527008,4032.4746255874634,213
4913,42,58,0.03260929,5512.459922790527,88.36691331863403,4033.2991647720337,213
4914,42,58,0.00018084167,5513.5671043396,88.37635636329651,4034.120568752289,213
4915,42,58,2.8377304e-05,5514.689920902252,88.37834739685059,4034.9503967761993,213
4916,42,58,0.00024319607,5515.812138795853,88.39622449874878,4035.775954723358,213
4917,42,58,0.0020216801,5516.942326784134,88.42474746704102,4036.596389770508,213
4918,42,58,0.00030351517,5518.065983295441,88.43186831474304,4037.4274837970734,213
4919,42,59,0.043787338,5519.587731122971,88.82004022598267,4038.255342721939,213
4920,42,59,0.0010183324,5520.704630613327,88.82213926315308,4039.0690636634827,213
4921,43,59,0.0031776777,5521.732319116592,88.82469034194946,4039.8883213996887,213
4922,43,59,0.00011639562,5522.865704774857,88.82699728012085,4040.7145636081696,213
4923,43,59,0.00020357358,5523.984612941742,88.82903027534485,4041.535713672638,213
4924,43,59,0.00013267336,5525.105931758881,88.85440230369568,4042.3533687591553,213
4925,43,59,0.0006508997,5526.209554672241,88.87584829330444,4043.172326564789,213
4926,43,59,0.0008923656,5527.321365118027,88.87980318069458,4043.997743368149,213
4927,43,59,0.009154217,5528.435928106308,88.88287615776062,4044.8236603736877,213
4928,43,59,6.639071e-05,5529.553807020187,88.89963817596436,4045.6457624435425,213
4929,43,59,6.4971304e-05,5530.667555332184,88.91856718063354,4046.4603831768036,213
4930,43,59,0.00019047127,5531.785426616669,88.92613315582275,4047.2831552028656,213
4931,43,59,0.0003728176,5532.891798019409,88.93189716339111,4048.0968651771545,213
4932,43,59,0.0003301812,5533.999087333679,88.94582009315491,4048.9254081249237,213
4933,43,59,0.00018349299,5535.1124148368835,88.97105598449707,4049.747256040573,213
4934,43,59,2.6354437e-05,5536.231119394302,88.97752785682678,4050.5722460746765,213
4935,43,59,0.0031022653,5537.352578639984,88.97925901412964,4051.39421415329,213
4936,43,59,0.004338938,5538.4664788246155,88.9827241897583,4052.2188110351562,213
4937,43,59,0.0062350957,5539.5870888233185,88.99043607711792,4053.0461428165436,213
4938,43,59,0.0029924938,5540.703904390335,89.008544921875,4053.8633918762207,213
4939,43,59,0.00011154061,5541.823152303696,89.03895783424377,4054.685695886612,213
4940,43,59,0.0010643802,5542.928056716919,89.04361391067505,4055.5109779834747,213
4941,43,59,0.001274558,5544.042276144028,89.05990481376648,4056.3298001289368,213
4942,43,59,0.00019452863,5545.159703969955,89.06190490722656,4057.147644996643,213
4943,43,59,0.0003497575,5546.268840551376,89.06539607048035,4057.9671728610992,213
4944,43,59,0.0003541119,5547.385052442551,89.06768417358398,4058.7826359272003,213
4945,43,59,8.451823e-06,5548.498122692108,89.0694842338562,4059.6105439662933,213
4946,43,59,1.876687e-05,5549.62202000618,89.0749282836914,4060.4345059394836,213
4947,43,59,5.867125e-06,5550.744349479675,89.09831428527832,4061.250697851181,213
4948,43,59,0.00015350698,5551.861098051071,89.11568140983582,4062.067150592804,213
4949,43,59,0.00041385303,5552.986622571945,89.11776947975159,4062.8846995830536,213
4950,43,59,0.00036798496,5554.104368686676,89.11996960639954,4063.7114396095276,213
4951,43,59,4.1186864e-05,5555.226462364197,89.12176561355591,4064.527300596237,213
4952,43,59,0.000692236,5556.348543167114,89.12382769584656,4065.363216638565,213
4953,43,59,0.00045659096,5557.469101905823,89.1259458065033,4066.191563844681,213
4954,43,59,6.8911395e-05,5558.57920384407,89.12804388999939,4067.0105369091034,213
4955,43,59,0.00022143987,5559.695163965225,89.14189600944519,4067.8359339237213,213
4956,43,59,0.0012470145,5560.808615922928,89.14408206939697,4068.6565630435944,213
4957,43,59,1.7322552e-07,5561.923642873764,89.14716386795044,4069.4784948825836,213
4958,43,59,0.00050753856,5563.036769151688,89.14912796020508,4070.2970838546753,213
4959,43,59,0.00023254777,5564.160008192062,89.16094899177551,4071.1202018260956,213
4960,43,59,0.0010435105,5565.278657913208,89.1718099117279,4071.9415707588196,213
4961,43,59,0.00021822439,5566.407518625259,89.19856286048889,4072.764880657196,213
4962,43,59,1.7127928e-05,5567.525959253311,89.21089386940002,4073.5816338062286,213
4963,43,59,0.0011694601,5568.657216310501,89.21276807785034,4074.4093668460846,213
4964,43,59,0.00035776946,5569.779855728149,89.21448302268982,4075.227861881256,213
4965,43,59,6.8213114e-05,5570.9008622169495,89.23744606971741,4076.046016931534,213
4966,43,59,0.0027402586,5572.016028881073,89.23927402496338,4076.867556810379,213
4967,43,59,0.000322376,5573.13308763504,89.24129605293274,4077.6947779655457,213
4968,43,59,0.0003019774,5574.256459951401,89.24332618713379,4078.521940946579,213
4969,43,59,0.00046359224,5575.383137464523,89.24510526657104,4079.3452665805817,213
4970,43,59,8.901737e-05,5576.497095346451,89.25369215011597,4080.1609394550323,213
4971,43,59,2.1979213e-05,5577.625755310059,89.27847504615784,4080.980555295944,213
4972,43,59,3.7731617e-05,5578.731536626816,89.29697299003601,4081.795317173004,213
4973,43,59,1.1885199e-05,5579.860052108765,89.29888701438904,4082.6228289604187,213
4974,43,59,2.9377989e-05,5580.971956014633,89.30083703994751,4083.4530789852142,213
4975,43,59,0.021584691,5582.081093788147,89.3259129524231,4084.2647817134857,213
4976,43,59,3.744167e-05,5583.1983852386475,89.3515989780426,4085.08832859993,213
4977,43,59,4.045383e-05,5584.317638397217,89.38285398483276,4085.904586791992,213
4978,43,59,0.00019160191,5585.436932563782,89.39010810852051,4086.73153591156,213
4979,43,59,0.0002645688,5586.550936698914,89.39451813697815,4087.548830986023,213
4980,43,59,2.5592144e-06,5587.68164396286,89.40697908401489,4088.3732702732086,213
4981,43,59,1.1250977e-05,5588.795087814331,89.40903306007385,4089.2008242607117,213
4982,43,59,0.031849355,5589.9117267131805,89.42210626602173,4090.016020298004,213
4983,43,59,9.331716e-07,5591.034509181976,89.42423343658447,4090.841042280197,213
4984,43,59,0.00020070995,5592.14261007309,89.42952156066895,4091.66392827034,213
4985,43,59,5.1905486e-06,5593.2640063762665,89.43183064460754,4092.489340543747,213
4986,43,59,0.018932888,5594.3757581710815,89.43384671211243,4093.3125269412994,213
4987,43,59,0.18931128,5595.492511987686,89.44430470466614,4094.138437986374,213
4988,43,59,3.0973902e-06,5596.616041660309,89.45465564727783,4094.9535717964172,213
4989,43,59,0.0014911664,5597.726800441742,89.45652985572815,4095.779163837433,213
4990,43,59,6.771561e-05,5598.860924720764,89.46958780288696,4096.597403764725,213
4991,43,59,0.0001701797,5599.974538326263,89.48043274879456,4097.410501718521,213
4992,43,59,0.00047080807,5601.101123571396,89.48240065574646,4098.236135721207,213
4993,43,59,0.0035783832,5602.213577985764,89.49314570426941,4099.054635763168,213
4994,43,59,0.0011677581,5603.338096618652,89.49545979499817,4099.876604795456,213
4995,43,59,0.0012377136,5604.459589719772,89.49718880653381,4100.698483705521,213
4996,43,59,0.0007596735,5605.57920384407,89.5272569656372,4101.523220539093,213
4997,43,59,4.79879e-05,5606.683728694916,89.53596091270447,4102.343175411224,213
4998,43,59,0.00011305908,5607.791556358337,89.55729079246521,4103.159531593323,213
4999,43,59,0.0059995186,5608.915048837662,89.56058382987976,4103.979389429092,213
5000,43,59,0.00052297843,5610.027382850647,89.56845474243164,4104.806782484055,213
5001,43,59,0.0006768793,5611.14421749115,89.58888459205627,4105.627030611038,213
5002,43,59,0.0005468009,5612.26765370369,89.61446762084961,4106.444391489029,213
5003,43,59,0.00030281494,5613.380286693573,89.61645460128784,4107.277270555496,213
5004,43,60,0.004751985,5614.889586210251,90.01988673210144,4108.099626541138,213
5005,43,60,0.00021861262,5616.010265350342,90.02584457397461,4108.926053762436,213
5006,43,60,0.00035944278,5617.147057056427,90.06106948852539,4109.749257802963,213
5007,43,60,0.000111342495,5618.259215354919,90.07772850990295,4110.566534757614,213
5008,43,60,7.455313e-05,5619.384615421295,90.10526466369629,4111.396545648575,213
5009,43,60,0.0019806619,5620.500757217407,90.11121368408203,4112.219211816788,213
5010,43,60,0.0001063909,5621.616961479187,90.11544990539551,4113.043574094772,213
5011,43,60,0.0002945872,5622.7313187122345,90.12367582321167,4113.86984205246,213
5012,43,60,0.0003967735,5623.853029966354,90.14168667793274,4114.691535949707,213
5013,43,60,3.3029384e-05,5624.977281570435,90.16356658935547,4115.510511875153,213
5014,43,60,3.1674335e-05,5626.09799861908,90.16548562049866,4116.3279848098755,213
5015,43,60,5.1719617e-05,5627.2085218429565,90.18223452568054,4117.144976854324,213
5016,43,60,0.000111770154,5628.31708240509,90.18403053283691,4117.963831663132,213
5017,43,60,1.2013905e-06,5629.448021888733,90.18615746498108,4118.788844823837,213
5018,43,60,0.00073277816,5630.5758056640625,90.18830347061157,4119.61487865448,213
5019,43,60,0.0035261114,5631.686859369278,90.19170045852661,4120.439325809479,213
5020,43,60,7.202334e-06,5632.788799524307,90.19490432739258,4121.269029855728,213
5021,43,60,5.8650294e-05,5633.905854701996,90.20552515983582,4122.091188669205,213
5022,43,60,5.0083712e-05,5635.030208349228,90.22582912445068,4122.920008659363,213
5023,43,60,0.00010183969,5636.14785027504,90.2445421218872,4123.740671634674,213
5024,43,60,0.0007587242,5637.265247106552,90.2597131729126,4124.565537452698,213
5025,43,60,1.8647246e-05,5638.381000757217,90.2830741405487,4125.387584209442,213
5026,43,60,4.5295888e-06,5639.499745607376,90.30518412590027,4126.205655097961,213
5027,43,60,4.6581685e-05,5640.632954359055,90.31471109390259,4127.02729010582,213
5028,43,60,5.451632e-06,5641.73805308342,90.33575010299683,4127.840065956116,213
5029,43,60,0.0012120062,5642.843562841415,90.35902309417725,4128.6551167964935,213
5030,43,60,2.6765858e-06,5643.969115018845,90.3876621723175,4129.4777135849,213
5031,43,60,0.0049879467,5645.0751185417175,90.39192318916321,4130.2937223911285,213
5032,43,60,0.00028514827,5646.196624755859,90.42391204833984,4131.115842103958,213
5033,43,60,0.0001763262,5647.30521440506,90.42936110496521,4131.942736148834,213
5034,43,60,6.2079125e-05,5648.437424659729,90.46051120758057,4132.764352321625,213
5035,43,60,2.342404e-05,5649.547022342682,90.47999238967896,4133.587098360062,213
5036,43,60,0.00010594766,5650.671413898468,90.4820864200592,4134.414968490601,213
5037,43,60,8.055038e-06,5651.788729429245,90.48401832580566,4135.236337423325,213
5038,44,60,0.0021097765,5652.817974328995,90.4862322807312,4136.063450574875,213
5039,44,60,0.00016842941,5653.926748991013,90.48824620246887,4136.880065441132,213
5040,44,60,8.731738e-05,5655.055050373077,90.51716923713684,4137.696218490601,213
5041,44,60,4.4650536e-05,5656.170647859573,90.5313892364502,4138.509996414185,213
5042,44,60,0.008637649,5657.284682035446,90.55313634872437,4139.325765609741,213
5043,44,60,8.578481e-05,5658.411198377609,90.56226015090942,4140.149767398834,213
5044,44,60,1.0153122e-05,5659.525222063065,90.56968116760254,4140.970630407333,213
5045,44,60,0.001219321,5660.639816045761,90.57345724105835,4141.788162469864,213
5046,44,60,7.030464e-05,5661.7619552612305,90.58660411834717,4142.6062643527985,213
5047,44,60,0.0016519355,5662.88384270668,90.63507318496704,4143.420522451401,213
5048,44,60,0.0008474258,5664.005291700363,90.65414834022522,4144.243292570114,213
5049,44,60,3.6029316e-05,5665.123596906662,90.66539025306702,4145.071631669998,213
5050,44,60,3.7205213e-05,5666.236788272858,90.66846132278442,4145.89896774292,213
5051,44,60,1.5684365e-05,5667.361536502838,90.69532823562622,4146.719088554382,213
5052,44,60,7.7808996e-05,5668.479590892792,90.70709013938904,4147.540804386139,213
5053,44,60,0.0022320694,5669.6081199646,90.74960923194885,4148.3573343753815,213
5054,44,60,0.00012293838,5670.729192018509,90.75176215171814,4149.197133302689,213
5055,44,60,3.463336e-05,5671.854423999786,90.75375413894653,4150.017536401749,213
5056,44,60,0.0004232439,5672.972043037415,90.75565814971924,4150.834295272827,213
5057,44,60,0.0022720392,5674.0928835868835,90.75757908821106,4151.659926176071,213
5058,44,60,2.5200723e-06,5675.215245246887,90.78141927719116,4152.485225200653,213
5059,44,60,3.0838808e-05,5676.33128452301,90.80206036567688,4153.30653834343,213
5060,44,60,5.9395104e-05,5677.442120313644,90.81463050842285,4154.127613544464,213
5061,44,60,1.1160326e-05,5678.561978816986,90.81982159614563,4154.95170545578,213
5062,44,60,0.00018546375,5679.689330101013,90.83662176132202,4155.767779350281,213
5063,44,60,1.8203953e-05,5680.813952445984,90.86688876152039,4156.592224359512,213
5064,44,60,0.00025243772,5681.9265167713165,90.88469362258911,4157.411926269531,213
5065,44,60,0.00011656528,5683.041512727737,90.89243459701538,4158.234455347061,213
5066,44,60,4.105127e-06,5684.16893863678,90.90615248680115,4159.060317516327,213
5067,44,60,0.0012384431,5685.285530090332,90.90821743011475,4159.880692481995,213
5068,44,61,3.7082225e-06,5686.781080722809,91.28420448303223,4160.698798656464,213
5069,44,61,0.025044642,5687.895380496979,91.30233860015869,4161.520496368408,213
5070,44,61,5.942591e-05,5689.004169225693,91.31753754615784,4162.338005542755,213
5071,44,61,6.251599e-05,5690.122394800186,91.3372004032135,4163.1580286026,213
5072,44,61,0.00041822085,5691.244096517563,91.35717439651489,4163.973757505417,213
5073,44,61,0.0026155566,5692.353677988052,91.35900640487671,4164.791813373566,213
5074,44,61,0.0008592529,5693.485367059708,91.38587141036987,4165.61495423317,213
5075,44,61,0.0006199584,5694.606230735779,91.40097451210022,4166.432888031006,213
5076,44,61,0.0003887638,5695.747201681137,91.40301632881165,4167.2589519023895,213
5077,44,61,0.010221764,5696.856100320816,91.41316533088684,4168.075757026672,213
5078,44,61,0.0002795242,5697.968849658966,91.41649031639099,4168.9055190086365,213
5079,44,61,0.0005097245,5699.084723711014,91.41839218139648,4169.738492012024,213
5080,44,61,0.013499585,5700.201971769333,91.4270191192627,4170.559013128281,213
5081,44,61,3.1938715e-05,5701.328026533127,91.44956111907959,4171.38786816597,213
5082,44,61,0.00011805569,5702.449836969376,91.46299934387207,4172.206933259964,213
5083,44,61,0.0002679197,5703.558688879013,91.48901224136353,4173.018951177597,213
5084,44,61,0.0002894773,5704.665495157242,91.50564217567444,4173.840790987015,213
5085,44,61,0.0005485248,5705.786282539368,91.50747513771057,4174.666725635529,213
5086,44,61,0.017118981,5706.891935586929,91.51340508460999,4175.487983703613,213
5087,44,61,0.0012634393,5708.004588603973,91.52845025062561,4176.302970647812,213
5088,44,61,0.00029770177,5709.114394903183,91.53041219711304,4177.127423763275,213
5089,44,61,0.00071735814,5710.236466884613,91.53223824501038,4177.949528694153,213
5090,44,61,0.0004318807,5711.34482550621,91.5358521938324,4178.776974916458,213
5091,44,61,0.0006216334,5712.449341058731,91.53914523124695,4179.600208044052,213
5092,44,61,0.11182124,5713.562174081802,91.55363917350769,4180.42122220993,213
5093,44,61,2.4518238e-05,5714.695540428162,91.59381222724915,4181.235688209534,213
5094,44,61,7.8745914e-05,5715.816877365112,91.60748815536499,4182.063413143158,213
5095,44,61,0.00010986216,5716.936181783676,91.60956311225891,4182.886098146439,213
5096,44,61,0.0010099537,5718.057487249374,91.61152505874634,4183.708114385605,213
5097,44,61,3.580812e-05,5719.189031839371,91.64737105369568,4184.52118229866,213
5098,44,61,0.00071124523,5720.299872636795,91.66219210624695,4185.338052272797,213
5099,44,61,1.9479136e-05,5721.484469413757,91.73064708709717,4186.148635387421,213
5100,44,61,0.00035429897,5722.630295038223,91.7698450088501,4186.9667773246765,213
5101,44,61,0.0003060836,5723.749340057373,91.79544496536255,4187.785441398621,213
5102,44,61,0.01192221,5724.86950302124,91.80602383613586,4188.6065855026245,213
5103,44,61,0.008433526,5725.986011981964,91.80791783332825,4189.418270587921,213
5104,44,61,0.0003978982,5727.10130405426,91.81086587905884,4190.2380294799805,213
5105,44,61,8.0078724e-05,5728.229254722595,91.81292605400085,4191.056165456772,213
5106,44,61,0.0022632396,5729.3438975811005,91.84239721298218,4191.871774435043,213
5107,44,61,0.0006149549,5730.463675022125,91.867032289505,4192.690037488937,213
5108,44,61,0.0010334259,5731.585674285889,91.86887836456299,4193.507331371307,213
5109,44,61,0.0019675766,5732.708182811737,91.87082839012146,4194.337920665741,213
5110,44,61,0.009726853,5733.832525730133,91.9146523475647,4195.153779506683,213
5111,44,61,0.0007513126,5734.936024188995,91.91671228408813,4195.985731601715,213
5112,44,61,0.018666739,5736.059159040451,91.94085049629211,4196.803003549576,213
5113,44,61,0.0014184255,5737.177386522293,91.94513440132141,4197.6246654987335,213
5114,44,61,0.00356753,5738.300431251526,91.98682427406311,4198.438963890076,213
5115,44,61,0.0001364234,5739.415832042694,91.98864912986755,4199.265729188919,213
5116,44,61,7.494365e-05,5740.540290117264,91.990718126297,4200.097559213638,213
5117,44,61,0.0005753168,5741.677387475967,92.03015923500061,4200.912762403488,213
5118,44,61,0.013754618,5742.791764497757,92.05056929588318,4201.728806257248,213
5119,44,61,0.0002110262,5743.903760671616,92.06539845466614,4202.552760362625,213
5120,44,61,0.0128481155,5745.020393133163,92.07779741287231,4203.379536628723,213
5121,44,61,0.0001653979,5746.134924888611,92.08729338645935,4204.20387172699,213
5122,44,61,0.0006043524,5747.245081424713,92.09260749816895,4205.0282509326935,213
5123,44,61,0.011509495,5748.366449594498,92.10165739059448,4205.850255250931,213
5124,44,61,0.0014065614,5749.480842113495,92.11603045463562,4206.66565823555,213
5125,44,61,0.0036013126,5750.60684466362,92.13432955741882,4207.489648342133,213
5126,44,61,1.1478614e-05,5751.7181577682495,92.14855551719666,4208.307888507843,213
5127,44,61,0.018072754,5752.843775987625,92.17695641517639,4209.133457660675,213
5128,44,61,0.00092935393,5753.964821815491,92.19756841659546,4209.949659585953,213
5129,44,61,0.23898375,5755.097949028015,92.2091772556305,4210.7708394527435,213
5130,44,61,0.009147185,5756.229762554169,92.21121025085449,4211.596445322037,213
5131,44,61,0.00012256426,5757.338599681854,92.22616410255432,4212.413455247879,213
5132,44,61,0.105548,5758.454137086868,92.24660205841064,4213.230999469757,213
5133,44,61,0.0115289735,5759.579527616501,92.25701689720154,4214.051558732986,213
5134,44,61,0.0044559664,5760.7026998996735,92.26942181587219,4214.8774766922,213
5135,44,61,0.00078557804,5761.811713933945,92.27440571784973,4215.693776369095,213
5136,44,61,0.02629935,5762.908581495285,92.27624273300171,4216.516891479492,213
5137,44,61,0.035233356,5764.030718803406,92.3005006313324,4217.33775138855,213
5138,44,61,0.00047283695,5765.164723873138,92.33042764663696,4218.156670331955,213
5139,44,61,0.014349152,5766.277854919434,92.33358860015869,4218.975333213806,213
5140,44,61,0.06393782,5767.400048017502,92.33562564849854,4219.802458286285,213
5141,44,61,0.030246597,5768.519870042801,92.35532569885254,4220.620707273483,213
5142,44,61,0.012268493,5769.638509750366,92.37348961830139,4221.447360277176,213
5143,44,61,0.021745114,5770.746527194977,92.38399147987366,4222.265016078949,213
5144,44,61,0.0038568664,5771.872153520584,92.39887142181396,4223.088624954224,213
5145,44,61,0.105679154,5772.995142221451,92.4009895324707,4223.913760900497,213
5146,44,61,0.016910186,5774.108807086945,92.42422342300415,4224.730080842972,213
5147,44,61,0.12825331,5775.232224941254,92.44222927093506,4225.555601835251,213
5148,44,61,0.0013672585,5776.356661558151,92.44410920143127,4226.390033960342,213
5149,44,61,0.062840335,5777.484371423721,92.44598007202148,4227.214679002762,213
5150,44,61,0.0058452263,5778.606900930405,92.45735812187195,4228.033018112183,213
5151,44,61,0.0008752789,5779.715809106827,92.4710111618042,4228.848092079163,213
5152,44,61,0.048506875,5780.832782030106,92.49142718315125,4229.670851945877,213
5153,44,61,0.0060277106,5781.95424413681,92.49501919746399,4230.493785142899,213
5154,44,61,0.0052445615,5783.070036649704,92.52641010284424,4231.306802988052,213
5155,45,61,0.026318226,5784.084086894989,92.52865529060364,4232.11986207962,213
5156,45,61,0.0030944515,5785.19815325737,92.55176615715027,4232.940151929855,213
5157,45,61,0.048245132,5786.311749458313,92.5536162853241,4233.761907815933,213
5158,45,61,0.057740152,5787.418246984482,92.55552530288696,4234.583822727203,213
5159,45,62,0.015643165,5788.934140920639,92.94187831878662,4235.409597873688,213
5160,45,62,0.00013298185,5790.040194511414,92.95041537284851,4236.239830732346,213
5161,45,62,0.00013601224,5791.159236907959,92.97328042984009,4237.062136888504,213
5162,45,62,0.0001605737,5792.279372692108,92.97529745101929,4237.884315252304,213
5163,45,62,0.0017393454,5793.399681329727,92.97735548019409,4238.70587348938,213
5164,45,62,0.0013344601,5794.512061834335,93.00241661071777,4239.527752637863,213
5165,45,62,0.00010183134,5795.636956453323,93.01432347297668,4240.3503947258,213
5166,45,62,7.8855366e-05,5796.760677576065,93.02213644981384,4241.17505979538,213
5167,45,62,0.0009090249,5797.890694618225,93.03926062583923,4241.9993760585785,213
5168,45,62,0.0040677264,5799.012256145477,93.05177974700928,4242.824848175049,213
5169,45,62,0.0009756605,5800.12304186821,93.05431962013245,4243.651250123978,213
5170,45,62,6.582058e-05,5801.237653493881,93.0752284526825,4244.469614028931,213
5171,45,62,2.7006277e-05,5802.349110364914,93.08075332641602,4245.290469169617,213
5172,45,62,0.00011530275,5803.462478160858,93.0827283859253,4246.116509914398,213
5173,45,62,0.014358966,5804.593981027603,93.12752342224121,4246.933292865753,213
5174,45,62,0.0028457544,5805.709844827652,93.14064049720764,4247.752208948135,213
5175,45,62,0.0011169666,5806.83186006546,93.14595746994019,4248.578119754791,213
5176,45,62,3.2792865e-05,5807.9443073272705,93.1613392829895,4249.4024085998535,213
5177,45,62,0.02658429,5809.069166898727,93.18903040885925,4250.221543550491,213
5178,45,62,0.00025887095,5810.186524391174,93.19100546836853,4251.0458154678345,213
5179,45,62,0.00061679125,5811.3074243068695,93.19833660125732,4251.867887735367,213
5180,45,62,0.021545997,5812.424999952316,93.2148666381836,4252.690636634827,213
5181,45,62,1.0903278e-05,5813.5358645915985,93.21673965454102,4253.5151216983795,213
5182,45,62,0.0019956424,5814.6565997600555,93.22016263008118,4254.338393688202,213
5183,45,62,8.3461986e-05,5815.76695227623,93.2429416179657,4255.16108083725,213
5184,45,62,0.00019118804,5816.883283615112,93.25367164611816,4255.981659889221,213
5185,45,62,5.2988216e-06,5817.994428873062,93.25569152832031,4256.798554897308,213
5186,45,62,0.008919506,5819.110063552856,93.25748062133789,4257.620584011078,213
5187,45,62,0.0012853951,5820.225582361221,93.26767873764038,4258.444133758545,213
5188,45,62,0.005753531,5821.331440210342,93.2863416671753,4259.264637470245,213
5189,45,62,0.00045735535,5822.4446811676025,93.29503965377808,4260.08073759079,213
5190,45,62,0.007539061,5823.556429386139,93.29886555671692,4260.902428388596,213
5191,45,62,1.2877366e-05,5824.666937112808,93.3084626197815,4261.724823474884,213
5192,45,62,9.250355e-05,5825.784865140915,93.32831764221191,4262.551832437515,213
5193,45,62,9.7430806e-05,5826.8966290950775,93.35277056694031,4263.3766803741455,213
5194,45,62,3.835468e-05,5828.014587640762,93.36498546600342,4264.197819232941,213
5195,45,62,0.0875669,5829.116131782532,93.37158155441284,4265.015229225159,213
5196,45,62,0.0013103641,5830.248208522797,93.38611078262329,4265.83475112915,213
5197,45,62,0.0358875,5831.35999917984,93.38810968399048,4266.651397228241,213
5198,45,62,0.028855052,5832.482806921005,93.39969182014465,4267.468527317047,213
5199,45,62,0.00046226598,5833.59117102623,93.41358470916748,4268.282818317413,213
5200,45,62,0.0009074336,5834.714141368866,93.44645476341248,4269.108186006546,213
5201,45,62,0.003514382,5835.8406636714935,93.48362684249878,4269.935549020767,213
5202,45,62,0.0006604615,5836.957161664963,93.50025987625122,4270.756960868835,213
5203,45,62,0.014772407,5838.077723026276,93.52892780303955,4271.577549695969,213
5204,45,62,0.00044488526,5839.1894426345825,93.5342309474945,4272.401097774506,213
5205,45,62,0.005419793,5840.313261508942,93.55967879295349,4273.217159748077,213
5206,45,62,0.003597708,5841.432758808136,93.56171464920044,4274.038019657135,213
5207,45,62,0.15646811,5842.549963474274,93.60456848144531,4274.853581666946,213
5208,45,62,0.1877356,5843.658914089203,93.60741257667542,4275.669541597366,213
5209,45,62,0.0057857963,5844.781425714493,93.62560749053955,4276.487903833389,213
5210,45,62,7.136873e-05,5845.909108161926,93.65817737579346,4277.30112695694,213
5211,45,62,0.0054939417,5847.028554201126,93.66024327278137,4278.127622127533,213
5212,45,62,0.00085168617,5848.137550354004,93.67782020568848,4278.948733091354,213
5213,45,62,0.00245421,5849.256024122238,93.70192217826843,4279.77167391777,213
5214,45,62,0.03282552,5850.3725066185,93.71706509590149,4280.585689067841,213
5215,45,62,0.1959133,5851.492893218994,93.74564719200134,4281.408322095871,213
5216,45,62,0.0016689369,5852.606518030167,93.75800800323486,4282.238214254379,213
5217,45,62,0.0020533626,5853.7225613594055,93.76320195198059,4283.061646223068,213
5218,45,62,0.0031147245,5854.838037252426,93.76521301269531,4283.884557962418,213
5219,45,62,0.06577622,5855.951643228531,93.77830004692078,4284.703850030899,213
5220,45,62,0.0022851822,5857.076754570007,93.78039288520813,4285.523574113846,213
5221,45,62,0.012198236,5858.186687231064,93.79192900657654,4286.347544193268,213
5222,45,62,0.011156505,5859.2970950603485,93.81216812133789,4287.170557260513,213
5223,45,62,0.05321811,5860.4117312431335,93.84206414222717,4287.988301277161,213
5224,45,62,0.025357999,5861.527281045914,93.84711599349976,4288.810199022293,213
5225,45,62,0.1119142,5862.640361785889,93.84904098510742,4289.6297109127045,213
5226,45,62,0.0049712393,5863.7619841098785,93.85258293151855,4290.454572916031,213
5227,45,62,0.0036907769,5864.879356384277,93.857017993927,4291.283576011658,213
5228,45,62,0.020151794,5866.008708715439,93.85935688018799,4292.105315208435,213
5229,45,62,0.013037643,5867.125390052795,93.87705206871033,4292.925411939621,213
5230,45,62,0.002669426,5868.239421367645,93.87910199165344,4293.744355916977,213
5231,45,62,0.004115778,5869.361657619476,93.90161609649658,4294.564127922058,213
5232,45,62,0.09723901,5870.48099565506,93.90366816520691,4295.385071992874,213
5233,45,62,0.0017045897,5871.597025156021,93.90587019920349,4296.215163230896,213
5234,45,62,0.0018336622,5872.7074818611145,93.9080171585083,4297.041785240173,213
5235,45,62,0.106580965,5873.8185477256775,93.90989208221436,4297.864778518677,213
5236,45,62,0.012933662,5874.93874168396,93.93338108062744,4298.689794540405,213
5237,45,62,0.010352133,5876.050808906555,93.9396162033081,4299.518135547638,213
5238,45,62,0.031903278,5877.173422574997,93.94152522087097,4300.344819545746,213
5239,45,62,0.0015689663,5878.295613050461,93.94737529754639,4301.167957305908,213
5240,45,62,0.09943644,5879.421052455902,93.96658635139465,4301.993620157242,213
5241,45,62,0.0034997931,5880.540709495544,93.97109627723694,4302.8159120082855,213
5242,45,62,0.007990224,5881.651893615723,93.98603820800781,4303.6383628845215,213
5243,45,62,0.021707572,5882.766362667084,93.98926329612732,4304.464959621429,213
5244,45,62,0.19069257,5883.88641834259,94.00020837783813,4305.290232658386,213
5245,45,63,0.0037679926,5885.37828040123,94.36555457115173,4306.108440876007,213
5246,45,63,0.0002546965,5886.485240221024,94.37853837013245,4306.928511142731,213
5247,45,63,3.5948127e-05,5887.600800275803,94.38487243652344,4307.74781703949,213
5248,45,63,0.0002479935,5888.7112429142,94.40957736968994,4308.566683769226,213
5249,45,63,6.4592685e-05,5889.819149255753,94.41484355926514,4309.387035608292,213
5250,45,63,3.3024342e-05,5890.930213928223,94.43392276763916,4310.208281755447,213
5251,45,63,0.0010267082,5892.047525405884,94.44803476333618,4311.02735376358,213
5252,45,63,8.8784014e-05,5893.158687353134,94.46612787246704,4311.847537517548,213
5253,45,63,0.00015223539,5894.278960227966,94.47265791893005,4312.6619255542755,213
5254,45,63,2.9604764e-05,5895.386737346649,94.47749400138855,4313.485029220581,213
5255,45,63,0.045192175,5896.494284629822,94.48532104492188,4314.302414178848,213
5256,45,63,0.0016611973,5897.614754676819,94.50632691383362,4315.118886232376,213
5257,45,63,0.003332037,5898.737814903259,94.50836396217346,4315.943213224411,213
5258,45,63,0.0022215946,5899.860711574554,94.53071713447571,4316.769606351852,213
5259,45,63,0.008842142,5900.9658188819885,94.5364682674408,4317.581985473633,213
5260,45,63,0.0013176486,5902.074745893478,94.55182242393494,4318.395993471146,213
5261,45,63,0.0044422066,5903.206311702728,94.59373760223389,4319.218611717224,213
5262,45,63,0.002170851,5904.323595285416,94.5996265411377,4320.0447425842285,213
5263,45,63,0.0011673324,5905.43528175354,94.61247158050537,4320.864114522934,213
5264,45,63,0.0012070632,5906.552146196365,94.61434054374695,4321.68795633316,213
5265,45,63,0.0058349394,5907.676735162735,94.64009070396423,4322.513905286789,213
5266,45,63,0.0025278872,5908.791379928589,94.65255784988403,4323.341724157333,213
5267,45,63,0.0012519951,5909.90935087204,94.65708684921265,4324.1599242687225,213
5268,45,63,0.0005297608,5911.023110151291,94.65911889076233,4324.972479343414,213
5269,45,63,0.0001841405,5912.132712364197,94.6762318611145,4325.790384531021,213
5270,45,63,4.318665e-05,5913.253706693649,94.69267892837524,4326.616433620453,213
5271,45,63,0.0003132765,5914.356027126312,94.69861793518066,4327.437655687332,213
5272,45,63,0.0010862435,5915.4648678302765,94.71669888496399,4328.25634264946,213
5273,46,63,0.0027536328,5916.4878470897675,94.71888303756714,4329.076418638229,213
5274,46,63,0.00019391975,5917.592887163162,94.72074604034424,4329.8993356227875,213
5275,46,63,0.02067328,5918.71278834343,94.72567510604858,4330.722673654556,213
5276,46,63,0.0022072622,5919.824764251709,94.73427319526672,4331.539761304855,213
5277,46,63,0.0005185565,5920.935031414032,94.7464063167572,4332.356667280197,213
5278,46,63,0.00037220493,5922.055776119232,94.7483913898468,4333.178553342819,213
5279,46,63,0.00021016844,5923.177156925201,94.77628946304321,4333.992209196091,213
5280,46,63,0.0002437098,5924.2904806137085,94.77831864356995,4334.816613197327,213
5281,46,63,0.0041307323,5925.412528753281,94.81963658332825,4335.637717247009,213
5282,46,63,6.325525e-05,5926.537659645081,94.84130764007568,4336.464967489243,213
5283,46,63,0.00032527983,5927.655212402344,94.87066149711609,4337.283101558685,213
5284,46,63,0.0008420025,5928.800443649292,94.90055251121521,4338.111422538757,213
5285,46,63,0.0019016978,5929.922682285309,94.9118103981018,4338.9357714653015,213
5286,46,63,3.7358295e-05,5931.037137031555,94.91835141181946,4339.7631483078,213
5287,46,63,0.0001297003,5932.1489341259,94.92455649375916,4340.585503101349,213
5288,46,63,0.12650332,5933.2570877075195,94.92859840393066,4341.407969236374,213
5289,46,63,7.3520714e-05,5934.384327411652,94.93073534965515,4342.231541395187,213
5290,46,63,0.0036500413,5935.508382320404,94.94932222366333,4343.0491445064545,213
5291,46,63,0.0023521422,5936.631683588028,94.97273921966553,4343.8718383312225,213
5292,46,63,0.0015364129,5937.756341457367,95.01092624664307,4344.68602347374,213
5293,46,63,0.0002983816,5938.880112886429,95.0267333984375,4345.515484333038,213
5294,46,63,0.03042204,5939.989773035049,95.03489136695862,4346.331896543503,213
5295,46,63,0.051220257,5941.109112501144,95.05561757087708,4347.152843475342,213
5296,46,63,0.00029606099,5942.231264829636,95.05747866630554,4347.970950603485,213
5297,46,63,0.0072849817,5943.338910102844,95.05941271781921,4348.796490430832,213
5298,46,63,0.00071035465,5944.4558889865875,95.08900880813599,4349.618275403976,213
5299,46,63,0.015392094,5945.570037603378,95.09579682350159,4350.442875146866,213
5300,46,63,0.000386518,5946.69128203392,95.1142086982727,4351.270348072052,213
5301,46,63,0.030592415,5947.806165456772,95.125661611557,4352.093636035919,213
5302,46,63,0.00030546024,5948.928965091705,95.15912175178528,4352.908809900284,213
5303,46,64,0.082168385,5950.440986871719,95.54599475860596,4353.732084512711,213
5304,46,64,3.8964745e-06,5951.572190761566,95.54811882972717,4354.555158615112,213
5305,46,64,0.00015373997,5952.691527366638,95.5503478050232,4355.383291482925,213
5306,46,64,6.500439e-05,5953.815259695053,95.56832385063171,4356.203070402145,213
5307,46,64,6.2195664e-05,5954.934520244598,95.57934188842773,4357.033529281616,213
5308,46,64,0.00050320034,5956.0541660785675,95.58637595176697,4357.8525104522705,213
5309,46,64,5.15325e-05,5957.165247678757,95.60318183898926,4358.673859357834,213
5310,46,64,6.4886604e-05,5958.284725666046,95.62894678115845,4359.495292425156,213
5311,46,64,7.322761e-05,5959.395689249039,95.63082575798035,4360.315393447876,213
5312,46,64,0.00025659,5960.5203857421875,95.6584997177124,4361.135358333588,213
5313,46,64,0.029309597,5961.636897563934,95.67880177497864,4361.955748558044,213
5314,46,64,0.00035760808,5962.747757434845,95.68981170654297,4362.781918525696,213
5315,46,64,0.0005462635,5963.85843873024,95.69293260574341,4363.603948354721,213
5316,46,64,0.0015392934,5964.968145847321,95.71098065376282,4364.419637441635,213
5317,46,64,0.00071304746,5966.089253902435,95.7129328250885,4365.251819372177,213
5318,46,64,1.0398473e-05,5967.211655855179,95.72798085212708,4366.0729422569275,213
5319,46,64,0.0012527171,5968.335885763168,95.73491168022156,4366.8947031497955,213
5320,46,64,0.00038184837,5969.459896564484,95.73688745498657,4367.716064929962,213
5321,46,64,0.0007293738,5970.571293354034,95.75059342384338,4368.534925699234,213
5322,46,64,0.00012254952,5971.68759560585,95.76128554344177,4369.354136943817,213
5323,46,64,0.000641007,5972.801626443863,95.78636145591736,4370.176651000977,213
5324,46,64,0.044042293,5973.929129600525,95.81146144866943,4370.997087955475,213
5325,46,64,0.0006503794,5975.054926633835,95.85347557067871,4371.815237045288,213
5326,46,64,0.00010406197,5976.172479629517,95.85540056228638,4372.635639190674,213
5327,46,64,0.001255422,5977.28866314888,95.86787056922913,4373.457419395447,213
5328,46,64,0.00015150046,5978.415110826492,95.90883278846741,4374.274253606796,213
5329,46,64,0.030486852,5979.529267072678,95.92163968086243,4375.095360517502,213
5330,46,64,0.00044738455,5980.637181997299,95.93306088447571,4375.911093473434,213
5331,46,64,0.049160033,5981.749389410019,95.93499994277954,4376.728009700775,213
5332,46,64,0.00021469033,5982.86821937561,95.93706107139587,4377.551296710968,213
5333,46,64,0.00024365664,5983.985777854919,95.96524214744568,4378.36746764183,213
5334,46,64,0.00031237715,5985.109941005707,95.96725225448608,4379.183223485947,213
5335,46,64,0.028466133,5986.221773862839,95.98811030387878,4379.993883371353,213
5336,46,64,0.08260223,5987.330012321472,96.00206542015076,4380.812309503555,213
5337,46,64,0.008051415,5988.443122625351,96.01593041419983,4381.63117146492,213
5338,46,64,0.01159014,5989.560256242752,96.02784943580627,4382.452767372131,213
5339,46,64,0.00051474595,5990.677725076675,96.04588437080383,4383.2715973854065,213
5340,46,64,0.043042757,5991.794685125351,96.0480682849884,4384.099266290665,213
5341,46,64,0.010736484,5992.914378643036,96.05003833770752,4384.926458597183,213
5342,46,64,0.0008045945,5994.027193784714,96.05980229377747,4385.744921684265,213
5343,46,64,0.011295942,5995.159038066864,96.08463835716248,4386.566428899765,213
5344,46,64,0.10764406,5996.290160655975,96.11243748664856,4387.386706829071,213
5345,46,64,0.07358784,5997.4211366176605,96.1461615562439,4388.207103967667,213
5346,46,64,0.008303249,5998.545545339584,96.16660356521606,4389.025145769119,213
5347,46,64,0.004032895,5999.654345035553,96.1836256980896,4389.8439218997955,213
5348,46,64,0.016615774,6000.779860258102,96.18554377555847,4390.6677169799805,213
5349,46,64,0.0017138211,6001.900748968124,96.20911073684692,4391.488525867462,213
5350,46,64,0.002252184,6003.014893054962,96.22391676902771,4392.304476737976,213
5351,46,64,0.0005421332,6004.13153553009,96.2259566783905,4393.131392717361,213
5352,46,64,0.0012685577,6005.243327856064,96.24151062965393,4393.953972816467,213
5353,46,64,0.006636148,6006.353062391281,96.25595474243164,4394.768971920013,213
5354,46,64,0.0008349211,6007.475158214569,96.2671217918396,4395.593659877777,213
5355,46,64,0.0022726208,6008.592621564865,96.2790379524231,4396.418920993805,213
5356,46,64,0.009907775,6009.7133820056915,96.31512808799744,4397.232488870621,213
5357,46,64,0.001835751,6010.81581568718,96.32743501663208,4398.043964624405,213
5358,46,64,0.0017754966,6011.940449953079,96.36079692840576,4398.860925912857,213
5359,46,64,0.015821975,6013.045307397842,96.37417507171631,4399.680348873138,213
5360,46,64,0.0005856448,6014.162324428558,96.39224314689636,4400.497189998627,213
5361,46,64,0.003603997,6015.316827774048,96.47124814987183,4401.317646980286,213
5362,46,64,0.0005441567,6016.450588464737,96.5128390789032,4402.1395790576935,213
5363,46,64,0.0218908,6017.575406551361,96.51491522789001,4402.964977025986,213
5364,46,64,0.0030211401,6018.703424692154,96.53770518302917,4403.781890153885,213
5365,46,64,0.0044789095,6019.832281112671,96.57079911231995,4404.597815275192,213
5366,46,64,0.0014848647,6020.949685096741,96.5837459564209,4405.416272163391,213
5367,46,64,0.02093025,6022.066985368729,96.58560800552368,4406.237212181091,213
5368,46,64,0.00011571984,6023.184478521347,96.5929901599884,4407.064710140228,213
5369,46,64,0.0008275288,6024.294883489609,96.59754610061646,4407.897333145142,213
5370,46,64,2.2514498e-05,6025.400249481201,96.59959602355957,4408.720714092255,213
5371,46,64,4.750785e-05,6026.521767377853,96.62302708625793,4409.538083076477,213
5372,46,64,2.1104746e-05,6027.6377556324005,96.63222622871399,4410.359612941742,213
5373,46,64,0.024222648,6028.751006126404,96.63785934448242,4411.181181907654,213
5374,46,64,2.5509267e-05,6029.870171546936,96.63958930969238,4411.998147726059,213
5375,46,64,0.00074880064,6030.981339454651,96.65294027328491,4412.818945884705,213
5376,46,64,0.04181772,6032.108674764633,96.67699909210205,4413.636538028717,213
5377,46,64,0.00045080966,6033.245034694672,96.69771122932434,4414.452384710312,213
5378,46,64,0.12675309,6034.358365058899,96.69978022575378,4415.274096727371,213
5379,46,64,0.07172759,6035.480410575867,96.70179605484009,4416.089690685272,213
5380,46,64,0.00037689228,6036.589999198914,96.71865892410278,4416.9066734313965,213
5381,46,64,7.23543e-05,6037.705757379532,96.75130105018616,4417.724127292633,213
5382,46,64,0.053004846,6038.820131063461,96.75326919555664,4418.546265363693,213
5383,46,64,0.06948624,6039.945064067841,96.79107427597046,4419.363495349884,213
5384,46,64,6.953014e-05,6041.04846072197,96.80051326751709,4420.184076309204,213
5385,46,64,0.026505,6042.163370847702,96.82933020591736,4421.005619287491,213
5386,46,64,0.02650035,6043.2864236831665,96.85804414749146,4421.817893266678,213
5387,46,64,0.0087267505,6044.400698661804,96.86013221740723,4422.6432094573975,213
5388,46,64,0.0011473608,6045.518889427185,96.88373827934265,4423.4577713012695,213
5389,46,64,0.00075661525,6046.657935380936,96.91787123680115,4424.275576353073,213
5390,47,64,0.09875976,6047.673371315002,96.92030024528503,4425.090923547745,213
5391,47,64,0.0046441955,6048.799035072327,96.93005704879761,4425.917389631271,213
5392,47,65,0.053828396,6050.303448677063,97.32753300666809,4426.735754728317,213
5393,47,65,0.00033775612,6051.419228076935,97.3293890953064,4427.559356689453,213
5394,47,65,0.00040772665,6052.528437614441,97.3432731628418,4428.375157833099,213
5395,47,65,0.0007484169,6053.636377573013,97.35459518432617,4429.190153837204,213
5396,47,65,0.00040724297,6054.750504493713,97.37503218650818,4430.016241550446,213
5397,47,65,0.0008506728,6055.859685659409,97.3832631111145,4430.837500572205,213
5398,47,65,0.0003844333,6056.97641658783,97.38527822494507,4431.665290594101,213
5399,47,65,0.0027185767,6058.102556228638,97.39939427375793,4432.49223446846,213
5400,47,65,0.0015598794,6059.20846414566,97.41423845291138,4433.31308722496,213
5401,47,65,3.072199e-05,6060.314361333847,97.42549848556519,4434.1317183971405,213
5402,47,65,0.00036902216,6061.424465417862,97.43855571746826,4434.9646854400635,213
5403,47,65,0.028611336,6062.540845632553,97.45822954177856,4435.790101528168,213
5404,47,65,0.0030446383,6063.660082101822,97.46001362800598,4436.617941617966,213
5405,47,65,0.00065228814,6064.772604942322,97.46599674224854,4437.437854766846,213
5406,47,65,0.10271838,6065.883980751038,97.47892785072327,4438.256856679916,213
5407,47,65,0.00037753198,6066.997694969177,97.50010085105896,4439.0715527534485,213
5408,47,65,0.011188244,6068.122311115265,97.52863192558289,4439.891269683838,213
5409,47,65,0.00025676057,6069.238567829132,97.54463171958923,4440.715633630753,213
5410,47,65,0.0181327,6070.356276750565,97.55929970741272,4441.539272546768,213
5411,47,65,0.00086153264,6071.4657690525055,97.56524872779846,4442.356591463089,213
5412,47,65,0.00049071375,6072.575743198395,97.56725287437439,4443.180131435394,213
5413,47,65,0.0028377564,6073.707577705383,97.60491800308228,4444.001623392105,213
5414,47,65,0.0061221067,6074.83024764061,97.63943409919739,4444.815944433212,213
5415,47,65,0.014303826,6075.938757419586,97.65823531150818,4445.633083343506,213
5416,47,65,0.005339538,6077.043450117111,97.66286826133728,4446.4561223983765,213
5417,47,65,0.008310219,6078.160406827927,97.68143224716187,4447.274305105209,213
5418,47,65,0.0023599707,6079.274064064026,97.69295310974121,4448.096952915192,213
5419,47,65,0.023400217,6080.406788825989,97.7043182849884,4448.910192966461,213
5420,47,65,0.009942372,6081.530273199081,97.7279863357544,4449.735733270645,213
5421,47,65,0.0005260246,6082.635202407837,97.73108911514282,4450.560834407806,213
5422,47,65,0.082973905,6083.765804052353,97.75935006141663,4451.380674600601,213
5423,47,65,0.008618409,6084.892597436905,97.76119995117188,4452.210532665253,213
5424,47,65,0.0066506495,6086.015974521637,97.79158782958984,4453.027519464493,213
5425,47,65,0.0038840491,6087.148700475693,97.82226896286011,4453.852262735367,213
5426,47,65,0.041922413,6088.264049768448,97.84080791473389,4454.664699792862,213
5427,47,65,0.008129541,6089.3857979774475,97.85464096069336,4455.491778612137,213
5428,47,65,0.0017342339,6090.505895614624,97.8751847743988,4456.313475608826,213
5429,47,65,0.0007667334,6091.621281862259,97.87773585319519,4457.140494585037,213
5430,47,65,0.00042692097,6092.737300634384,97.90014481544495,4457.951947450638,213
5431,47,65,0.001924924,6093.851436376572,97.90223479270935,4458.7794823646545,213
5432,47,65,0.00516266,6094.975218296051,97.92710089683533,4459.597361564636,213
5433,47,65,0.0047653946,6096.084977388382,97.94724893569946,4460.418765544891,213
5434,47,65,0.0035763558,6097.197132825851,97.94937491416931,4461.236010551453,213
5435,47,65,0.0013924754,6098.31035900116,97.95646286010742,4462.064564704895,213
5436,47,65,0.005653751,6099.4218163490295,97.95861887931824,4462.891237974167,213
5437,47,65,0.010630021,6100.539818286896,97.98578476905823,4463.711151123047,213
5438,47,65,0.01542574,6101.649478435516,97.99145174026489,4464.526632070541,213
5439,47,65,0.001521886,6102.767645597458,98.00326180458069,4465.349225997925,213
5440,47,65,0.0016068274,6103.881198644638,98.01703977584839,4466.176330089569,213
5441,47,65,0.0004943954,6104.997090339661,98.03037476539612,4466.994753837585,213
5442,47,65,0.00014106392,6106.1131711006165,98.03236985206604,4467.818332910538,213
5443,47,65,8.879503e-05,6107.223118305206,98.0364260673523,4468.636226892471,213
5444,47,65,0.006240934,6108.343927145004,98.0451910495758,4469.454806804657,213
5445,47,65,0.0019391855,6109.449585914612,98.05057215690613,4470.275476932526,213
5446,47,65,0.0005103567,6110.561624765396,98.06188130378723,4471.089563846588,213
5447,47,65,0.00035251968,6111.686280012131,98.08475732803345,4471.913288831711,213
5448,47,65,0.0041717496,6112.798348426819,98.08657336235046,4472.729133844376,213
5449,47,65,0.15482026,6113.919730424881,98.1000611782074,4473.547525882721,213
5450,47,65,0.000103164,6115.025785923004,98.11992621421814,4474.3688950538635,213
5451,47,65,0.0006978658,6116.150419473648,98.14068126678467,4475.18546295166,213
5452,47,65,0.00026278116,6117.2700889110565,98.15567827224731,4476.005148887634,213
5453,47,65,0.0025657855,6118.3750693798065,98.15759205818176,4476.828114748001,213
5454,47,65,0.0482895,6119.4900896549225,98.16312623023987,4477.650594949722,213
5455,47,65,0.00066162413,6120.59712266922,98.1748514175415,4478.469988107681,213
5456,47,65,0.011662534,6121.705846071243,98.17680430412292,4479.296669244766,213
5457,47,65,0.0037980464,6122.816865444183,98.20903539657593,4480.110787153244,213
5458,47,65,0.00041229505,6123.9467124938965,98.25275540351868,4480.936048030853,213
5459,47,65,0.00011906859,6125.0589237213135,98.26146841049194,4481.748790740967,213
5460,47,65,0.051080987,6126.189347267151,98.30704832077026,4482.56399679184,213
5461,47,65,2.1826176e-05,6127.299809932709,98.31979632377625,4483.380397796631,213
5462,47,65,1.1737303e-05,6128.41851067543,98.33237028121948,4484.205005645752,213
5463,47,65,0.0133390045,6129.531320095062,98.34866523742676,4485.031125545502,213
5464,47,65,0.016653482,6130.649345397949,98.35063529014587,4485.858106613159,213
5465,47,65,0.00010622688,6131.76659488678,98.36661720275879,4486.683277606964,213
5466,47,65,1.5831243e-05,6132.89529800415,98.36858916282654,4487.507199525833,213
5467,47,65,0.0044244956,6134.012762546539,98.37312722206116,4488.3286554813385,213
5468,47,65,1.3935912e-05,6135.125671625137,98.37778115272522,4489.155854701996,213
5469,47,65,0.000103920924,6136.250065088272,98.39287614822388,4489.981716871262,213
5470,47,65,0.04063207,6137.357631444931,98.40977001190186,4490.803727865219,213
5471,47,65,0.0071659107,6138.46796298027,98.41237115859985,4491.63117480278,213
5472,47,65,0.05832208,6139.581245660782,98.41443014144897,4492.458984613419,213
5473,47,65,5.5536144e-05,6140.698199033737,98.42808222770691,4493.272928714752,213
5474,47,65,0.12230016,6141.80751824379,98.43342423439026,4494.0902688503265,213
5475,47,65,0.0024721993,6142.934900045395,98.46059107780457,4494.906574010849,213
5476,47,65,0.0008832891,6144.058153390884,98.48363995552063,4495.729362249374,213
5477,47,65,1.1706355,6145.173456668854,98.5137209892273,4496.548285245895,213
5478,47,65,0.00073717756,6146.28102850914,98.51990389823914,4497.369777202606,213
5479,47,65,0.015076014,6147.395812749863,98.52200078964233,4498.18807721138,213
5480,47,65,0.019586092,6148.516709089279,98.54354190826416,4499.013193368912,213
5481,47,65,0.072662294,6149.623687028885,98.553475856781,4499.831024646759,213
5482,47,65,0.08971973,6150.748886585236,98.5729730129242,4500.655690670013,213
5483,47,65,0.053943556,6151.867887496948,98.60070085525513,4501.47145652771,213
5484,47,65,0.036976807,6152.985435962677,98.61368370056152,4502.29997253418,213
5485,47,66,0.04793174,6154.485377073288,98.99125266075134,4503.113786935806,213
5486,47,66,0.019159362,6155.613166093826,99.00405168533325,4503.931875944138,213
5487,47,66,9.053353e-05,6156.733115911484,99.02073073387146,4504.744815826416,213
5488,47,66,8.141805e-05,6157.851192951202,99.03113675117493,4505.567790985107,213
5489,47,66,0.0006604134,6158.968825340271,99.04456067085266,4506.3986439704895,213
5490,47,66,4.704276e-05,6160.082363843918,99.04653358459473,4507.212767839432,213
5491,47,66,0.0020013652,6161.191759109497,99.06229639053345,4508.031455993652,213
5492,47,66,0.000966172,6162.306058645248,99.08046460151672,4508.853246927261,213
5493,47,66,0.027980875,6163.420428514481,99.08705949783325,4509.680317878723,213
5494,47,66,0.0014828998,6164.5314848423,99.1066575050354,4510.497927904129,213
5495,47,66,0.0015942982,6165.653093576431,99.11707162857056,4511.322767019272,213
5496,47,66,0.01226534,6166.7767243385315,99.11906456947327,4512.141220092773,213
5497,47,66,0.00026199338,6167.909482240677,99.14518165588379,4512.956614017487,213
5498,47,66,0.0016887921,6169.021319627762,99.1680736541748,4513.771706104279,213
5499,47,66,0.08175478,6170.139073371887,99.19316864013672,4514.585911989212,213
5500,47,66,0.0018992049,6171.25674366951,99.22795057296753,4515.407479047775,213
5501,47,66,0.0005687227,6172.378620147705,99.22979879379272,4516.230595111847,213
5502,47,66,0.0009042626,6173.494947195053,99.24874377250671,4517.053614139557,213
5503,47,66,0.008197168,6174.609071969986,99.26758861541748,4517.871675014496,213
5504,47,66,0.000852701,6175.726486206055,99.26947450637817,4518.699299812317,213
5505,47,66,0.010698004,6176.844277858734,99.28837871551514,4519.512192487717,213
5506,47,66,0.000784635,6177.9646673202515,99.3020646572113,4520.329709529877,213
5507,48,66,0.003463853,6178.9773988723755,99.30450868606567,4521.1416256427765,213
5508,48,66,5.428668e-05,6180.099433660507,99.30750751495361,4521.96249461174,213
5509,48,66,0.1513764,6181.224997997284,99.32787847518921,4522.777087688446,213
5510,48,66,0.0001958258,6182.343387126923,99.35372924804688,4523.595527887344,213
5511,48,66,0.001898573,6183.471198558807,99.35550332069397,4524.4160788059235,213
5512,48,66,9.464833e-05,6184.58590388298,99.37520623207092,4525.233155488968,213
5513,48,66,0.0033753042,6185.708122253418,99.39153814315796,4526.052564620972,213
5514,48,66,0.008787536,6186.824525356293,99.39630818367004,4526.874974727631,213
5515,48,66,0.0024159297,6187.9506158828735,99.43002200126648,4527.689150810242,213
5516,48,66,0.0012661809,6189.066050052643,99.45309805870056,4528.506863832474,213
5517,48,66,0.053465597,6190.184777498245,99.48690414428711,4529.320881843567,213
5518,48,66,0.0013119169,6191.2972111701965,99.49428820610046,4530.147131919861,213
5519,48,66,0.01227244,6192.417281150818,99.51353621482849,4530.962972640991,213
5520,48,66,0.0018434449,6193.528406620026,99.51529431343079,4531.788058519363,213
5521,48,66,0.001232879,6194.652344703674,99.52038741111755,4532.61612534523,213
5522,48,66,0.03489537,6195.769695281982,99.52244544029236,4533.447541236877,213
5523,48,66,0.00031632156,6196.876171588898,99.54291653633118,4534.259823322296,213
5524,48,66,0.00819996,6197.985141515732,99.54681253433228,4535.085040569305,213
5525,48,66,0.0015312696,6199.120810508728,99.57803654670715,4535.907056570053,213
5526,48,66,0.09736812,6200.241855144501,99.5799515247345,4536.733978509903,213
5527,48,66,0.041064084,6201.364278316498,99.62502551078796,4537.554157495499,213
5528,48,66,0.002123285,6202.479541778564,99.63406038284302,4538.371548652649,213
5529,48,66,0.00037693113,6203.591110467911,99.63570737838745,4539.191290616989,213
5530,48,66,0.01765823,6204.715470075607,99.63771343231201,4540.018730401993,213
5531,48,66,0.00039070542,6205.83328795433,99.6510374546051,4540.834883451462,213
5532,48,66,0.00048332772,6206.963502645493,99.68464541435242,4541.6625893116,213
5533,48,66,0.0010149379,6208.083097219467,99.70130038261414,4542.489551305771,213
5534,48,66,0.004306383,6209.1951014995575,99.71005344390869,4543.307640314102,213
5535,48,66,0.02479464,6210.316518783569,99.72040629386902,4544.1304342746735,213
5536,48,66,0.00051828433,6211.447366952896,99.73880243301392,4544.9568474292755,213
5537,48,66,0.021521166,6212.574187040329,99.74071049690247,4545.790827512741,213
5538,48,66,0.0019921074,6213.7063891887665,99.78043365478516,4546.609957456589,213
5539,48,66,0.001576872,6214.833309173584,99.80878758430481,4547.441128253937,213
5540,48,66,0.07255105,6215.950887680054,99.82468962669373,4548.26743721962,213
5541,48,66,8.808367e-05,6217.06275844574,99.84992671012878,4549.08473610878,213
5542,48,66,0.0043408354,6218.179753303528,99.86779952049255,4549.912154197693,213
5543,48,66,0.00028598524,6219.303714513779,99.8980815410614,4550.728870391846,213
5544,48,66,0.004492411,6220.4304077625275,99.90409255027771,4551.545085191727,213
5545,48,66,0.06545778,6221.5511429309845,99.9106764793396,4552.367388248444,213
5546,48,66,0.009128724,6222.665021657944,99.91279649734497,4553.194080114365,213
5547,48,66,0.00041739937,6223.782641649246,99.93398237228394,4554.02081823349,213
5548,48,66,0.033043128,6224.895539283752,99.9517993927002,4554.83663725853,213
5549,48,66,0.00015382157,6226.002918481827,99.97720527648926,4555.653039455414,213
5550,48,66,0.0017427425,6227.117244720459,99.98343014717102,4556.475176334381,213
5551,48,66,0.0005964421,6228.240569353104,100.0041971206665,4557.30027961731,213
5552,48,66,0.13879094,6229.360908746719,100.01570320129395,4558.128392457962,213
5553,48,66,0.090522915,6230.465087413788,100.01781630516052,4558.944253444672,213
5554,48,66,0.034552675,6231.5889184474945,100.02758526802063,4559.7665202617645,213
5555,48,66,0.01918923,6232.715523004532,100.05131721496582,4560.587946176529,213
5556,48,66,0.058251943,6233.83676981926,100.0740442276001,4561.4106822013855,213
5557,48,66,0.027013296,6234.961766958237,100.09931206703186,4562.225797176361,213
5558,48,66,0.0126373265,6236.061886310577,100.11463403701782,4563.043632268906,213
5559,48,66,0.21061938,6237.175869941711,100.13088297843933,4563.859752178192,213
5560,48,66,0.0010639755,6238.295493364334,100.13988900184631,4564.6855800151825,213
5561,48,66,0.28175476,6239.411605596542,100.15570783615112,4565.501569271088,213
5562,48,66,0.23910587,6240.543604373932,100.15782976150513,4566.330614089966,213
5563,48,66,0.08538075,6241.658144950867,100.16005063056946,4567.159121990204,213
5564,48,67,0.13103099,6243.1734790802,100.55103850364685,4567.980970859528,213
5565,48,67,0.00035885544,6244.292305231094,100.55761647224426,4568.804207801819,213
5566,48,67,6.479222e-05,6245.416274547577,100.55987644195557,4569.628045797348,213
5567,48,67,0.0001668229,6246.536931276321,100.5822856426239,4570.448478937149,213
5568,48,67,0.0034128614,6247.663978099823,100.62208557128906,4571.271114826202,213
5569,48,67,0.0004754809,6248.791574001312,100.6474335193634,4572.088979959488,213
5570,48,67,0.00084614544,6249.902773618698,100.65091562271118,4572.911425828934,213
5571,48,67,0.024002118,6251.023268222809,100.65290856361389,4573.739942550659,213
5572,48,67,0.01578116,6252.138068675995,100.67524647712708,4574.563034772873,213
5573,48,67,0.02841387,6253.248255968094,100.68079853057861,4575.384644031525,213
5574,48,67,0.004899893,6254.367532491684,100.70788645744324,4576.204258918762,213
5575,48,67,0.0037213368,6255.492584943771,100.71590447425842,4577.02587890625,213
5576,48,67,0.037116915,6256.61686873436,100.75020956993103,4577.840000867844,213
5577,48,67,0.0006707197,6257.720890283585,100.75994753837585,4578.662011861801,213
5578,48,67,0.0062209135,6258.8239839077,100.76829147338867,4579.4914038181305,213
5579,48,67,0.0070651257,6259.939525604248,100.77027535438538,4580.320199966431,213
5580,48,67,0.0037597339,6261.052410125732,100.7770004272461,4581.1438500881195,213
5581,48,67,0.001106469,6262.168999671936,100.7926414012909,4581.965688228607,213
5582,48,67,0.0041024373,6263.282111883163,100.7945613861084,4582.790727138519,213
5583,48,67,0.008107886,6264.398654937744,100.80157136917114,4583.605262994766,213
5584,48,67,0.003845163,6265.513208389282,100.8052453994751,4584.429733037949,213
5585,48,67,0.0014489966,6266.632465839386,100.82495832443237,4585.25270986557,213
5586,48,67,0.0014251948,6267.748327255249,100.82902932167053,4586.074215888977,213
5587,48,67,0.0083705485,6268.868516921997,100.86814427375793,4586.88961482048,213
5588,48,67,0.021587946,6269.985863208771,100.88392639160156,4587.704827785492,213
5589,48,67,0.0007781758,6271.099825620651,100.88589334487915,4588.523401975632,213
5590,48,67,0.00037854677,6272.214948892593,100.89480829238892,4589.34037399292,213
5591,48,67,0.0059153293,6273.333868265152,100.9114282131195,4590.15176320076,213
5592,48,67,0.03659767,6274.444225072861,100.93194723129272,4590.967645168304,213
5593,48,67,0.084871136,6275.560421705246,100.93644523620605,4591.789006233215,213
5594,48,67,0.00013734578,6276.6714906692505,100.94528913497925,4592.611441373825,213
5595,48,67,2.2111593e-05,6277.78470492363,100.95248794555664,4593.431541442871,213
5596,48,67,0.018325707,6278.909394264221,100.96473002433777,4594.253207206726,213
5597,48,67,0.0003643764,6280.0198366642,100.97055387496948,4595.07661819458,213
5598,48,67,0.01097076,6281.141278028488,100.99666380882263,4595.888388156891,213
5599,48,67,0.0034629267,6282.268162488937,101.01136779785156,4596.707396030426,213
5600,48,67,3.1136817e-05,6283.3788068294525,101.02839088439941,4597.526073217392,213
5601,48,67,0.06661907,6284.507133483887,101.05915880203247,4598.342267036438,213
5602,48,67,0.00092010427,6285.624490022659,101.06131672859192,4599.158089160919,213
5603,48,67,0.0081598535,6286.74152803421,101.06316184997559,4599.981832265854,213
5604,48,67,0.0005315945,6287.856518268585,101.07656693458557,4600.803196191788,213
5605,48,67,0.059934244,6288.971992969513,101.1058578491211,4601.620954036713,213
5606,48,67,0.031918332,6290.107638597488,101.1301097869873,4602.442099094391,213
5607,48,67,0.0027159324,6291.217197179794,101.13197374343872,4603.269726037979,213
5608,48,67,3.272629e-05,6292.341448068619,101.17414164543152,4604.092267751694,213
5609,48,67,0.047623243,6293.453349351883,101.17579364776611,4604.919081687927,213
5610,48,67,0.009525707,6294.572577238083,101.17779970169067,4605.737050771713,213
5611,48,67,0.0027460644,6295.694159984589,101.18899583816528,4606.55886888504,213
5612,48,67,0.19207484,6296.809015750885,101.19519591331482,4607.380779743195,213
5613,48,67,0.00078028685,6297.923333644867,101.19960594177246,4608.209887742996,213
5614,48,67,0.02800101,6299.037577390671,101.20493793487549,4609.03785777092,213
5615,48,67,0.0037916473,6300.148265123367,101.21963596343994,4609.860631942749,213
5616,48,67,0.019222196,6301.2682383060455,101.23218202590942,4610.679795026779,213
5617,48,67,0.042376906,6302.384416103363,101.23610305786133,4611.501518249512,213
5618,48,67,0.040262572,6303.507294178009,101.23778200149536,4612.330333471298,213
5619,48,67,0.0007167214,6304.632495880127,101.2452871799469,4613.149116516113,213
5620,48,67,0.12624073,6305.744607210159,101.25250625610352,4613.976863861084,213
5621,48,67,0.026329277,6306.861116886139,101.2777111530304,4614.798747777939,213
5622,48,67,0.006729668,6307.971481084824,101.27978515625,4615.624039888382,213
5623,48,67,0.009583712,6309.087081193924,101.28187012672424,4616.4485828876495,213
5624,49,67,0.06830226,6310.128797054291,101.28417611122131,4617.2679879665375,213
5625,49,67,0.00022501088,6311.243645429611,101.29662609100342,4618.079801082611,213
5626,49,67,0.00619173,6312.344269990921,101.31249594688416,4618.896073102951,213
5627,49,67,0.048260815,6313.472597837448,101.33944702148438,4619.720276355743,213
5628,49,67,0.0040620686,6314.584503412247,101.34755110740662,4620.540521621704,213
5629,49,67,0.0037243231,6315.700417280197,101.36437129974365,4621.3708827495575,213
5630,49,67,0.017074792,6316.80986738205,101.3663432598114,4622.188385725021,213
5631,49,67,0.038088515,6317.93590927124,101.36810612678528,4623.025554895401,213
5632,49,67,0.016508909,6319.03812789917,101.37513208389282,4623.844274759293,213
5633,49,67,0.026415091,6320.171205997467,101.40480923652649,4624.66419172287,213
5634,49,67,0.0002564514,6321.301076173782,101.42606925964355,4625.47887969017,213
5635,49,67,0.0055831233,6322.414849758148,101.44688534736633,4626.306858778,213
5636,49,67,0.0005595683,6323.53603887558,101.45217227935791,4627.134939908981,213
5637,49,67,0.05711521,6324.659469127655,101.45414519309998,4627.958925008774,213
5638,49,67,0.12795651,6325.788285493851,101.48275923728943,4628.777204036713,213
5639,49,67,0.1262918,6326.900922775269,101.49102306365967,4629.601126909256,213
5640,49,67,0.021038152,6328.010998725891,101.51300621032715,4630.422319889069,213
5641,49,67,0.11025144,6329.13228559494,101.51494431495667,4631.241787910461,213
5642,49,67,0.0023248377,6330.247760295868,101.52571535110474,4632.069745063782,213
5643,49,67,0.0145186605,6331.367685317993,101.53963947296143,4632.892528772354,213
5644,49,67,0.0017101166,6332.483340024948,101.56501650810242,4633.712155580521,213
5645,49,67,0.0007218805,6333.593131303787,101.58650660514832,4634.534440755844,213
5646,49,67,0.1123559,6334.710278749466,101.59421968460083,4635.351586818695,213
5647,49,67,0.10352694,6335.830048322678,101.61142563819885,4636.173831701279,213
5648,49,67,0.14952661,6336.949967384338,101.61337471008301,4637.001881837845,213
5649,49,67,0.0027380208,6338.073863267899,101.64358973503113,4637.82431602478,213
5650,49,67,0.056675732,6339.186212778091,101.64552187919617,4638.642557859421,213
5651,49,67,0.0065776696,6340.304940462112,101.6475157737732,4639.461345911026,213
5652,49,67,0.005317481,6341.424412488937,101.66330790519714,4640.2803456783295,213
5653,49,67,0.029837515,6342.544604539871,101.66943383216858,4641.103010416031,213
5654,49,68,0.0015615056,6344.031799793243,102.05683374404907,4641.923834562302,213
5655,49,68,0.00012926424,6345.150416135788,102.06756567955017,4642.746930599213,213
5656,49,68,0.00017622797,6346.266425848007,102.06939268112183,4643.576073884964,213
5657,49,68,3.8681188e-05,6347.381857872009,102.0779345035553,4644.401742935181,213
5658,49,68,3.339929e-05,6348.5003345012665,102.0958845615387,4645.2185118198395,213
5659,49,68,0.001250908,6349.6121463775635,102.10585737228394,4646.046854019165,213
5660,49,68,8.14751e-05,6350.728419303894,102.12552523612976,4646.865727186203,213
5661,49,68,3.786754e-05,6351.843132257462,102.12732410430908,4647.688050270081,213
5662,49,68,0.0008761675,6352.970191001892,102.16023826599121,4648.504112243652,213
5663,49,68,1.208813e-05,6354.090227603912,102.16215419769287,4649.328791379929,213
5664,49,68,0.00059408747,6355.213433504105,102.17962908744812,4650.155225515366,213
5665,49,68,6.665933e-05,6356.343140602112,102.21880602836609,4650.975568532944,213
5666,49,68,0.00057695986,6357.46372127533,102.22085809707642,4651.800051450729,213
5667,49,68,0.00016205614,6358.585933685303,102.24544191360474,4652.621873617172,213
5668,49,68,4.5499364e-05,6359.694244384766,102.28193283081055,4653.437945365906,213
5669,49,68,8.731595e-05,6360.818021774292,102.28820180892944,4654.267212629318,213
5670,49,68,5.1891757e-06,6361.943286895752,102.2928569316864,4655.0983374118805,213
5671,49,68,6.948896e-05,6363.05530166626,102.30438899993896,4655.916282176971,213
5672,49,68,1.0037053e-05,6364.175749778748,102.33332705497742,4656.733373165131,213
5673,49,68,0.00052995095,6365.2875187397,102.33959293365479,4657.557411193848,213
5674,49,68,9.4009694e-05,6366.3989515304565,102.35057401657104,4658.374960184097,213
5675,49,68,0.004658736,6367.5184597969055,102.37657904624939,4659.195667266846,213
5676,49,68,0.00014154139,6368.634064435959,102.3786141872406,4660.021564483643,213
5677,49,68,0.0004234237,6369.766206264496,102.3992030620575,4660.844890356064,213
5678,49,68,1.6616017e-05,6370.879963159561,102.40113115310669,4661.671175479889,213
5679,49,68,0.00018581245,6371.998687505722,102.40742897987366,4662.489564180374,213
5680,49,68,0.0029293103,6373.107416152954,102.43057489395142,4663.308379173279,213
5681,49,68,3.6453435e-05,6374.221618890762,102.4426577091217,4664.125752449036,213
5682,49,68,4.1125797e-05,6375.335197210312,102.45881581306458,4664.943055391312,213
5683,49,68,0.0002472732,6376.456730604172,102.47644376754761,4665.763914346695,213
5684,49,68,0.07220266,6377.576318740845,102.47832584381104,4666.590118408203,213
5685,49,68,0.00013212588,6378.705790042877,102.51871705055237,4667.408978700638,213
5686,49,68,0.0009774966,6379.834487199783,102.54228401184082,4668.233221769333,213
5687,49,68,4.457141e-05,6380.952708005905,102.56105589866638,4669.056192874908,213
5688,49,68,3.569557e-05,6382.079215526581,102.56307578086853,4669.888314008713,213
5689,49,68,9.808857e-05,6383.191192626953,102.56707262992859,4670.711035013199,213
5690,49,68,0.00065121875,6384.3403198719025,102.60627055168152,4671.5365788936615,213
5691,49,68,0.030545222,6385.459398508072,102.6431245803833,4672.3524289131165,213
5692,49,68,0.00050021015,6386.5819876194,102.65601253509521,4673.178409814835,213
5693,49,68,0.0008391735,6387.699068546295,102.6769745349884,4673.993544816971,213
5694,49,68,0.00094405684,6388.810992717743,102.68354868888855,4674.808833837509,213
5695,49,68,0.002293192,6389.931484460831,102.70877766609192,4675.6231417655945,213
5696,49,68,0.0006827253,6391.0540544986725,102.7108645439148,4676.443160772324,213
5697,49,68,0.00014258562,6392.175424337387,102.73263335227966,4677.266199827194,213
5698,49,68,4.0077568e-05,6393.280945301056,102.73456335067749,4678.084509134293,213
5699,49,68,0.0005732371,6394.395585298538,102.76121544837952,4678.90238904953,213
5700,49,68,0.0003076267,6395.511439561844,102.77812337875366,4679.72053694725,213
5701,49,68,0.0029804197,6396.619885921478,102.78698635101318,4680.5375020504,213
5702,49,68,7.432281e-05,6397.744299650192,102.78916645050049,4681.372115135193,213
5703,49,68,0.004348898,6398.85586309433,102.79446649551392,4682.198225259781,213
5704,49,68,0.00016445917,6399.973958015442,102.79647564888,4683.022077322006,213
5705,49,68,0.002961378,6401.093898057938,102.82051968574524,4683.840394258499,213
5706,49,68,0.017326225,6402.2054080963135,102.8309235572815,4684.665914297104,213
5707,49,68,0.11316138,6403.318099021912,102.83622455596924,4685.486297369003,213
5708,49,68,8.641881e-05,6404.42915225029,102.83812260627747,4686.313791275024,213
5709,49,68,0.0011002668,6405.548623323441,102.8669376373291,4687.134874343872,213
5710,49,68,0.0011992676,6406.672424316406,102.86904978752136,4687.969385385513,213
5711,49,68,0.0017045784,6407.801537036896,102.8712568283081,4688.797752380371,213
5712,49,68,0.00021322197,6408.917327880859,102.87319087982178,4689.614073514938,213
5713,49,68,0.0070314654,6410.030455350876,102.88865375518799,4690.4354746341705,213
5714,49,68,5.0118637e-05,6411.15740776062,102.89480781555176,4691.25458240509,213
5715,49,68,0.11136377,6412.262235403061,102.90365481376648,4692.071364402771,213
5716,49,68,0.0006822609,6413.380095005035,102.90558981895447,4692.897995233536,213
5717,49,68,0.00061527255,6414.501759052277,102.92793488502502,4693.717391252518,213
5718,49,68,0.00039957362,6415.6276116371155,102.97167587280273,4694.531397342682,213
5719,49,68,0.0008326096,6416.739598989487,102.99243187904358,4695.345990419388,213
5720,49,68,0.0035772664,6417.856739044189,102.9997820854187,4696.169958591461,213
5721,49,68,0.00020354493,6418.9759221076965,103.00167107582092,4696.995603561401,213
5722,49,68,0.0013929156,6420.09495306015,103.03458714485168,4697.812228679657,213
5723,49,68,0.0025010742,6421.219064712524,103.05446219444275,4698.63690161705,213
5724,49,68,0.0002510272,6422.341320514679,103.07428932189941,4699.456383705139,213
5725,49,68,0.065277986,6423.455673456192,103.08276343345642,4700.277326583862,213
5726,49,68,0.0033435626,6424.578424215317,103.09610748291016,4701.095288515091,213
5727,49,68,0.019156408,6425.690404415131,103.10101747512817,4701.923532485962,213
5728,49,68,0.005956486,6426.806079864502,103.11579442024231,4702.737878322601,213
5729,49,68,0.03303636,6427.927109003067,103.15348553657532,4703.556759357452,213
5730,49,68,0.00076260633,6429.04029750824,103.16737246513367,4704.371529579163,213
5731,49,68,0.0030147012,6430.1608300209045,103.18498039245605,4705.193110466003,213
5732,49,68,0.00019915114,6431.282738685608,103.21595454216003,4706.0203194618225,213
5733,49,68,0.0018526586,6432.399006605148,103.23860955238342,4706.837764263153,213
5734,49,68,0.00013884122,6433.528782606125,103.24105668067932,4707.660386562347,213
5735,49,68,0.00012395089,6434.651566982269,103.25649571418762,4708.4845316410065,213
5736,49,68,0.0015567711,6435.766999006271,103.28013682365417,4709.305375814438,213
5737,49,68,0.013119552,6436.892971754074,103.31667876243591,4710.120630979538,213
5738,49,68,0.00050976156,6437.999247074127,103.32901287078857,4710.941169977188,213
5739,49,68,0.00017701414,6439.118068695068,103.34122776985168,4711.761694908142,213
5740,49,68,0.0054376572,6440.232020378113,103.35285377502441,4712.587906837463,213
5741,50,68,0.00019090972,6441.242920398712,103.35518860816956,4713.398989915848,213
5742,50,68,0.0005145278,6442.3580684661865,103.35738158226013,4714.2149159908295,213
5743,50,68,0.0009253043,6443.47622013092,103.37260556221008,4715.040183067322,213
5744,50,68,0.0034681216,6444.5955221652985,103.39471960067749,4715.860841035843,213
5745,50,68,0.027256828,6445.708714962006,103.40138554573059,4716.684938907623,213
5746,50,68,0.0012293496,6446.835349082947,103.41495966911316,4717.507271766663,213
5747,50,68,0.0022060021,6447.974170684814,103.41661357879639,4718.32913851738,213
5748,50,68,3.975024e-05,6449.0925488471985,103.43633842468262,4719.14896941185,213
5749,50,68,0.025267094,6450.212340354919,103.44601655006409,4719.970088481903,213
5750,50,68,0.00060147146,6451.322414398193,103.45580458641052,4720.788957357407,213
5751,50,69,0.00013732963,6452.844310283661,103.86126160621643,4721.608996391296,213
5752,50,69,0.00024039025,6453.956319570541,103.8629994392395,4722.430737257004,213
5753,50,69,0.003834405,6455.065633058548,103.86486554145813,4723.263918161392,213
5754,50,69,8.527518e-06,6456.1990349292755,103.87622356414795,4724.076668262482,213
5755,50,69,7.158605e-05,6457.318974018097,103.87806749343872,4724.901342391968,213
5756,50,69,2.42399e-05,6458.43789434433,103.89793252944946,4725.72244143486,213
5757,50,69,3.1090818e-05,6459.544976711273,103.90009045600891,4726.544530630112,213
5758,50,69,0.00033266115,6460.657741785049,103.90212631225586,4727.372707605362,213
5759,50,69,6.0347338e-05,6461.774474620819,103.90520334243774,4728.200234651566,213
5760,50,69,8.727344e-05,6462.891746759415,103.91076636314392,4729.020631551743,213
5761,50,69,0.00014474182,6464.0091145038605,103.91701126098633,4729.843681573868,213
5762,50,69,0.00052077987,6465.129588127136,103.939617395401,4730.661272764206,213
5763,50,69,4.823236e-05,6466.250355243683,103.96714043617249,4731.476888895035,213
5764,50,69,0.00044443336,6467.355359077454,103.97729444503784,4732.298794031143,213
5765,50,69,0.00021813062,6468.463007450104,103.98326754570007,4733.125931978226,213
5766,50,69,0.00012547457,6469.574621677399,103.99940848350525,4733.945126056671,213
5767,50,69,5.4051334e-06,6470.689608335495,104.01103329658508,4734.768173933029,213
5768,50,69,0.00026529864,6471.798876523972,104.0223593711853,4735.588829994202,213
5769,50,69,2.1570522e-05,6472.908857345581,104.02408742904663,4736.413972854614,213
5770,50,69,0.00040492753,6474.029225111008,104.04411339759827,4737.23063993454,213
5771,50,69,0.00012549116,6475.150483608246,104.05245041847229,4738.052085876465,213
5772,50,69,0.0010821694,6476.264571905136,104.06004738807678,4738.874611854553,213
5773,50,69,7.5242264e-05,6477.3760850429535,104.08098936080933,4739.692948818207,213
5774,50,69,9.299431e-05,6478.498052597046,104.09411835670471,4740.515461921692,213
5775,50,69,0.0027226831,6479.612278461456,104.11120533943176,4741.33508682251,213
5776,50,69,1.7349865e-05,6480.737578630447,104.14677214622498,4742.1513748168945,213
5777,50,69,6.8814757e-06,6481.855831861496,104.17784929275513,4742.964027643204,213
5778,50,69,1.3606688e-05,6482.983850479126,104.17988848686218,4743.787612915039,213
5779,50,69,0.00065186236,6484.102774143219,104.2001383304596,4744.61203289032,213
5780,50,69,0.001594705,6485.2163853645325,104.20364141464233,4745.434477806091,213
5781,50,69,7.6416945e-05,6486.326708316803,104.2124593257904,4746.255581617355,213
5782,50,69,0.015239004,6487.440308094025,104.21769833564758,4747.077970743179,213
5783,50,69,4.246513e-06,6488.570167303085,104.23732137680054,4747.906456708908,213
5784,50,69,0.0006496005,6489.68975520134,104.25281858444214,4748.729731559753,213
5785,50,69,6.260182e-05,6490.807931423187,104.25476169586182,4749.562432527542,213
5786,50,69,0.00041065627,6491.933660984039,104.25688982009888,4750.381023645401,213
5787,50,69,0.00040034665,6493.047786951065,104.25988984107971,4751.199954509735,213
5788,50,69,0.00047217365,6494.1632833480835,104.28197193145752,4752.025344610214,213
5789,50,69,2.7622266e-06,6495.2762660980225,104.28919577598572,4752.846416711807,213
5790,50,69,0.00032078545,6496.408474206924,104.29131388664246,4753.677079677582,213
5791,50,69,1.4770521e-06,6497.523532867432,104.2979428768158,4754.501728773117,213
5792,50,69,0.00010043131,6498.640644073486,104.30004286766052,4755.321553945541,213
5793,50,69,9.632484e-06,6499.751103639603,104.31426477432251,4756.138466119766,213
5794,50,69,0.0016596093,6500.863224983215,104.33241772651672,4756.948564052582,213
5795,50,69,0.0005270082,6501.966018199921,104.33797478675842,4757.770774126053,213
5796,50,69,0.00016748326,6503.079470872879,104.34025359153748,4758.583585262299,213
5797,50,69,3.1626587e-06,6504.185222625732,104.34210157394409,4759.405050039291,213
5798,50,69,6.1996594e-05,6505.300484657288,104.36506247520447,4760.222972154617,213
5799,50,69,6.2099345e-05,6506.400770664215,104.3697555065155,4761.052641153336,213
5800,50,69,4.5296806e-06,6507.533739328384,104.39774656295776,4761.873996973038,213
5801,50,69,0.023772094,6508.65118932724,104.42427444458008,4762.697556972504,213
5802,50,69,0.00020089794,6509.769086122513,104.42650961875916,4763.51878619194,213
5803,50,69,1.539686e-05,6510.88189291954,104.4454026222229,4764.338913202286,213
5804,50,69,0.00013787573,6511.990668058395,104.4519145488739,4765.156277179718,213
5805,50,69,1.9632267e-05,6513.113963603973,104.46205759048462,4765.982093811035,213
5806,50,69,6.436208e-05,6514.229198932648,104.47653555870056,4766.802346467972,213
5807,50,69,6.534427e-05,6515.345091104507,104.47846460342407,4767.623353481293,213
5808,50,69,0.00016004778,6516.4600994586945,104.4804744720459,4768.455265522003,213
5809,50,69,1.1656359e-05,6517.58767747879,104.51099848747253,4769.2701325416565,213
5810,50,69,8.026345e-05,6518.713992834091,104.55907344818115,4770.091904640198,213
5811,50,69,0.00016455473,6519.820513963699,104.56624460220337,4770.909837722778,213
5812,50,69,5.679591e-05,6520.952698230743,104.58447170257568,4771.732679605484,213
5813,50,69,0.025834458,6522.071348428726,104.58660864830017,4772.555333614349,213
5814,50,69,4.9728387e-06,6523.190244913101,104.60381865501404,4773.378069639206,213
5815,50,69,1.1888871e-05,6524.307157278061,104.62338662147522,4774.1957857608795,213
5816,50,69,5.750994e-06,6525.4304440021515,104.66649556159973,4775.009499549866,213
5817,50,69,2.3729572e-05,6526.542093753815,104.68552041053772,4775.837402582169,213
5818,50,69,7.393324e-06,6527.663280963898,104.68733048439026,4776.656019687653,213
5819,50,69,2.7283346e-05,6528.786005973816,104.68958830833435,4777.477023601532,213
5820,50,69,0.00036962004,6529.909180402756,104.71069025993347,4778.291170597076,213
5821,50,69,0.01232469,6531.026983737946,104.71255707740784,4779.1123814582825,213
5822,50,69,2.9906003e-05,6532.14165687561,104.72054600715637,4779.94636631012,213
5823,50,69,9.757693e-06,6533.25860285759,104.74152898788452,4780.766007184982,213
5824,50,69,1.5310709e-06,6534.375976324081,104.74340319633484,4781.589182138443,213
5825,50,69,0.00048685787,6535.503690004349,104.77974128723145,4782.402859210968,213
5826,50,69,0.00016335484,6536.627824783325,104.79713225364685,4783.225902080536,213
5827,50,69,1.6040607e-05,6537.742764949799,104.82750034332275,4784.042049884796,213
5828,50,69,0.00021168003,6538.854891061783,104.8413724899292,4784.862058639526,213
5829,50,69,2.3068525e-05,6539.977119445801,104.86449146270752,4785.685156583786,213
5830,50,69,5.4258322e-05,6541.102410793304,104.86637854576111,4786.5148005485535,213
5831,50,69,1.604666e-05,6542.210708141327,104.87562847137451,4787.334874391556,213
5832,50,69,0.0005926976,6543.321504354477,104.87774753570557,4788.163571357727,213
5833,50,69,3.3593675e-05,6544.431168317795,104.88639950752258,4788.984326124191,213
5834,50,69,0.00022697309,6545.547644615173,104.8906192779541,4789.799851179123,213
5835,50,69,2.3745326e-05,6546.663148641586,104.89258623123169,4790.62326836586,213
5836,50,69,0.00023239836,6547.770755290985,104.90512418746948,4791.444560289383,213
5837,50,69,0.0002593513,6548.889987230301,104.9068911075592,4792.273587226868,213
5838,50,69,0.0002921218,6550.015634775162,104.9172670841217,4793.097952127457,213
5839,50,69,0.0010644507,6551.144983768463,104.93651103973389,4793.914409399033,213
5840,50,69,5.2226496e-06,6552.265786886215,104.93874311447144,4794.736300468445,213
5841,50,69,0.00012008272,6553.38911485672,104.96113896369934,4795.566819429398,213
5842,50,69,0.044210404,6554.496618509293,104.96547389030457,4796.398839473724,213
5843,50,69,0.0016693937,6555.600798845291,104.9760308265686,4797.218064546585,213
5844,50,69,3.2415082e-05,6556.71683049202,104.97793483734131,4798.04566693306,213
5845,50,69,7.5006414e-05,6557.837459087372,104.9930808544159,4798.8640229702,213
5846,50,69,5.017392e-06,6558.951758623123,105.0187017917633,4799.6826231479645,213
5847,50,69,7.413256e-07,6560.072270154953,105.02091765403748,4800.5013699531555,213
5848,50,69,0.00015980923,6561.196699857712,105.04775857925415,4801.322821855545,213
5849,50,69,0.004415487,6562.319225072861,105.0539824962616,4802.145662069321,213
5850,50,69,7.712321e-05,6563.435070514679,105.06225037574768,4802.967286109924,213
5851,50,69,0.010265589,6564.563770771027,105.09137153625488,4803.7849950790405,213
5852,50,69,0.000105830826,6565.6814522743225,105.121262550354,4804.59806895256,213
5853,50,69,0.0728966,6566.804471731186,105.12748670578003,4805.423581838608,213
5854,50,69,6.18527e-05,6567.927481412888,105.16479873657227,4806.243080615997,213
5855,50,69,0.00039890312,6569.050816774368,105.18466877937317,4807.06644153595,213
5856,50,69,0.00047587,6570.169305801392,105.18988084793091,4807.878200531006,213
5857,50,69,0.09205789,6571.285461902618,105.21098184585571,4808.696297645569,213
5858,51,69,0.0011777125,6572.308073759079,105.21331477165222,4809.513431787491,213
5859,51,69,0.0007458596,6573.41081237793,105.21536874771118,4810.337666749954,213
5860,51,69,0.0023782048,6574.532207727432,105.22841787338257,4811.1621997356415,213
5861,51,69,0.003039809,6575.64849448204,105.23914885520935,4811.98101067543,213
5862,51,69,0.07962225,6576.777974128723,105.2576699256897,4812.798027515411,213
5863,51,69,0.0026826167,6577.8848650455475,105.26224088668823,4813.612914562225,213
5864,51,69,0.025037048,6578.99552154541,105.27011275291443,4814.433055400848,213
5865,51,69,0.015499505,6580.115909337997,105.27213764190674,4815.258669376373,213
5866,51,70,0.010556729,6581.644812583923,105.66960954666138,4816.082399368286,213
5867,51,70,0.00015093361,6582.7706553936005,105.69161868095398,4816.902428388596,213
5868,51,70,0.00014008454,6583.886383533478,105.69382047653198,4817.717635393143,213
5869,51,70,0.0014470207,6585.009155035019,105.71101236343384,4818.5396564006805,213
5870,51,70,0.0072961273,6586.122577428818,105.71266150474548,4819.3616354465485,213
5871,51,70,0.000997389,6587.240402936935,105.72776651382446,4820.186035633087,213
5872,51,70,0.0058449367,6588.34886097908,105.74814963340759,4821.006400823593,213
5873,51,70,0.0020652479,6589.470643997192,105.77331757545471,4821.827268838882,213
5874,51,70,9.5657615e-06,6590.583744287491,105.77934765815735,4822.647078990936,213
5875,51,70,0.009052533,6591.696345806122,105.79718565940857,4823.472526073456,213
5876,51,70,0.003693561,6592.801395893097,105.80680656433105,4824.288865804672,213
5877,51,70,0.00033773296,6593.907976865768,105.80990648269653,4825.108062744141,213
5878,51,70,0.011189123,6595.028170824051,105.81180262565613,4825.928204774857,213
5879,51,70,0.00026835751,6596.156957149506,105.83879971504211,4826.744186639786,213
5880,51,70,0.0026296836,6597.2736122608185,105.8406617641449,4827.566959857941,213
5881,51,70,0.0050049503,6598.398745775223,105.84247088432312,4828.383563041687,213
5882,51,70,0.014006423,6599.548583745956,105.87338089942932,4829.225558042526,213
5883,51,70,0.0010178129,6600.718120574951,105.9436137676239,4830.040290117264,213
5884,51,70,0.0012999141,6601.82862329483,105.95809769630432,4830.856291055679,213
5885,51,70,0.009653553,6602.940918445587,105.96939873695374,4831.676582098007,213
5886,51,70,0.0072015687,6604.05855846405,105.97737073898315,4832.4991800785065,213
5887,51,70,0.0011522849,6605.188297986984,105.97928285598755,4833.324605226517,213
5888,51,70,6.653192e-05,6606.310656070709,106.00549387931824,4834.144666433334,213
5889,51,70,0.0005179805,6607.43158531189,106.02533173561096,4834.960561513901,213
5890,51,70,6.9639755e-05,6608.55518913269,106.04018473625183,4835.773766517639,213
5891,51,70,0.011001449,6609.670941591263,106.0586347579956,4836.592190742493,213
5892,51,70,0.00010136896,6610.783569812775,106.0603837966919,4837.411855459213,213
5893,51,70,0.0022353926,6611.897867679596,106.07835483551025,4838.232620477676,213
5894,51,70,3.8426027e-05,6613.010551452637,106.08018398284912,4839.05938243866,213
5895,51,70,5.366566e-05,6614.1271324157715,106.0953221321106,4839.879346609116,213
5896,51,70,0.00016595669,6615.244330406189,106.10741019248962,4840.693777561188,213
5897,51,70,0.06786905,6616.3524696826935,106.11115527153015,4841.510542392731,213
5898,51,70,0.00014411508,6617.471563816071,106.11315107345581,4842.326492547989,213
5899,51,70,0.000122062105,6618.5823040008545,106.11525201797485,4843.145937681198,213
5900,51,70,1.2653739e-05,6619.697550535202,106.11722087860107,4843.974764585495,213
5901,51,70,0.0014890027,6620.817067623138,106.1497368812561,4844.790625810623,213
5902,51,70,0.026500853,6621.939033269882,106.1517858505249,4845.614485740662,213
5903,51,70,3.0457226e-05,6623.066316366196,106.16027283668518,4846.438713550568,213
5904,51,70,5.872792e-05,6624.188844442368,106.16230988502502,4847.266398429871,213
5905,51,70,2.967598e-05,6625.30357003212,106.18807673454285,4848.091947555542,213
5906,51,70,0.0013831626,6626.414035081863,106.19899678230286,4848.907521486282,213
5907,51,70,0.00033734675,6627.5307948589325,106.20111584663391,4849.733902454376,213
5908,51,70,0.00015689858,6628.652215719223,106.22342777252197,4850.559390544891,213
5909,51,70,0.0002059006,6629.766894578934,106.2286536693573,4851.377262353897,213
5910,51,70,0.00024767275,6630.875302314758,106.23059964179993,4852.1992065906525,213
5911,51,70,0.00015499731,6631.993032455444,106.24475145339966,4853.01825761795,213
5912,51,70,0.0016652829,6633.105957508087,106.24998426437378,4853.835214614868,213
5913,51,70,0.01823132,6634.224130868912,106.27760624885559,4854.64844083786,213
5914,51,70,6.157604e-05,6635.334963083267,106.30728125572205,4855.462054491043,213
5915,51,70,0.0031009864,6636.453311920166,106.32723116874695,4856.282962322235,213
5916,51,70,0.0010578489,6637.569788694382,106.35950231552124,4857.106776475906,213
5917,51,70,0.004757263,6638.698565006256,106.38475632667542,4857.92768740654,213
5918,51,70,0.018359734,6639.811195611954,106.38680529594421,4858.751039266586,213
5919,51,70,0.047586627,6640.920466661453,106.3918662071228,4859.571474313736,213
5920,51,70,0.024499299,6642.030594587326,106.39398121833801,4860.3901743888855,213
5921,51,70,2.0116283e-06,6643.153311252594,106.42036032676697,4861.206958293915,213
5922,51,70,0.16328056,6644.269446372986,106.42898440361023,4862.031016588211,213
5923,51,70,0.0034818433,6645.391049623489,106.44704341888428,4862.852252483368,213
5924,51,70,0.0050542043,6646.507396221161,106.4607503414154,4863.671827316284,213
5925,51,70,0.0001128975,6647.621248483658,106.46508049964905,4864.486301183701,213
5926,51,70,0.027324185,6648.729679346085,106.48127961158752,4865.29825592041,213
5927,51,70,0.0016857069,6649.833870887756,106.48386669158936,4866.121029853821,213
5928,51,70,0.0057432703,6650.94327545166,106.50379371643066,4866.936768770218,213
5929,51,70,0.02921726,6652.052385091782,106.51459169387817,4867.753634691238,213
5930,51,70,0.00018862849,6653.168833017349,106.53085279464722,4868.570111751556,213
5931,51,70,0.0020336495,6654.286463737488,106.54538083076477,4869.384038686752,213
5932,51,70,0.0006081826,6655.40137052536,106.54752373695374,4870.208389043808,213
5933,51,70,0.0074591096,6656.522984027863,106.58180069923401,4871.032880067825,213
5934,51,70,0.13942051,6657.637149333954,106.60997772216797,4871.849455356598,213
5935,51,70,0.00038744495,6658.752602100372,106.61192989349365,4872.670858383179,213
5936,51,70,0.028057422,6659.858575344086,106.62123703956604,4873.490551233292,213
5937,51,70,6.6415574e-05,6660.97344660759,106.62326502799988,4874.309414148331,213
5938,51,70,0.05220806,6662.104964017868,106.65855693817139,4875.126098155975,213
5939,51,70,0.1532645,6663.22056055069,106.6757709980011,4875.941368103027,213
5940,51,70,0.003257721,6664.33978676796,106.69322299957275,4876.756780862808,213
5941,51,70,0.028025076,6665.45180439949,106.70298099517822,4877.57626581192,213
5942,51,70,0.0038292157,6666.579094409943,106.71895790100098,4878.397481918335,213
5943,51,70,0.1557034,6667.707801103592,106.74308800697327,4879.2181758880615,213
5944,51,70,0.027028713,6668.822163105011,106.76146602630615,4880.038172721863,213
5945,51,71,0.004825628,6670.317157506943,107.13431406021118,4880.861694812775,213
5946,51,71,0.0233532,6671.433674097061,107.13659906387329,4881.683141946793,213
5947,51,71,7.194032e-05,6672.550020456314,107.13851308822632,4882.506324052811,213
5948,51,71,0.0006148041,6673.674202442169,107.14061713218689,4883.330296039581,213
5949,51,71,1.1219748e-05,6674.794741630554,107.16608619689941,4884.147980928421,213
5950,51,71,3.971216e-05,6675.916651964188,107.17646908760071,4884.971755981445,213
5951,51,71,0.0058942745,6677.036144018173,107.18572425842285,4885.797365188599,213
5952,51,71,6.860197e-05,6678.153322458267,107.19857931137085,4886.622699975967,213
5953,51,71,2.1138638e-05,6679.265949010849,107.20048332214355,4887.439502954483,213
5954,51,71,0.00027348162,6680.384349346161,107.22592520713806,4888.260313034058,213
5955,51,71,0.00019624464,6681.50553894043,107.25494027137756,4889.078182935715,213
5956,51,71,0.05489259,6682.616064071655,107.26306414604187,4889.901497125626,213
5957,51,71,0.0063293898,6683.74425983429,107.30542230606079,4890.719700098038,213
5958,51,71,0.00032692307,6684.8569502830505,107.31368613243103,4891.543565988541,213
5959,51,71,0.00037667633,6685.9729080200195,107.31545615196228,4892.373998880386,213
5960,51,71,0.0022143854,6687.0897698402405,107.34928917884827,4893.196969747543,213
5961,51,71,5.2091076e-05,6688.212990760803,107.35128808021545,4894.023999929428,213
5962,51,71,0.0007836246,6689.333483695984,107.35344505310059,4894.84565782547,213
5963,51,71,0.005872296,6690.456181526184,107.35547614097595,4895.677109003067,213
5964,51,71,0.007176266,6691.574453115463,107.36367511749268,4896.500214099884,213
5965,51,71,7.9178164e-05,6692.692094802856,107.36565518379211,4897.327611923218,213
5966,51,71,0.0008137983,6693.802627325058,107.37177109718323,4898.151469707489,213
5967,51,71,0.00064073125,6694.91451716423,107.38955402374268,4898.967980623245,213
5968,51,71,0.0018057548,6696.038773298264,107.41429901123047,4899.785360574722,213
5969,51,71,0.04626415,6697.164286613464,107.44006609916687,4900.612348794937,213
5970,51,71,0.0006554527,6698.288099527359,107.4419219493866,4901.427912712097,213
5971,51,71,0.0035139993,6699.405312299728,107.45617985725403,4902.248767852783,213
5972,51,71,0.010856283,6700.512814283371,107.45797085762024,4903.074143886566,213
5973,51,71,0.019290477,6701.625929355621,107.46002984046936,4903.902037858963,213
5974,51,71,0.00065412885,6702.737106800079,107.46197891235352,4904.723969936371,213
5975,51,71,0.0008998504,6703.851139307022,107.47280788421631,4905.543081045151,213
5976,52,71,0.00032806312,6704.870181798935,107.47501683235168,4906.360844135284,213
5977,52,71,0.0005033205,6705.986775398254,107.48401379585266,4907.183217287064,213
5978,52,71,7.77057e-06,6707.109992265701,107.50665974617004,4908.011151313782,213
5979,52,71,0.0017399181,6708.2199919223785,107.51535677909851,4908.8283722400665,213
5980,52,71,0.0013314936,6709.336007833481,107.51721382141113,4909.645852327347,213
5981,52,71,0.00484092,6710.44679069519,107.5404896736145,4910.4668073654175,213
5982,52,71,0.058541913,6711.565418958664,107.54826259613037,4911.291023492813,213
5983,52,71,0.0010059518,6712.675167560577,107.55523943901062,4912.110171318054,213
5984,52,71,0.018827448,6713.798430919647,107.59825539588928,4912.925662994385,213
5985,52,71,8.5909895e-05,6714.923896551132,107.62474036216736,4913.748721837997,213
5986,52,71,0.0031394812,6716.0391438007355,107.62760019302368,4914.575080871582,213
5987,52,71,0.14073448,6717.165551662445,107.65323209762573,4915.3951988220215,213
5988,52,71,9.6422526e-05,6718.274473905563,107.66422510147095,4916.21274471283,213
5989,52,71,0.11977481,6719.391305923462,107.69706225395203,4917.026952981949,213
5990,52,71,0.0006438902,6720.506481170654,107.69881629943848,4917.844772100449,213
5991,52,71,0.00033172997,6721.624544143677,107.70055437088013,4918.669206380844,213
5992,52,71,0.00015468837,6722.73838353157,107.71629548072815,4919.4920954704285,213
5993,52,71,0.00045889526,6723.857793569565,107.72814559936523,4920.3168156147,213
5994,52,71,0.005035787,6724.976505756378,107.74997568130493,4921.1366765499115,213
5995,52,71,0.021223573,6726.092726945877,107.75694465637207,4921.9639637470245,213
5996,52,71,0.004100043,6727.213772535324,107.76152443885803,4922.787479877472,213
5997,52,71,0.0021009836,6728.32679772377,107.7799985408783,4923.605320930481,213
5998,52,71,0.010639774,6729.441086530685,107.8011155128479,4924.42368888855,213
5999,52,71,0.0005594511,6730.555923938751,107.80524849891663,4925.26090669632,213
6000,52,71,0.0002561314,6731.66902589798,107.81559944152832,4926.081823587418,213
6001,52,71,0.01289874,6732.778801202774,107.81774950027466,4926.892308712006,213
6002,52,71,0.00041416456,6733.8950073719025,107.83086252212524,4927.719079732895,213
6003,52,71,0.00046373662,6735.023447751999,107.84827256202698,4928.540660858154,213
6004,52,71,0.0034398802,6736.140424489975,107.85042333602905,4929.365834951401,213
6005,52,71,0.0033598684,6737.263695001602,107.87604236602783,4930.185945987701,213
6006,52,71,0.0019189683,6738.3900718688965,107.8780255317688,4931.005084037781,213
6007,52,71,0.0013243328,6739.502559900284,107.89191555976868,4931.822831869125,213
6008,52,71,0.00047091677,6740.6070919036865,107.90422344207764,4932.638480186462,213
6009,52,71,0.0024210103,6741.727552890778,107.90940356254578,4933.451145410538,213
6010,52,71,7.428834e-05,6742.846576452255,107.92312359809875,4934.274334430695,213
6011,52,71,0.00041612008,6743.95757484436,107.94530653953552,4935.095126390457,213
6012,52,71,0.009240789,6745.077378749847,107.95417857170105,4935.91863822937,213
6013,52,71,0.0013402894,6746.197807312012,107.97667455673218,4936.738800287247,213
6014,52,71,0.00047135618,6747.324552536011,107.9788236618042,4937.558187007904,213
6015,52,71,0.0012463944,6748.428183794022,107.98768067359924,4938.378467082977,213
6016,52,71,0.003018958,6749.541780233383,107.98935174942017,4939.199652194977,213
6017,52,71,0.00030414667,6750.659389257431,107.99759483337402,4940.030230998993,213
6018,52,71,0.0011881805,6751.776252508163,108.02876996994019,4940.851521015167,213
6019,52,71,0.00013774181,6752.896143436432,108.04615616798401,4941.665860176086,213
6020,52,71,0.0007493356,6754.017797470093,108.05902528762817,4942.485442876816,213
6021,52,71,0.0010587465,6755.133250236511,108.07081341743469,4943.305624961853,213
6022,52,71,0.00045902393,6756.2538685798645,108.09349322319031,4944.12983584404,213
6023,52,71,0.00058826874,6757.36123418808,108.10376811027527,4944.945475816727,213
6024,52,71,0.06906748,6758.474686861038,108.11440324783325,4945.771554946899,213
6025,52,71,0.000476388,6759.594568014145,108.1163682937622,4946.599181652069,213
6026,52,71,0.0005465505,6760.718687534332,108.12885046005249,4947.428068637848,213
6027,52,71,7.206517e-05,6761.846846580505,108.15220141410828,4948.250051498413,213
6028,52,71,1.5058988e-05,6762.976343154907,108.1652364730835,4949.08137845993,213
6029,52,71,0.0008361508,6764.09344625473,108.17671251296997,4949.900972366333,213
6030,52,71,1.1409635e-05,6765.214526414871,108.1815915107727,4950.727096319199,213
6031,52,71,3.264456e-05,6766.328667640686,108.18355250358582,4951.552704334259,213
6032,52,71,0.1666196,6767.449169158936,108.2050564289093,4952.373191356659,213
6033,52,71,1.9493385e-05,6768.563139915466,108.22937822341919,4953.19158244133,213
6034,52,71,0.00010714807,6769.664838075638,108.23381018638611,4954.015409231186,213
6035,52,71,0.00013164639,6770.787731409073,108.23581719398499,4954.845139026642,213
6036,52,71,0.00086318975,6771.9082951545715,108.2820200920105,4955.656294822693,213
6037,52,71,0.00040353407,6773.032386779785,108.29967212677002,4956.472460985184,213
6038,52,71,0.00029052334,6774.157170057297,108.31725311279297,4957.2964968681335,213
6039,52,71,0.00045554133,6775.271778583527,108.31928730010986,4958.118771791458,213
6040,52,71,0.0004365595,6776.4033308029175,108.32554030418396,4958.950191736221,213
6041,52,71,0.00018273148,6777.520090579987,108.33279037475586,4959.7685697078705,213
6042,52,71,0.0013334693,6778.645694494247,108.3564863204956,4960.587518930435,213
6043,52,71,0.0012215753,6779.767286777496,108.37822723388672,4961.402423143387,213
6044,52,71,0.0032332356,6780.885033369064,108.38664627075195,4962.231828927994,213
6045,52,71,0.0010171805,6781.993649959564,108.38860416412354,4963.050208806992,213
6046,52,72,0.0016082275,6783.520137548447,108.81682300567627,4963.869916915894,213
6047,52,72,4.884665e-05,6784.647250413895,108.83667922019958,4964.697444677353,213
6048,52,72,8.7071785e-06,6785.766144752502,108.8617331981659,4965.520841598511,213
6049,52,72,0.00040148842,6786.8820540905,108.86407017707825,4966.346842288971,213
6050,52,72,3.1062504e-05,6788.006917476654,108.86576318740845,4967.169123411179,213
6051,52,72,0.00011731373,6789.1221261024475,108.86769223213196,4967.985508441925,213
6052,52,72,3.959257e-05,6790.228315591812,108.88103032112122,4968.808070421219,213
6053,52,72,3.490369e-05,6791.342346191406,108.91010332107544,4969.632355213165,213
6054,52,72,0.00017314413,6792.462372779846,108.93454122543335,4970.450620889664,213
6055,52,72,0.00015709703,6793.574546337128,108.93735313415527,4971.27588391304,213
6056,52,72,0.0009836198,6794.688616037369,108.94425225257874,4972.094251871109,213
6057,52,72,0.021169724,6795.8022747039795,108.94675707817078,4972.917528867722,213
6058,52,72,0.000287377,6796.911957979202,108.96610689163208,4973.740600824356,213
6059,52,72,3.1401265e-05,6798.021007299423,108.98033785820007,4974.559844970703,213
6060,52,72,0.00014791425,6799.142276763916,109.01170873641968,4975.379571914673,213
6061,52,72,3.171203e-05,6800.258259296417,109.01372265815735,4976.205577850342,213
6062,52,72,0.0010162138,6801.373016357422,109.02695560455322,4977.02335691452,213
6063,52,72,5.3497308e-05,6802.481520414352,109.03342938423157,4977.840026855469,213
6064,52,72,0.00026524084,6803.596006631851,109.04837536811829,4978.655488014221,213
6065,52,72,2.9683717e-05,6804.723111152649,109.0745062828064,4979.478183031082,213
6066,52,72,0.00029910222,6805.839239358902,109.08680725097656,4980.300149202347,213
6067,52,72,0.0010286875,6806.965694904327,109.11200737953186,4981.111256361008,213
6068,52,72,0.00058538123,6808.082610845566,109.11707925796509,4981.9438354969025,213
6069,52,72,0.00013388769,6809.200751543045,109.11903715133667,4982.769994497299,213
6070,52,72,0.04868528,6810.320996999741,109.1374523639679,4983.590593576431,213
6071,52,72,1.8758394e-05,6811.43850851059,109.14952349662781,4984.40723657608,213
6072,52,72,0.00022446629,6812.544860363007,109.15466952323914,4985.230687618256,213
6073,52,72,4.98723e-05,6813.6579682827,109.15646958351135,4986.052306890488,213
6074,52,72,2.5589881e-05,6814.769177436829,109.15842151641846,4986.875887870789,213
6075,52,72,4.2264553e-05,6815.874749422073,109.16862535476685,4987.6941866874695,213
6076,52,72,0.00204224,6816.9786994457245,109.17838835716248,4988.513570547104,213
6077,52,72,4.04535e-06,6818.103960990906,109.18030738830566,4989.335848808289,213
6078,52,72,0.00010446733,6819.223808050156,109.18542838096619,4990.161609649658,213
6079,52,72,0.0028044675,6820.330744981766,109.20278835296631,4990.981570005417,213
6080,52,72,2.804433e-05,6821.45469045639,109.2419183254242,4991.801208972931,213
6081,52,72,2.0689096e-05,6822.58039522171,109.24404239654541,4992.632753133774,213
6082,52,72,0.00036392864,6823.692114830017,109.24612641334534,4993.4602081775665,213
6083,52,72,0.01012341,6824.803761482239,109.25908923149109,4994.27535033226,213
6084,52,72,0.00022828576,6825.920222759247,109.28614616394043,4995.092085361481,213
6085,52,72,0.006082894,6827.035790920258,109.28808331489563,4995.917944431305,213
6086,52,72,1.4124202e-05,6828.15978884697,109.29759550094604,4996.742416143417,213
6087,52,72,8.726248e-05,6829.273374080658,109.31614565849304,4997.573120832443,213
6088,52,72,3.080712e-06,6830.399465084076,109.32917165756226,4998.39205956459,213
6089,52,72,7.404601e-05,6831.521900653839,109.34400081634521,4999.208048582077,213
6090,52,72,0.00036347695,6832.638465166092,109.35582399368286,5000.028706789017,213
6091,52,72,0.0007467998,6833.761271953583,109.37672400474548,5000.854552745819,213
6092,52,72,2.780622e-05,6834.8728041648865,109.38686800003052,5001.676710605621,213
6093,53,72,3.9732142e-05,6835.890894174576,109.38925004005432,5002.4900505542755,213
6094,53,72,0.00020469297,6837.01220703125,109.41558313369751,5003.306517839432,213
6095,53,72,0.00093031226,6838.135602712631,109.41774129867554,5004.128296613693,213
6096,53,72,0.00033611298,6839.259859085083,109.44234609603882,5004.944867610931,213
6097,53,72,0.00018877683,6840.375821113586,109.44878506660461,5005.767898321152,213
6098,53,72,0.0006003671,6841.489789247513,109.46151924133301,5006.584618330002,213
6099,53,72,0.00027052464,6842.607076883316,109.46316432952881,5007.401835203171,213
6100,53,72,9.3722065e-06,6843.714826345444,109.47361850738525,5008.224119186401,213
6101,53,72,3.309465e-05,6844.820933818817,109.49458456039429,5009.0354652404785,213
6102,53,72,3.1188127e-05,6845.9304049015045,109.50461864471436,5009.851847171783,213
6103,53,72,3.2724878e-05,6847.047914266586,109.50657868385315,5010.675290107727,213
6104,53,72,9.446827e-06,6848.170250415802,109.53405952453613,5011.4959881305695,213
6105,53,72,7.922506e-05,6849.29675412178,109.56447839736938,5012.319808006287,213
6106,53,72,0.0002618802,6850.409469366074,109.58552432060242,5013.142539978027,213
6107,53,72,2.2843513e-05,6851.531995534897,109.59843015670776,5013.9699177742,213
6108,53,72,0.00017075079,6852.662537097931,109.61929631233215,5014.78892159462,213
6109,53,72,1.9238045e-05,6853.792190074921,109.65776228904724,5015.612432718277,213
6110,53,72,0.000109744156,6854.911342382431,109.67326331138611,5016.436370611191,213
6111,53,72,1.4880838e-05,6856.0186150074005,109.67628026008606,5017.250921726227,213
6112,53,72,0.00097314856,6857.133441925049,109.6799852848053,5018.074118614197,213
6113,53,72,0.0003333734,6858.237510919571,109.68188428878784,5018.896136522293,213
6114,53,72,0.00013776984,6859.346802473068,109.68381333351135,5019.715569496155,213
6115,53,72,8.0626574e-05,6860.471424341202,109.70773124694824,5020.542185306549,213
6116,53,72,0.00013083071,6861.58776974678,109.72786331176758,5021.357470273972,213
6117,53,72,8.946099e-05,6862.702016592026,109.7297511100769,5022.179932355881,213
6118,53,72,0.00015463046,6863.8070340156555,109.73834705352783,5023.0006811618805,213
6119,53,72,1.2123392e-05,6864.929518699646,109.76184511184692,5023.823906183243,213
6120,53,72,6.658641e-05,6866.058568239212,109.76388192176819,5024.649562120438,213
6121,53,72,9.3513605e-05,6867.171293735504,109.7745590209961,5025.465941905975,213
6122,53,72,5.420526e-05,6868.283371925354,109.77719187736511,5026.286910772324,213
6123,53,72,2.9298091e-05,6869.392451763153,109.7870819568634,5027.118327856064,213
6124,53,72,0.0045981985,6870.5052654743195,109.80652189254761,5027.934006929398,213
6125,53,72,2.7472718e-06,6871.628311157227,109.82638096809387,5028.753018856049,213
6126,53,72,0.00022719888,6872.75106716156,109.8357720375061,5029.574198007584,213
6127,53,72,6.6694975e-06,6873.871864795685,109.8493709564209,5030.399318695068,213
6128,53,72,0.0001245186,6874.9993579387665,109.85607600212097,5031.227667808533,213
6129,53,72,1.4649444e-05,6876.113887548447,109.85819506645203,5032.052190065384,213
6130,53,72,1.781327e-05,6877.232992887497,109.87275505065918,5032.875855207443,213
6131,53,72,4.7957954e-05,6878.342895269394,109.8859269618988,5033.69234919548,213
6132,53,72,1.4232888e-05,6879.455660104752,109.89739394187927,5034.5182411670685,213
6133,53,72,3.7046086e-06,6880.573085784912,109.92304587364197,5035.339826107025,213
6134,53,72,7.61188e-05,6881.683208942413,109.94964003562927,5036.162775039673,213
6135,53,72,1.820919e-05,6882.799510478973,109.95650100708008,5036.980527877808,213
6136,53,72,3.6898227e-06,6883.9113664627075,109.95843005180359,5037.805828094482,213
6137,53,72,6.3294494e-05,6885.037389993668,109.97721219062805,5038.622588157654,213
6138,53,72,2.6624439e-05,6886.163042545319,109.98944520950317,5039.436230182648,213
6139,53,72,0.00012675421,6887.280124425888,109.99582123756409,5040.252988100052,213
6140,53,72,1.4709169e-05,6888.400603294373,110.02251815795898,5041.0775492191315,213
6141,53,72,0.0001538525,6889.530168056488,110.04150104522705,5041.903237104416,213
6142,53,72,2.816887e-05,6890.649473428726,110.0433201789856,5042.726040363312,213
6143,53,72,4.135201e-05,6891.776744365692,110.05292320251465,5043.545208454132,213
6144,53,72,2.7528564e-05,6892.894102573395,110.07068419456482,5044.366122484207,213
6145,53,72,4.5918234e-05,6894.052468776703,110.11679220199585,5045.191066503525,213
6146,53,72,2.8211725e-05,6895.182183742523,110.12039804458618,5046.015385389328,213
6147,53,72,0.00013236585,6896.292654037476,110.12783288955688,5046.835443496704,213
6148,53,72,1.4051725e-05,6897.414610385895,110.14425587654114,5047.657118558884,213
6149,53,72,5.0215203e-05,6898.532644033432,110.15447688102722,5048.480915546417,213
6150,53,72,0.0017268151,6899.640931606293,110.15650200843811,5049.302348613739,213
6151,53,72,5.1595083e-07,6900.763427972794,110.16986513137817,5050.120386600494,213
6152,53,72,1.910508e-05,6901.875309228897,110.17528295516968,5050.947023391724,213
6153,53,72,1.487424e-05,6903.011955499649,110.17716193199158,5051.7825536727905,213
6154,53,72,0.00016588075,6904.129280328751,110.18342590332031,5052.6058876514435,213
6155,53,72,0.000108313754,6905.241821050644,110.1854088306427,5053.437199831009,213
6156,53,72,1.6324604e-05,6906.359761476517,110.18981575965881,5054.264136791229,213
6157,53,72,0.00068950385,6907.483733892441,110.19724893569946,5055.101268768311,213
6158,53,72,2.3465358e-05,6908.6039254665375,110.20376682281494,5055.9274916648865,213
6159,53,73,7.50532e-06,6910.122682332993,110.61332154273987,5056.745618581772,213
6160,53,73,5.354113e-05,6911.2351615428925,110.61500263214111,5057.566794395447,213
6161,53,73,0.0009971932,6912.353337049484,110.62878155708313,5058.39044547081,213
6162,53,73,1.6812653e-05,6913.475400209427,110.64405655860901,5059.216141700745,213
6163,53,73,0.0004410028,6914.585733175278,110.652099609375,5060.032359600067,213
6164,53,73,7.582097e-06,6915.708855390549,110.67134857177734,5060.853688716888,213
6165,53,73,3.1023315e-05,6916.82679605484,110.67338156700134,5061.677199840546,213
6166,53,73,7.9717356e-05,6917.947085380554,110.69772958755493,5062.4930827617645,213
6167,53,73,0.0005151873,6919.060430526733,110.69984865188599,5063.309659004211,213
6168,53,73,9.320975e-06,6920.184906959534,110.72202372550964,5064.132995843887,213
6169,53,73,1.6285052e-05,6921.314737319946,110.76020073890686,5064.952023029327,213
6170,53,73,2.1595868e-05,6922.427481651306,110.76222562789917,5065.775243997574,213
6171,53,73,1.2356987e-05,6923.537906885147,110.76417469978333,5066.597847938538,213
6172,53,73,1.1035468e-05,6924.652565002441,110.77767872810364,5067.416707992554,213
6173,53,73,0.0015149938,6925.77138543129,110.79849672317505,5068.244960784912,213
6174,53,73,2.8423678e-05,6926.88639998436,110.81506776809692,5069.068495750427,213
6175,53,73,0.00031670733,6928.00621008873,110.82225275039673,5069.8900718688965,213
6176,53,73,2.2761137e-06,6929.124242544174,110.82397890090942,5070.713774681091,213
6177,53,73,4.1507228e-05,6930.2421979904175,110.85206604003906,5071.530699729919,213
6178,53,73,8.622706e-05,6931.359470129013,110.8790991306305,5072.346330881119,213
6179,53,73,3.4740347e-05,6932.465729236603,110.88106513023376,5073.168735742569,213
6180,53,73,3.429453e-05,6933.585030794144,110.9114830493927,5073.988651752472,213
6181,53,73,0.0032466704,6934.7081072330475,110.93674516677856,5074.812210559845,213
6182,53,73,0.00044066028,6935.822854757309,110.95169520378113,5075.639254570007,213
6183,53,73,3.0255565e-05,6936.9390325546265,110.96083116531372,5076.465265512466,213
6184,53,73,4.1865904e-05,6938.054607629776,110.98279428482056,5077.276999473572,213
6185,53,73,3.259185e-05,6939.169329404831,110.98961520195007,5078.100698471069,213
6186,53,73,6.4160713e-06,6940.292703151703,111.00886726379395,5078.924509525299,213
6187,53,73,7.45739e-06,6941.409185171127,111.02657628059387,5079.7445957660675,213
6188,53,73,0.00025941114,6942.526440858841,111.02849316596985,5080.570327997208,213
6189,53,73,6.543233e-06,6943.649005651474,111.03063011169434,5081.387769937515,213
6190,53,73,0.00041746185,6944.770622014999,111.0405433177948,5082.202650785446,213
6191,53,73,1.4708735e-05,6945.898413658142,111.06869626045227,5083.026590585709,213
6192,53,73,3.2669313e-06,6947.008355855942,111.08772921562195,5083.840398550034,213
6193,53,73,2.6597756e-06,6948.144818305969,111.11700224876404,5084.661905765533,213
6194,53,73,4.3876455e-05,6949.271556854248,111.11886930465698,5085.4895849227905,213
6195,53,73,0.00077927375,6950.385448694229,111.14205837249756,5086.310394048691,213
6196,53,73,0.00015478657,6951.498428106308,111.17463636398315,5087.131175041199,213
6197,53,73,0.00014638057,6952.616455554962,111.18802833557129,5087.961027145386,213
6198,53,73,0.00012741232,6953.728684902191,111.20066428184509,5088.792083263397,213
6199,53,73,9.848416e-05,6954.846158027649,111.22668123245239,5089.617206096649,213
6200,53,73,5.534413e-05,6955.972844839096,111.25510239601135,5090.44505405426,213
6201,53,73,6.547074e-05,6957.079628229141,111.28323245048523,5091.259590148926,213
6202,53,73,6.080798e-06,6958.190877199173,111.30928444862366,5092.078197956085,213
6203,53,73,0.010877296,6959.302503347397,111.31132555007935,5092.900589704514,213
6204,53,73,1.2855163e-05,6960.412765264511,111.31794571876526,5093.715730905533,213
6205,53,73,6.9081493e-06,6961.534767866135,111.32898569107056,5094.544715881348,213
6206,53,73,5.0332434e-05,6962.654829978943,111.34393668174744,5095.3707847595215,213
6207,53,73,3.437503e-05,6963.770290374756,111.35631155967712,5096.190376520157,213
6208,53,73,0.020084234,6964.887580871582,111.37626242637634,5097.008086442947,213
6209,53,73,5.8610796e-05,6966.006210803986,111.37824630737305,5097.839511156082,213
6210,54,73,2.7128848e-05,6967.019644498825,111.38047814369202,5098.653519153595,213
6211,54,73,3.9286013e-05,6968.134867429733,111.39122295379639,5099.470329046249,213
6212,54,73,4.3058244e-05,6969.244023799896,111.40340685844421,5100.296481847763,213
6213,54,73,9.091073e-05,6970.354075670242,111.40992069244385,5101.119318008423,213
6214,54,73,0.0007668075,6971.489338874817,111.44281268119812,5101.93997502327,213
6215,54,73,2.2798176e-06,6972.601016044617,111.4453067779541,5102.756683111191,213
6216,54,73,9.563791e-06,6973.731899261475,111.49511575698853,5103.572646379471,213
6217,54,73,0.00014180926,6974.848925352097,111.53338670730591,5104.395465373993,213
6218,54,73,6.0400358e-05,6975.959657907486,111.54430055618286,5105.221031427383,213
6219,54,73,2.8823366e-05,6977.07793545723,111.56968259811401,5106.04057431221,213
6220,54,73,4.509213e-06,6978.192550897598,111.57251453399658,5106.863301992416,213
6221,54,73,0.00015491583,6979.319246053696,111.60656952857971,5107.6779589653015,213
6222,54,73,0.00024589698,6980.4319570064545,111.62488842010498,5108.494926929474,213
6223,54,73,1.48213585e-05,6981.5469880104065,111.6268253326416,5109.322042942047,213
6224,54,73,6.769913e-05,6982.669106960297,111.67239546775818,5110.143340826035,213
6225,54,73,4.9592396e-05,6983.784741640091,111.68144655227661,5110.967400789261,213
6226,54,73,0.05891528,6984.903564929962,111.69992256164551,5111.789856672287,213
6227,54,73,0.022840338,6986.017824649811,111.71920657157898,5112.608031749725,213
6228,54,73,0.00088637933,6987.149760246277,111.73777365684509,5113.432117700577,213
6229,54,73,4.748405e-05,6988.2623698711395,111.73983263969421,5114.251374721527,213
6230,54,73,0.0003261397,6989.392423391342,111.74198365211487,5115.0867438316345,213
6231,54,73,4.758573e-06,6990.50590801239,111.76614880561829,5115.90465092659,213
6232,54,73,1.929644e-06,6991.621976852417,111.77787280082703,5116.726561784744,213
6233,54,73,2.1539541e-05,6992.734700202942,111.78600668907166,5117.549089670181,213
6234,54,73,0.086035386,6993.872036457062,111.82592487335205,5118.366008520126,213
6235,54,74,3.339399e-05,6995.367278814316,112.19579982757568,5119.185843467712,213
6236,54,74,1.4340765e-05,6996.500099897385,112.19968295097351,5120.00661945343,213
6237,54,74,2.6066973e-05,6997.622503042221,112.22520995140076,5120.828249454498,213
6238,54,74,4.3287953e-05,6998.739099025726,112.22711086273193,5121.656827449799,213
6239,54,74,1.746637e-05,6999.852356433868,112.23315787315369,5122.483106374741,213
6240,54,74,6.144918e-05,7000.967498779297,112.25036597251892,5123.308777332306,213
6241,54,74,2.8770202e-05,7002.089154720306,112.2756679058075,5124.13615322113,213
6242,54,74,9.523022e-06,7003.197746992111,112.28708386421204,5124.95000743866,213
6243,54,74,4.0726896e-05,7004.313548326492,112.31120181083679,5125.764864206314,213
6244,54,74,0.0008373061,7005.419037103653,112.31361675262451,5126.593163251877,213
6245,54,74,0.026451344,7006.533807516098,112.31561279296875,5127.4188442230225,213
6246,54,74,0.00045541232,7007.653220176697,112.34534096717834,5128.23677110672,213
6247,54,74,3.3485478e-05,7008.768675804138,112.35626697540283,5129.068259239197,213
6248,54,74,0.0073243165,7009.880966901779,112.37147378921509,5129.883493185043,213
6249,54,74,0.02377397,7010.996790885925,112.39028692245483,5130.71360039711,213
6250,54,74,0.00371064,7012.108541965485,112.39920783042908,5131.5295333862305,213
6251,54,74,0.00035679693,7013.223647117615,112.40926480293274,5132.346740484238,213
6252,54,74,0.00077448564,7014.327476024628,112.41131472587585,5133.168358325958,213
6253,54,74,1.34600605e-05,7015.453167676926,112.42138171195984,5133.994885444641,213
6254,54,74,9.8896824e-05,7016.569321393967,112.42508292198181,5134.818861484528,213
6255,54,74,0.00020331648,7017.692097902298,112.44228506088257,5135.648023605347,213
6256,54,74,0.0026168008,7018.820322751999,112.47387409210205,5136.469547748566,213
6257,54,74,5.141476e-05,7019.955556154251,112.50733709335327,5137.291496753693,213
6258,54,74,6.73841e-05,7021.082769155502,112.5094211101532,5138.119299650192,213
6259,54,74,0.00019819992,7022.201965093613,112.5259850025177,5138.942624807358,213
6260,54,74,0.0007983926,7023.329966783524,112.56022000312805,5139.762331008911,213
6261,54,74,4.5198638e-05,7024.441175460815,112.57796692848206,5140.589313983917,213
6262,54,74,6.513049e-05,7025.558515787125,112.59417581558228,5141.412486791611,213
6263,54,74,4.3892986e-05,7026.666085481644,112.59915900230408,5142.237372875214,213
6264,54,74,4.4666158e-05,7027.778757572174,112.62414002418518,5143.059233903885,213
6265,54,74,0.0010804049,7028.881640195847,112.62625408172607,5143.8765070438385,213
6266,54,74,8.614246e-06,7029.9991154670715,112.62815499305725,5144.697973012924,213
6267,54,74,7.389585e-05,7031.106815576553,112.64529299736023,5145.518963336945,213
6268,54,74,0.0001713508,7032.217784643173,112.6470239162445,5146.343351364136,213
6269,54,74,0.0001306205,7033.331499099731,112.65156888961792,5147.161825656891,213
6270,54,74,4.783091e-05,7034.439462184906,112.65337800979614,5147.9801506996155,213
6271,54,74,0.00060940837,7035.5511302948,112.65533185005188,5148.801705598831,213
6272,54,74,0.00014472789,7036.665067911148,112.65859484672546,5149.623757600784,213
6273,54,74,0.0053020366,7037.771924734116,112.66042590141296,5150.444068670273,213
6274,54,74,0.0019246582,7038.902169942856,112.66241073608398,5151.274009943008,213
6275,54,74,7.001723e-05,7040.017691373825,112.6803777217865,5152.092281103134,213
6276,54,74,0.00029655898,7041.132701873779,112.68257975578308,5152.918107032776,213
6277,54,74,0.0006181691,7042.24293756485,112.68456554412842,5153.745498895645,213
6278,54,74,2.1034879e-05,7043.364440917969,112.7011866569519,5154.566970825195,213
6279,54,74,0.0005105178,7044.482036113739,112.72286057472229,5155.390544891357,213
6280,54,74,9.7736156e-05,7045.600930929184,112.72480654716492,5156.222551584244,213
6281,54,74,3.2154618e-05,7046.712327003479,112.72989153862,5157.046075582504,213
6282,54,74,3.2839722e-05,7047.833534240723,112.73188638687134,5157.869013547897,213
6283,54,74,3.6785889e-06,7048.945104598999,112.74887037277222,5158.68356347084,213
6284,54,74,4.20225e-05,7050.0613787174225,112.76610326766968,5159.505611419678,213
6285,54,74,9.458407e-05,7051.180412054062,112.7804913520813,5160.324553489685,213
6286,54,74,0.0013435312,7052.297315835953,112.80640935897827,5161.146530628204,213
6287,54,74,0.0014764213,7053.406108379364,112.8171055316925,5161.964247703552,213
6288,54,74,0.0023424355,7054.522214412689,112.83135461807251,5162.7855587005615,213
6289,54,74,0.00020668446,7055.636463165283,112.8333694934845,5163.614485502243,213
6290,54,74,7.826326e-05,7056.761291265488,112.84973955154419,5164.4391305446625,213
6291,54,74,0.00026791586,7057.881636857986,112.88405752182007,5165.255543470383,213
6292,54,74,4.728975e-05,7059.0036725997925,112.89383459091187,5166.0790474414825,213
6293,54,74,3.5293677e-05,7060.105219125748,112.90486574172974,5166.899886369705,213
6294,54,74,6.826025e-06,7061.222689628601,112.92716264724731,5167.726506471634,213
6295,54,74,1.4285125e-05,7062.33141708374,112.93334579467773,5168.549486160278,213
6296,54,74,5.201882e-06,7063.44881439209,112.9355058670044,5169.375799179077,213
6297,54,74,7.359364e-05,7064.560097932816,112.95899200439453,5170.195604085922,213
6298,54,74,0.0002823147,7065.675988197327,112.96079683303833,5171.026210069656,213
6299,54,74,3.4866032e-06,7066.795722961426,112.97831678390503,5171.841601133347,213
6300,54,74,0.001748723,7067.925332307816,112.98026275634766,5172.667728185654,213
6301,54,74,0.0006945821,7069.051608324051,112.98242568969727,5173.486135959625,213
6302,54,74,2.8230766e-05,7070.161795377731,112.99129176139832,5174.303620100021,213
6303,54,74,6.6919283e-06,7071.268652915955,112.99508166313171,5175.12690615654,213
6304,54,74,8.5308784e-07,7072.374824285507,113.00530481338501,5175.953288078308,213
6305,54,74,0.0002532115,7073.490480422974,113.03511166572571,5176.770272016525,213
6306,54,74,0.0012989448,7074.6023688316345,113.04725170135498,5177.592524766922,213
6307,54,74,5.009785e-05,7075.7215831279755,113.05492377281189,5178.411589622498,213
6308,54,74,0.002063243,7076.840855836868,113.05695271492004,5179.234144687653,213
6309,54,74,1.2611753e-05,7077.9595682621,113.07945656776428,5180.051597595215,213
6310,54,74,0.00017833333,7079.077795982361,113.10868453979492,5180.871681690216,213
6311,54,74,1.0803255e-05,7080.185552358627,113.1134774684906,5181.689165592194,213
6312,54,75,2.7492553e-05,7081.685102701187,113.52828359603882,5182.502419471741,213
6313,54,75,0.0017452469,7082.803436040878,113.53013062477112,5183.322903394699,213
6314,54,75,0.00044103875,7083.923989057541,113.54364562034607,5184.138165473938,213
6315,54,75,0.0012990577,7085.047044754028,113.57111358642578,5184.9622502326965,213
6316,54,75,0.00062280137,7086.159563064575,113.57793068885803,5185.781772136688,213
6317,54,75,0.00034395015,7087.272602558136,113.58037757873535,5186.6097502708435,213
6318,54,75,3.406822e-05,7088.379935979843,113.58249473571777,5187.430949211121,213
6319,54,75,0.00014334472,7089.498903274536,113.59807276725769,5188.2557463645935,213
6320,54,75,0.00022849435,7090.626501083374,113.6137866973877,5189.085104465485,213
6321,54,75,3.877755e-06,7091.736678361893,113.64228653907776,5189.90310049057,213
6322,54,75,0.00050835765,7092.860589981079,113.64441156387329,5190.731075763702,213
6323,54,75,0.00023381978,7093.974831104279,113.65487170219421,5191.552584648132,213
6324,54,75,0.0008025338,7095.0990245342255,113.67059779167175,5192.377922534943,213
6325,54,75,3.4879282e-05,7096.220077991486,113.68335485458374,5193.204819440842,213
6326,54,75,1.2793376e-05,7097.329468250275,113.68545174598694,5194.024377822876,213
6327,55,75,3.9333172e-05,7098.3609454631805,113.68788480758667,5194.8421058654785,213
6328,55,75,0.0004004512,7099.472995758057,113.69455695152283,5195.66650891304,213
6329,55,75,0.00013961614,7100.581813573837,113.69889783859253,5196.492296934128,213
6330,55,75,3.970841e-06,7101.697519540787,113.71605467796326,5197.31210231781,213
6331,55,75,2.8042701e-05,7102.806218624115,113.73284983634949,5198.127423286438,213
6332,55,75,4.0655515e-05,7103.927560806274,113.74791502952576,5198.947823047638,213
6333,55,75,0.00011643115,7105.039824485779,113.75130295753479,5199.772361040115,213
6334,55,75,9.203346e-05,7106.148374795914,113.76361274719238,5200.590296030045,213
6335,55,75,0.00031663745,7107.264095067978,113.77401185035706,5201.414309024811,213
6336,55,75,2.6057858e-06,7108.386950969696,113.7912929058075,5202.237654924393,213
6337,55,75,2.8591563e-05,7109.502666473389,113.7931809425354,5203.066530942917,213
6338,55,75,0.0022390448,7110.63498878479,113.83341979980469,5203.883430957794,213
6339,55,75,7.9502955e-05,7111.751355409622,113.85197877883911,5204.707097053528,213
6340,55,75,5.684218e-05,7112.875878095627,113.87650275230408,5205.522967100143,213
6341,55,75,0.00015615317,7114.011234283447,113.88254475593567,5206.344514131546,213
6342,55,75,5.928463e-06,7115.128051519394,113.88653779029846,5207.170153141022,213
6343,55,75,3.343343e-06,7116.249973535538,113.89299297332764,5207.986323833466,213
6344,55,75,1.618662e-05,7117.366297960281,113.9086229801178,5208.812196731567,213
6345,55,75,1.6087706e-05,7118.484253406525,113.91065311431885,5209.631101608276,213
6346,55,75,2.971357e-05,7119.609755754471,113.92839312553406,5210.4517867565155,213
6347,55,75,0.00020495815,7120.722848892212,113.95065307617188,5211.265823841095,213
6348,55,75,7.839362e-06,7121.837463140488,113.95256090164185,5212.089044809341,213
6349,55,75,0.00030788235,7122.95681977272,113.9547209739685,5212.912146806717,213
6350,55,75,0.00040969253,7124.081970453262,113.97401285171509,5213.735044956207,213
6351,55,75,0.00087392237,7125.202275514603,113.98599982261658,5214.5601642131805,213
6352,55,75,1.5431413e-05,7126.318533658981,113.98835802078247,5215.3833091259,213
6353,55,75,0.00026125764,7127.434221029282,114.0040020942688,5216.206105232239,213
6354,55,75,0.0005729021,7128.554204940796,114.01166129112244,5217.030946969986,213
6355,55,75,6.521635e-05,7129.661026239395,114.02753925323486,5217.856908082962,213
6356,55,75,5.6588146e-05,7130.769969701767,114.02948045730591,5218.678514003754,213
6357,55,75,0.0007304889,7131.895337104797,114.04615449905396,5219.508066892624,213
6358,55,75,0.0005390549,7133.015892505646,114.0598373413086,5220.324853658676,213
6359,55,75,2.7491392e-06,7134.122819662094,114.06717324256897,5221.146854400635,213
6360,55,75,9.354173e-06,7135.228170633316,114.07185816764832,5221.969133377075,213
6361,55,75,0.00010876203,7136.348739862442,114.07373714447021,5222.791559457779,213
6362,55,75,0.0009454772,7137.466917276382,114.10722327232361,5223.612168550491,213
6363,55,75,3.459797e-05,7138.59973859787,114.13979411125183,5224.440383672714,213
6364,55,75,2.536329e-05,7139.729523658752,114.17327904701233,5225.2552444934845,213
6365,55,75,5.7217003e-06,7140.832628488541,114.1783618927002,5226.0746693611145,213
6366,55,75,5.6761037e-05,7141.944901704788,114.1803138256073,5226.896102190018,213
6367,55,75,2.3785283e-06,7143.060180425644,114.18663001060486,5227.726917266846,213
6368,55,75,0.00054345746,7144.175477743149,114.19251108169556,5228.543653249741,213
6369,55,75,1.9482602e-06,7145.305512666702,114.20348525047302,5229.371430158615,213
6370,55,75,0.00012057174,7146.418914556503,114.215496301651,5230.184932947159,213
6371,55,75,4.3153075e-05,7147.5289561748505,114.22708344459534,5231.018997907639,213
6372,55,75,9.1269484e-08,7148.6549327373505,114.2489824295044,5231.843394994736,213
6373,55,75,4.041809e-05,7149.7856385707855,114.28916239738464,5232.660958766937,213
6374,55,75,3.3600863e-06,7150.900882720947,114.30852150917053,5233.488472700119,213
6375,55,75,1.0070591e-05,7152.024388074875,114.31439352035522,5234.314948797226,213
6376,55,75,4.952437e-06,7153.137468099594,114.31692266464233,5235.140559673309,213
6377,55,75,5.359639e-05,7154.259099245071,114.31901955604553,5235.972555875778,213
6378,55,75,3.5390104e-07,7155.381212234497,114.32344961166382,5236.803400039673,213
6379,55,75,2.8833605e-05,7156.511562585831,114.341712474823,5237.628428936005,213
6380,55,75,0.0002514366,7157.629110336304,114.34974455833435,5238.449395656586,213
6381,55,75,4.0472287e-06,7158.743998765945,114.35482668876648,5239.273478507996,213
6382,55,75,3.9440944e-05,7159.859092235565,114.35664176940918,5240.099677324295,213
6383,55,75,6.322386e-05,7160.981729030609,114.3831627368927,5240.923209428787,213
6384,55,75,1.795359e-05,7162.096515417099,114.38599872589111,5241.744759321213,213
6385,55,75,8.9936675e-06,7163.21484541893,114.40626764297485,5242.56161403656,213
6386,55,75,3.322836e-06,7164.318466663361,114.40901160240173,5243.386817932129,213
6387,55,75,4.417844e-06,7165.437118530273,114.42926359176636,5244.208532810211,213
6388,55,75,4.64857e-05,7166.557032823563,114.43113851547241,5245.0297837257385,213
6389,55,75,4.7933674e-05,7167.682424545288,114.450439453125,5245.852959871292,213
6390,55,75,2.247118e-05,7168.802034854889,114.47298455238342,5246.675448656082,213
6391,55,75,0.0019500754,7169.921079158783,114.49235343933105,5247.499876499176,213
6392,55,75,0.00013254593,7171.031622648239,114.49433541297913,5248.321758508682,213
6393,55,75,0.00027402557,7172.150892734528,114.52510237693787,5249.144235610962,213
6394,55,75,1.4728902e-05,7173.276702165604,114.53691530227661,5249.968670845032,213
6395,55,75,0.0008037207,7174.382156610489,114.54228639602661,5250.7893488407135,213
6396,55,75,4.319305e-06,7175.501049518585,114.57062458992004,5251.610488176346,213
6397,55,75,8.120112e-06,7176.63025188446,114.59353065490723,5252.439559221268,213
6398,55,75,5.820885e-05,7177.746728897095,114.59551763534546,5253.255000114441,213
6399,55,75,1.0280604e-05,7178.86444735527,114.60308957099915,5254.074340343475,213
6400,55,75,4.1957326e-05,7179.995522737503,114.61506962776184,5254.903616428375,213
6401,55,75,5.020035e-05,7181.1117441654205,114.62319779396057,5255.728019475937,213
6402,55,75,3.7949998e-05,7182.221981048584,114.64829277992249,5256.546169519424,213
6403,55,75,1.4139681e-05,7183.3345403671265,114.66113376617432,5257.360968589783,213
6404,55,75,1.3857948e-06,7184.457624197006,114.67860984802246,5258.184940576553,213
6405,55,75,1.6431844e-05,7185.5835745334625,114.69970178604126,5259.009064674377,213
6406,55,75,0.0005262143,7186.705820083618,114.70135188102722,5259.836372613907,213
6407,55,75,0.00014120917,7187.834506750107,114.72748398780823,5260.658620595932,213
6408,55,75,0.00054510246,7189.017959833145,114.81718897819519,5261.472729682922,213
6409,55,75,6.1197796e-05,7190.132224321365,114.82733106613159,5262.293080568314,213
6410,55,75,6.0075105e-05,7191.312171936035,114.8856201171875,5263.119223356247,213
6411,55,75,1.7398965e-05,7192.4746816158295,114.95843505859375,5263.937071323395,213
6412,55,75,7.205182e-06,7193.592264652252,114.96218013763428,5264.766943216324,213
6413,55,75,2.9447292e-06,7194.712605476379,114.99106431007385,5265.5794360637665,213
6414,55,75,3.4726203e-05,7195.826632261276,114.9948103427887,5266.400761127472,213
6415,55,75,0.0022842668,7196.940786361694,115.0112783908844,5267.226971149445,213
6416,55,75,7.1163777e-06,7198.065806627274,115.04124045372009,5268.045129060745,213
6417,55,75,1.329905e-06,7199.190285921097,115.04320764541626,5268.870237112045,213
6418,55,75,0.00030828844,7200.304094552994,115.04519176483154,5269.693559169769,213
6419,55,75,0.000117780095,7201.413007736206,115.06111478805542,5270.515162229538,213
6420,55,75,2.6653756e-06,7202.535670757294,115.06320667266846,5271.346227407455,213
6421,55,75,2.7997612e-05,7203.666939735413,115.08289670944214,5272.1660833358765,213
6422,55,75,3.000644e-06,7204.784208536148,115.09522461891174,5272.992111444473,213
6423,55,75,4.9743925e-05,7205.909373998642,115.09744048118591,5273.820942640305,213
6424,55,75,4.5745273e-06,7207.022410154343,115.10779237747192,5274.641102552414,213
6425,55,76,0.0018104584,7208.529296159744,115.49460744857788,5275.467780590057,213
6426,55,76,1.099377e-05,7209.634881258011,115.50505542755127,5276.29549241066,213
6427,55,76,3.144053e-06,7210.748009681702,115.51935052871704,5277.116443395615,213
6428,55,76,0.00016685043,7211.859281778336,115.52412343025208,5277.946227550507,213
6429,55,76,0.0043740305,7212.970970630646,115.5261595249176,5278.767692565918,213
6430,55,76,7.298751e-05,7214.089223623276,115.54408168792725,5279.594123601913,213
6431,55,76,2.6619968e-05,7215.197685003281,115.55198550224304,5280.417736530304,213
6432,55,76,0.0017806754,7216.314347028732,115.56517148017883,5281.238493442535,213
6433,55,76,7.2637515e-05,7217.433810949326,115.60432648658752,5282.055978298187,213
6434,55,76,0.00019490998,7218.548059225082,115.61516046524048,5282.879124403,213
6435,55,76,1.402324e-05,7219.6675724983215,115.61709666252136,5283.712168216705,213
6436,55,76,0.0010881149,7220.788543462753,115.6451187133789,5284.530715227127,213
6437,55,76,0.000764979,7221.902071714401,115.6633505821228,5285.357199907303,213
6438,55,76,2.3852115e-05,7223.019387483597,115.6653664112091,5286.176436662674,213
6439,55,76,0.00017162976,7224.136832952499,115.68067955970764,5286.999317646027,213
6440,55,76,0.000119069,7225.247027397156,115.68248343467712,5287.820131778717,213
6441,55,76,1.7974724e-05,7226.370118379593,115.71384143829346,5288.64500784874,213
6442,55,76,8.645462e-05,7227.486113071442,115.7185845375061,5289.469214916229,213
6443,55,76,0.00013388677,7228.6076538562775,115.72047638893127,5290.296197891235,213
6444,56,76,0.00040455372,7229.638507604599,115.7227234840393,5291.1170608997345,213
6445,56,76,4.3472603e-05,7230.752281904221,115.72459959983826,5291.9397559165955,213
6446,56,76,2.1364103e-06,7231.883167982101,115.77016854286194,5292.762341976166,213
6447,56,76,4.9319137e-06,7232.998332977295,115.78233456611633,5293.577662944794,213
6448,56,76,0.00019604756,7234.1120092868805,115.79920148849487,5294.395302057266,213
6449,56,76,2.9704257e-05,7235.225956439972,115.80125856399536,5295.2229170799255,213
6450,56,76,8.162205e-05,7236.331936597824,115.80313658714294,5296.0446610450745,213
6451,56,76,8.571876e-05,7237.442255496979,115.81976556777954,5296.867619276047,213
6452,56,76,3.5388293e-05,7238.554410934448,115.83411860466003,5297.689963102341,213
6453,56,76,3.113596e-05,7239.670867681503,115.8365306854248,5298.520508289337,213
6454,56,76,7.4490595e-06,7240.777002096176,115.84772872924805,5299.340633392334,213
6455,56,76,1.1790371e-06,7241.900436639786,115.87047863006592,5300.1621034145355,213
6456,56,76,4.4179087e-06,7243.004718542099,115.8744444847107,5300.990412473679,213
6457,56,76,1.51774675e-05,7244.117970705032,115.8765664100647,5301.815682172775,213
6458,56,76,0.000130002,7245.234972476959,115.89272451400757,5302.641010046005,213
6459,56,76,0.0010171949,7246.351541042328,115.89437246322632,5303.464871168137,213
6460,56,76,3.181256e-06,7247.480633974075,115.92679238319397,5304.2860543727875,213
6461,56,76,8.305245e-06,7248.604679107666,115.9418625831604,5305.11927318573,213
6462,56,76,7.870113e-05,7249.718700647354,115.96044373512268,5305.948189020157,213
6463,56,76,2.787599e-05,7250.839320421219,115.97151279449463,5306.775386810303,213
6464,56,76,0.00017830815,7251.9552092552185,115.99017977714539,5307.600919961929,213
6465,56,76,0.0008722696,7253.065684556961,115.9920928478241,5308.4252598285675,213
6466,56,76,4.8543352e-05,7254.179219961166,116.01457786560059,5309.242058992386,213
6467,56,76,1.6209231e-05,7255.307904481888,116.05116677284241,5310.058020114899,213
6468,56,76,3.8797603e-05,7256.417739391327,116.05308175086975,5310.883107185364,213
6469,56,76,3.6315054e-05,7257.532208681107,116.06851482391357,5311.7042372226715,213
6470,56,76,6.6060005e-05,7258.647427558899,116.07043480873108,5312.53412437439,213
6471,56,76,0.0001736074,7259.761291742325,116.07739973068237,5313.356334447861,213
6472,56,76,3.542547e-06,7260.90060544014,116.12329578399658,5314.171444416046,213
6473,56,76,1.7814355e-05,7262.004821300507,116.14578056335449,5314.986690282822,213
6474,56,76,6.2597646e-06,7263.120611190796,116.14784550666809,5315.815438985825,213
6475,56,76,0.00013395198,7264.241917133331,116.14977550506592,5316.635631799698,213
6476,56,76,8.253925e-05,7265.361052513123,116.16721153259277,5317.4487657547,213
6477,56,76,1.4682098e-05,7266.477077484131,116.16945147514343,5318.272714853287,213
6478,56,76,2.8746095e-05,7267.585059165955,116.1937415599823,5319.091727018356,213
6479,56,76,0.00017118323,7268.701808452606,116.19563961029053,5319.918585062027,213
6480,56,76,0.00015046672,7269.809787273407,116.20471167564392,5320.740399837494,213
6481,56,76,2.2052058e-05,7270.91041970253,116.21083378791809,5321.565452814102,213
6482,56,76,1.693026e-05,7272.027658700943,116.23313570022583,5322.384945869446,213
6483,56,76,1.1845625e-05,7273.132436275482,116.23518753051758,5323.205850839615,213
6484,56,76,7.0307e-06,7274.252114534378,116.23707962036133,5324.021973848343,213
6485,56,76,0.00018074502,7275.373661994934,116.24995756149292,5324.847042798996,213
6486,56,76,0.0036174061,7276.485702037811,116.25190162658691,5325.6678767204285,213
6487,56,76,0.00012964166,7277.601758718491,116.27899265289307,5326.487017869949,213
6488,56,76,1.7318163e-05,7278.714510202408,116.2810206413269,5327.306390047073,213
6489,56,76,7.3303154e-06,7279.838327884674,116.30153274536133,5328.134046077728,213
6490,56,76,1.967885e-05,7280.950453519821,116.30375576019287,5328.963819026947,213
6491,56,76,5.750202e-05,7282.068871021271,116.32059168815613,5329.787893772125,213
6492,56,76,4.5254594e-05,7283.187200307846,116.32250666618347,5330.6034898757935,213
6493,56,76,1.9259323e-06,7284.308403968811,116.3514416217804,5331.416905641556,213
6494,56,76,0.00043116658,7285.42494058609,116.36142182350159,5332.231994628906,213
6495,56,76,6.1633946e-05,7286.550584793091,116.36342692375183,5333.0596787929535,213
6496,56,76,1.9663385e-05,7287.666132450104,116.36543774604797,5333.879038572311,213
6497,56,76,3.932456e-05,7288.787654876709,116.38264584541321,5334.699351549149,213
6498,56,76,6.6677862e-06,7289.898419380188,116.39376187324524,5335.515729188919,213
6499,56,76,1.2159493e-05,7291.02533698082,116.4152979850769,5336.337034225464,213
6500,56,76,6.252567e-06,7292.135901927948,116.43256688117981,5337.15665435791,213
6501,56,76,5.587933e-08,7293.25837802887,116.44098472595215,5337.982930421829,213
6502,56,76,6.3921416e-06,7294.368887424469,116.44283962249756,5338.802304267883,213
6503,56,76,1.8650491e-05,7295.47724032402,116.44482946395874,5339.626689195633,213
6504,56,76,1.0142605e-05,7296.586453676224,116.44661045074463,5340.461454153061,213
6505,56,76,1.5590118e-05,7297.720747947693,116.48385834693909,5341.283406019211,213
6506,56,76,9.052249e-07,7298.832998275757,116.49275231361389,5342.101268291473,213
6507,56,76,5.5716388e-05,7299.956330776215,116.51335144042969,5342.922607183456,213
6508,56,76,0.0027728623,7301.067199230194,116.52877759933472,5343.741295337677,213
6509,56,76,3.35193e-05,7302.181696891785,116.54177975654602,5344.560802221298,213
6510,56,76,0.000112266156,7303.295771360397,116.56663775444031,5345.379766225815,213
6511,56,76,2.8702364e-06,7304.419206619263,116.58924269676208,5346.19700217247,213
6512,56,76,3.3488793e-06,7305.544749498367,116.60395073890686,5347.021318435669,213
6513,56,76,2.9204664e-06,7306.6559472084045,116.61588168144226,5347.844742536545,213
6514,56,76,6.2559748e-06,7307.791877031326,116.61800456047058,5348.675682783127,213
6515,56,76,2.5795675e-06,7308.920079469681,116.61988258361816,5349.507109880447,213
6516,56,76,6.156909e-05,7310.039859056473,116.64416360855103,5350.324378967285,213
6517,56,77,1.6835826e-05,7311.528659820557,117.00801253318787,5351.152824163437,213
6518,56,77,8.891022e-05,7312.6465973854065,117.016934633255,5351.97358417511,213
6519,56,77,0.00010015165,7313.7732656002045,117.01921558380127,5352.804747104645,213
6520,56,77,0.00016240383,7314.8998301029205,117.04196238517761,5353.634099960327,213
6521,56,77,0.000121334,7316.0134172439575,117.04912042617798,5354.44580411911,213
6522,56,77,0.0012461921,7317.123290777206,117.05254530906677,5355.267934083939,213
6523,56,77,0.00019797147,7318.238910675049,117.0599513053894,5356.089400053024,213
6524,56,77,0.00018952186,7319.372688770294,117.09478616714478,5356.91077876091,213
6525,56,77,6.790108e-06,7320.492835760117,117.09782218933105,5357.7332808971405,213
6526,56,77,0.0007843295,7321.604670286179,117.10773730278015,5358.555738925934,213
6527,56,77,1.124367e-05,7322.7183310985565,117.13880109786987,5359.372574806213,213
6528,56,77,0.00013212796,7323.845844745636,117.14083218574524,5360.196628808975,213
6529,56,77,0.000109434615,7324.968679666519,117.16434812545776,5361.012356758118,213
6530,56,77,5.648126e-05,7326.087195158005,117.18694996833801,5361.827947854996,213
6531,56,77,2.0907775e-05,7327.198335647583,117.19880294799805,5362.64997792244,213
6532,56,77,3.3400025e-05,7328.30427479744,117.20397281646729,5363.473745107651,213
6533,56,77,0.00040818352,7329.419671058655,117.21376371383667,5364.296912908554,213
6534,56,77,0.00017295363,7330.531240463257,117.22990369796753,5365.120872974396,213
6535,56,77,0.0003395586,7331.656617164612,117.25266480445862,5365.9475429058075,213
6536,56,77,7.9229485e-06,7332.765105485916,117.26268267631531,5366.769921779633,213
6537,56,77,5.8352052e-06,7333.874034881592,117.26448059082031,5367.592247724533,213
6538,56,77,0.00012703323,7334.993517875671,117.2771806716919,5368.415610790253,213
6539,56,77,8.851495e-06,7336.109055280685,117.28081369400024,5369.238384723663,213
6540,56,77,1.465872e-06,7337.233359575272,117.28538966178894,5370.066942930222,213
6541,56,77,2.1172305e-05,7338.346658229828,117.30232667922974,5370.887624979019,213
6542,56,77,0.00085381675,7339.453360557556,117.30961465835571,5371.712579011917,213
6543,56,77,0.00023863373,7340.568912744522,117.32187843322754,5372.534609079361,213
6544,56,77,0.0014713053,7341.684807777405,117.32389640808105,5373.357378959656,213
6545,56,77,1.1946269e-05,7342.79274559021,117.32882833480835,5374.1798532009125,213
6546,56,77,6.0931077e-05,7343.9090921878815,117.34803819656372,5375.005612373352,213
6547,56,77,1.4789152e-06,7345.024624586105,117.35674118995667,5375.826661348343,213
6548,56,77,0.00019239762,7346.132189035416,117.37255120277405,5376.64569735527,213
6549,56,77,2.296139e-05,7347.247396945953,117.39298224449158,5377.462736368179,213
6550,56,77,2.1279307e-05,7348.365900039673,117.40176725387573,5378.284432411194,213
6551,56,77,0.00039359482,7349.4884557724,117.44478917121887,5379.10152721405,213
6552,56,77,0.005618494,7350.615168809891,117.46360611915588,5379.928126335144,213
6553,56,77,0.007995368,7351.726212978363,117.46997499465942,5380.753344535828,213
6554,56,77,4.2205443e-06,7352.84944152832,117.47215485572815,5381.576498270035,213
6555,56,77,7.389795e-06,7353.960309267044,117.47406482696533,5382.401212453842,213
6556,56,77,0.0006612986,7355.08965921402,117.49136590957642,5383.228831529617,213
6557,56,77,5.2689966e-06,7356.21070766449,117.49331188201904,5384.061531543732,213
6558,56,77,8.1316475e-06,7357.331840991974,117.52637195587158,5384.8830473423,213
6559,56,77,4.1455238e-05,7358.448752880096,117.53377389907837,5385.707078456879,213
6560,56,77,9.22004e-07,7359.569429159164,117.55423188209534,5386.533991575241,213
6561,57,77,0.00074897805,7360.587847471237,117.55657696723938,5387.351233482361,213
6562,57,77,0.00020607453,7361.7158880233765,117.5683228969574,5388.177837371826,213
6563,57,77,3.775754e-05,7362.836006402969,117.58030891418457,5388.994514226913,213
6564,57,77,0.00017395699,7363.951027870178,117.59082698822021,5389.819222211838,213
6565,57,77,2.6261776e-05,7365.067115783691,117.60625576972961,5390.639540195465,213
6566,57,77,0.000120265424,7366.183671474457,117.61521983146667,5391.4590883255005,213
6567,57,77,1.1958171e-05,7367.308717489243,117.64061379432678,5392.279417037964,213
6568,57,77,1.510573e-06,7368.423451423645,117.642737865448,5393.103120326996,213
6569,57,77,5.6953268e-05,7369.542293071747,117.66282773017883,5393.92875123024,213
6570,57,77,3.3265324e-06,7370.658269166946,117.6803617477417,5394.757255077362,213
6571,57,77,1.4568795e-05,7371.7732129096985,117.69438672065735,5395.578251123428,213
6572,57,77,3.8052124e-06,7372.883585214615,117.6977276802063,5396.400479078293,213
6573,57,77,0.00022281244,7374.000736236572,117.71600580215454,5397.219524145126,213
6574,57,77,0.0002488976,7375.115159749985,117.73868680000305,5398.03862285614,213
6575,57,77,1.9966824e-06,7376.225310564041,117.74590182304382,5398.856622934341,213
6576,57,77,1.093363e-06,7377.339581251144,117.76371479034424,5399.676836967468,213
6577,57,77,4.9873423e-05,7378.46407699585,117.77463674545288,5400.500030994415,213
6578,57,77,8.47736e-05,7379.5738344192505,117.77680373191833,5401.327692985535,213
6579,57,77,0.0002741273,7380.694383621216,117.7789409160614,5402.14693403244,213
6580,57,77,7.0034616e-07,7381.8119258880615,117.78798007965088,5402.9655430316925,213
6581,57,77,0.0015064771,7382.929644584656,117.8024890422821,5403.782344818115,213
6582,57,77,0.016299704,7384.04493188858,117.81477785110474,5404.605939865112,213
6583,57,77,8.549474e-07,7385.15784573555,117.81677269935608,5405.426611185074,213
6584,57,77,4.7316295e-05,7386.277125835419,117.83662962913513,5406.244159221649,213
6585,57,77,5.0158883e-06,7387.394682168961,117.85606455802917,5407.06303024292,213
6586,57,77,4.135037e-07,7388.5087258815765,117.85811758041382,5407.884752035141,213
6587,57,77,7.857365e-06,7389.621901750565,117.86978244781494,5408.705414056778,213
6588,57,77,0.00028430708,7390.74284696579,117.8859634399414,5409.527536869049,213
6589,57,77,0.00011026469,7391.855850458145,117.90530753135681,5410.344018936157,213
6590,57,77,1.5282802e-05,7392.966829299927,117.9158775806427,5411.162411928177,213
6591,57,77,0.0007587433,7394.09081029892,117.93652868270874,5411.984173774719,213
6592,57,77,2.9503146e-06,7395.207756519318,117.96132683753967,5412.798993587494,213
6593,57,77,1.9618212e-05,7396.332471847534,117.96341586112976,5413.63098359108,213
6594,57,77,0.008387996,7397.460244894028,117.97218799591064,5414.458241701126,213
6595,57,77,2.0086653e-05,7398.570761919022,117.974524974823,5415.2709176540375,213
6596,57,77,0.00011127478,7399.683746576309,117.98214507102966,5416.094938516617,213
6597,57,77,5.8184985e-05,7400.8030841350555,117.99548602104187,5416.918042421341,213
6598,57,77,0.0010716759,7401.917225122452,118.01400780677795,5417.735379695892,213
6599,57,77,0.0001227838,7403.027857542038,118.01609301567078,5418.554616689682,213
6600,57,77,5.4794737e-06,7404.153366088867,118.01798796653748,5419.372478723526,213
6601,57,77,2.8347608e-06,7405.290722846985,118.05630207061768,5420.193598747253,213
6602,57,77,0.002241192,7406.404111146927,118.06390523910522,5421.019486665726,213
6603,57,77,1.9780848e-06,7407.53485918045,118.06603527069092,5421.8509476184845,213
6604,57,77,2.3174201e-05,7408.657871007919,118.0698082447052,5422.676155567169,213
6605,57,77,6.835844e-07,7409.781409978867,118.09750437736511,5423.492070674896,213
6606,57,77,0.0002845818,7410.895618438721,118.10953521728516,5424.311333656311,213
6607,57,77,2.5126305e-06,7412.004608631134,118.11134934425354,5425.1341145038605,213
6608,57,77,3.8625738e-05,7413.114383459091,118.11639213562012,5425.960782527924,213
6609,57,77,1.2967627e-05,7414.235331296921,118.1567862033844,5426.784023523331,213
6610,57,77,0.00028935715,7415.360404729843,118.17245626449585,5427.601877689362,213
6611,57,77,7.0084093e-06,7416.480181932449,118.18648719787598,5428.4216837883,213
6612,57,77,0.00011659623,7417.5964777469635,118.19956636428833,5429.2411189079285,213
6613,57,77,8.175268e-06,7418.722682952881,118.22446537017822,5430.064465045929,213
6614,57,78,1.1101125e-06,7420.206768274307,118.58690452575684,5430.8823409080505,213
6615,57,78,5.202167e-05,7421.324111461639,118.60613346099854,5431.7051112651825,213
6616,57,78,6.627251e-05,7422.451403617859,118.62479138374329,5432.526576280594,213
6617,57,78,0.0015426952,7423.580533504486,118.64122033119202,5433.349773406982,213
6618,57,78,4.63414e-05,7424.696090936661,118.64660835266113,5434.163633108139,213
6619,57,78,6.3138425e-05,7425.801750421524,118.6551022529602,5434.987797021866,213
6620,57,78,5.7435638e-05,7426.920483589172,118.65725517272949,5435.811606884003,213
6621,57,78,0.0001647843,7428.050314903259,118.69040417671204,5436.632397174835,213
6622,57,78,0.0005340678,7429.170449495316,118.70809030532837,5437.453558206558,213
6623,57,78,2.0236595e-05,7430.283627271652,118.71021437644958,5438.279302120209,213
6624,57,78,0.00071393955,7431.4023361206055,118.72909927368164,5439.099702119827,213
6625,57,78,3.807043e-05,7432.521250486374,118.75707626342773,5439.914055347443,213
6626,57,78,5.6137014e-06,7433.631683588028,118.77215242385864,5440.730563163757,213
6627,57,78,2.994951e-05,7434.750365018845,118.79828643798828,5441.5433802604675,213
6628,57,78,4.253774e-06,7435.869944572449,118.81020855903625,5442.368770122528,213
6629,57,78,3.6599436e-06,7436.993351697922,118.82594561576843,5443.188623905182,213
6630,57,78,4.066963e-05,7438.1266667842865,118.85132670402527,5444.007256031036,213
6631,57,78,5.451384e-06,7439.246568441391,118.86521863937378,5444.829348087311,213
6632,57,78,5.090211e-06,7440.366234779358,118.86699962615967,5445.656303167343,213
6633,57,78,1.7078633e-05,7441.471913099289,118.88402056694031,5446.4760410785675,213
6634,57,78,8.9219424e-07,7442.5800766944885,118.8862566947937,5447.298300027847,213
6635,57,78,3.3596047e-05,7443.6915447711945,118.90516376495361,5448.118420124054,213
6636,57,78,5.5298633e-06,7444.800846338272,118.90721583366394,5448.937740087509,213
6637,57,78,1.6992115e-05,7445.926829576492,118.9302589893341,5449.758862018585,213
6638,57,78,2.1829526e-06,7447.041968584061,118.94924807548523,5450.581251144409,213
6639,57,78,0.000228665,7448.154177427292,118.95121312141418,5451.405305147171,213
6640,57,78,7.5280846e-06,7449.268954753876,118.96506404876709,5452.223444223404,213
6641,57,78,1.952008e-06,7450.401124238968,118.9672122001648,5453.055203199387,213
6642,57,78,0.00020184096,7451.517448663712,118.96948409080505,5453.885596513748,213
6643,57,78,0.0052299653,7452.6384081840515,119.00816321372986,5454.7008497715,213
6644,57,78,2.2313695e-06,7453.746529340744,119.02078914642334,5455.534927606583,213
6645,57,78,5.2352338e-05,7454.870974779129,119.02907705307007,5456.358161449432,213
6646,57,78,1.4994051e-06,7455.977352380753,119.0467541217804,5457.177606344223,213
6647,57,78,2.3130535e-05,7457.089970827103,119.05537915229797,5457.993777036667,213
6648,57,78,8.735634e-07,7458.193986415863,119.07896614074707,5458.810897111893,213
6649,57,78,0.00040250144,7459.3188054561615,119.11232805252075,5459.634130239487,213
6650,57,78,0.0022604498,7460.443272590637,119.14426398277283,5460.459890127182,213
6651,57,78,6.85004e-06,7461.562604188919,119.14835095405579,5461.293040037155,213
6652,57,78,1.4956209e-05,7462.676586389542,119.1644549369812,5462.116863012314,213
6653,57,78,1.0247249e-05,7463.788953781128,119.17476892471313,5462.929775238037,213
6654,57,78,0.0007139474,7464.915750980377,119.19269299507141,5463.752863407135,213
6655,57,78,4.8379177e-05,7466.031692743301,119.1943871974945,5464.579370260239,213
6656,57,78,0.00019571518,7467.150735139847,119.22034811973572,5465.40115237236,213
6657,57,78,0.00016822317,7468.26464343071,119.22221326828003,5466.223475217819,213
6658,57,78,0.0009565625,7469.377615690231,119.22429537773132,5467.046781301498,213
6659,57,78,0.015559024,7470.495447874069,119.23791027069092,5467.866018533707,213
6660,57,78,6.314242e-07,7471.619518995285,119.2398374080658,5468.692316532135,213
6661,57,78,5.941268e-06,7472.751264095306,119.27200031280518,5469.51757144928,213
6662,57,78,1.0416913e-05,7473.861796617508,119.27411341667175,5470.331846475601,213
6663,57,78,3.5014582e-06,7474.973179101944,119.28705644607544,5471.148883342743,213
6664,57,78,0.08830103,7476.107192516327,119.30396938323975,5471.97052526474,213
6665,57,78,6.7271426e-06,7477.216311216354,119.30596232414246,5472.797937631607,213
6666,57,78,0.00040621517,7478.3442051410675,119.34279036521912,5473.614239454269,213
6667,57,78,5.114373e-05,7479.4538831710815,119.34460234642029,5474.444235563278,213
6668,57,78,9.9515404e-05,7480.5706305503845,119.36388039588928,5475.265663385391,213
6669,57,78,2.6877044e-06,7481.680820465088,119.3689513206482,5476.087286472321,213
6670,57,78,0.007725859,7482.794183254242,119.37098932266235,5476.906834363937,213
6671,57,78,0.00012799526,7483.9275624752045,119.38113927841187,5477.733499288559,213
6672,57,78,0.0008266983,7485.0535616874695,119.39829540252686,5478.557586431503,213
6673,57,78,0.00018163842,7486.171595096588,119.400137424469,5479.376029491425,213
6674,57,78,4.97295e-06,7487.308679819107,119.42816042900085,5480.1985964775085,213
6675,57,78,4.3658806e-06,7488.418138742447,119.44331741333008,5481.023456573486,213
6676,57,78,7.7782905e-05,7489.540039539337,119.44531536102295,5481.853306531906,213
6677,57,78,2.5668813e-05,7490.660171747208,119.4625084400177,5482.674245595932,213
6678,57,78,0.00041818168,7491.779066085815,119.46454358100891,5483.491434574127,213
6679,58,78,1.5688029e-05,7492.804283618927,119.4668197631836,5484.316016674042,213
6680,58,78,0.0008364915,7493.918373346329,119.46904063224792,5485.139614582062,213
6681,58,78,0.0064559863,7495.027385473251,119.47078156471252,5485.961417675018,213
6682,58,78,0.0027329032,7496.138938188553,119.47284746170044,5486.780587673187,213
6683,58,78,6.1259225e-06,7497.255601406097,119.47473931312561,5487.605677843094,213
6684,58,78,0.00019346079,7498.381752252579,119.51272416114807,5488.421920776367,213
6685,58,78,9.39573e-05,7499.491950273514,119.53478503227234,5489.241339921951,213
6686,58,78,0.10825223,7500.603378295898,119.53915905952454,5490.053919792175,213
6687,58,78,2.0915355e-05,7501.711416721344,119.55153703689575,5490.872287511826,213
6688,58,78,0.000502783,7502.828975915909,119.5717282295227,5491.693170547485,213
6689,58,78,0.019537868,7503.949645757675,119.58225321769714,5492.51931643486,213
6690,58,78,0.00038384082,7505.054437875748,119.58478617668152,5493.3384664058685,213
6691,58,78,0.0005052939,7506.171561002731,119.6098141670227,5494.1590275764465,213
6692,58,78,0.0053367694,7507.300377607346,119.63611626625061,5494.98243355751,213
6693,58,78,0.0009169274,7508.414293766022,119.65078926086426,5495.805666446686,213
6694,58,78,0.0017905874,7509.534551620483,119.65278720855713,5496.6208753585815,213
6695,58,78,9.906011e-05,7510.657098054886,119.67310523986816,5497.440053462982,213
6696,58,78,0.0029907674,7511.761866569519,119.68084335327148,5498.256878376007,213
6697,58,78,0.13239405,7512.879193067551,119.68299722671509,5499.0861892700195,213
6698,58,78,4.649753e-05,7514.005153894424,119.69418406486511,5499.917282342911,213
6699,58,78,0.002201164,7515.122661828995,119.72104716300964,5500.732144117355,213
6700,58,78,0.00045990507,7516.236563920975,119.74502205848694,5501.546543121338,213
6701,58,78,0.0051465514,7517.339985847473,119.7470371723175,5502.359327077866,213
6702,58,78,0.0039959564,7518.451946258545,119.75360798835754,5503.1791269779205,213
6703,58,78,0.00030618545,7519.579950332642,119.77919507026672,5504.005153179169,213
6704,58,78,0.11454231,7520.693868398666,119.78121709823608,5504.827121257782,213
6705,58,78,0.00016657443,7521.820021867752,119.80571413040161,5505.649502277374,213
6706,58,78,0.0014196705,7522.938361644745,119.80793905258179,5506.4714341163635,213
6707,58,78,0.0015052464,7524.048770666122,119.8212730884552,5507.284595966339,213
6708,58,78,7.910127e-05,7525.161350011826,119.82928800582886,5508.1013288497925,213
6709,58,78,0.029407607,7526.278262853622,119.84152698516846,5508.928682088852,213
6710,58,78,0.018273033,7527.399795293808,119.88304495811462,5509.744443178177,213
6711,58,78,0.0006291997,7528.511828184128,119.90319585800171,5510.564142227173,213
6712,58,78,0.014083081,7529.636000156403,119.90526390075684,5511.380162239075,213
6713,58,78,0.046155825,7530.743090629578,119.9071319103241,5512.206045150757,213
6714,58,78,0.06424265,7531.856895446777,119.92686891555786,5513.027468204498,213
6715,58,78,0.0009022932,7532.952429294586,119.9294638633728,5513.854844093323,213
6716,58,78,0.0133230155,7534.066874742508,119.94260382652283,5514.679342985153,213
6717,58,78,0.0012719345,7535.188445091248,119.95465993881226,5515.503485918045,213
6718,58,78,0.0019978,7536.296283960342,119.96396088600159,5516.32507610321,213
6719,58,78,0.00707723,7537.417726516724,119.97844099998474,5517.14621591568,213
6720,58,78,0.009165963,7538.537920713425,119.98013615608215,5517.969180822372,213
6721,58,78,0.026495758,7539.656957864761,119.99706411361694,5518.789938926697,213
6722,58,78,0.0005440198,7540.771253108978,120.00908994674683,5519.6028888225555,213
6723,58,78,0.059267025,7541.887037992477,120.0112509727478,5520.423876047134,213
6724,58,78,0.0016691164,7543.008745670319,120.01335096359253,5521.250430107117,213
6725,58,78,0.22514969,7544.126115560532,120.02697491645813,5522.06693983078,213
6726,58,78,0.080259085,7545.244971513748,120.04616475105286,5522.878499031067,213
6727,58,78,0.002346642,7546.3698744773865,120.07481169700623,5523.695956230164,213
6728,58,78,0.001308807,7547.4988169670105,120.10686159133911,5524.511721134186,213
6729,58,78,0.000735508,7548.617074251175,120.11810755729675,5525.33998799324,213
6730,58,78,0.0059515857,7549.731019258499,120.12912154197693,5526.160861253738,213
6731,58,78,0.0005218462,7550.841776132584,120.13080048561096,5526.981856107712,213
6732,58,78,0.010995706,7551.96869635582,120.14751267433167,5527.802029132843,213
6733,58,78,0.00032899593,7553.094725847244,120.17759966850281,5528.619405269623,213
6734,58,78,0.00040961703,7554.201864957809,120.18228149414062,5529.442391395569,213
6735,58,78,0.11999143,7555.317611694336,120.20829057693481,5530.258299589157,213
6736,58,78,0.0034026909,7556.431253194809,120.22543048858643,5531.080110549927,213
6737,58,78,0.011856596,7557.545247077942,120.25173258781433,5531.897466659546,213
6738,58,78,0.0052648825,7558.664940595627,120.25390577316284,5532.725873470306,213
6739,58,78,0.0048703486,7559.789142847061,120.28489995002747,5533.547292470932,213
6740,58,78,0.0609615,7560.917497396469,120.3054027557373,5534.37237238884,213
6741,58,78,0.015313957,7562.035954713821,120.31675481796265,5535.200186491013,213
6742,58,78,0.03745956,7563.153336763382,120.337721824646,5536.023299455643,213
6743,58,78,0.018287893,7564.2729568481445,120.35360479354858,5536.842902421951,213
6744,58,78,0.022928048,7565.382482290268,120.36147856712341,5537.6624584198,213
6745,58,78,0.054897614,7566.491742372513,120.36568760871887,5538.48900270462,213
6746,58,78,0.0009923945,7567.614754199982,120.38330054283142,5539.309047937393,213
6747,58,78,0.015407195,7568.736314535141,120.40578556060791,5540.127309083939,213
6748,58,78,0.0073414277,7569.848474979401,120.40819263458252,5540.95244717598,213
6749,58,78,0.0006770884,7570.968079090118,120.42041778564453,5541.776661396027,213
6750,58,78,0.10869041,7572.096012353897,120.44000673294067,5542.598909378052,213
6751,58,78,0.042765453,7573.212703943253,120.45448875427246,5543.422837018967,213
6752,58,78,0.00010667606,7574.3293290138245,120.47390484809875,5544.24258518219,213
6753,58,78,0.000943988,7575.444177389145,120.49043488502502,5545.068997144699,213
6754,58,78,0.005068501,7576.557553291321,120.50892496109009,5545.8909702301025,213
6755,58,78,0.074702665,7577.684940099716,120.53150391578674,5546.706112146378,213
6756,58,78,0.0004304577,7578.799171447754,120.54506707191467,5547.5288763046265,213
6757,58,78,0.00474176,7579.916235208511,120.5469982624054,5548.35302233696,213
6758,58,78,0.0040243147,7581.031090736389,120.5510642528534,5549.172429323196,213
6759,58,78,0.12840587,7582.156169652939,120.58030319213867,5549.995619535446,213
6760,58,78,0.017362956,7583.274384975433,120.59252333641052,5550.818082809448,213
6761,58,78,0.015043399,7584.403089284897,120.59790635108948,5551.640009880066,213
6762,58,78,0.024273472,7585.520712614059,120.61019134521484,5552.463474988937,213
6763,58,78,0.00024741236,7586.642519712448,120.61374521255493,5553.284141778946,213
6764,58,78,9.726224e-05,7587.765403270721,120.62549424171448,5554.103270769119,213
6765,58,78,0.03793551,7588.880489110947,120.648930311203,5554.920811653137,213
6766,58,78,0.000257454,7590.0049386024475,120.69427728652954,5555.738236904144,213
6767,58,78,0.10667436,7591.123023033142,120.70697331428528,5556.564162015915,213
6768,58,78,0.00015205829,7592.242396116257,120.73287320137024,5557.386419057846,213
6769,58,78,0.0031584708,7593.357965707779,120.7507712841034,5558.208909749985,213
6770,58,78,0.038344935,7594.475978374481,120.77052307128906,5559.031397819519,213
6771,58,79,0.005319708,7595.997631072998,121.15946507453918,5559.8460166454315,213
6772,58,79,0.0001846233,7597.123827219009,121.178551197052,5560.67125248909,213
6773,58,79,3.9102564e-05,7598.240103960037,121.19602823257446,5561.491512537003,213
6774,58,79,1.2083168e-05,7599.360151767731,121.20152807235718,5562.31370139122,213
6775,58,79,3.2407634e-06,7600.490156173706,121.22942924499512,5563.13423538208,213
6776,58,79,0.00020913657,7601.614886760712,121.2452712059021,5563.960201263428,213
6777,58,79,8.034783e-05,7602.735706567764,121.24746632575989,5564.793869256973,213
6778,58,79,1.2808567e-05,7603.837728261948,121.2494535446167,5565.617440223694,213
6779,58,79,0.00048214986,7604.961149215698,121.25151467323303,5566.447797298431,213
6780,58,79,0.00076003285,7606.078262329102,121.26466870307922,5567.2591190338135,213
6781,58,79,0.0001483246,7607.199865579605,121.2745406627655,5568.086930036545,213
6782,58,79,1.0235468e-05,7608.313523054123,121.29324674606323,5568.9046540260315,213
6783,58,79,5.029118e-07,7609.430508375168,121.30821871757507,5569.724807977676,213
6784,58,79,6.727331e-05,7610.5389316082,121.3163948059082,5570.5533220767975,213
6785,58,79,0.01543428,7611.66829252243,121.33398985862732,5571.376667261124,213
6786,58,79,0.00014031869,7612.78148317337,121.34248089790344,5572.203993320465,213
6787,58,79,0.0039641424,7613.8930830955505,121.34434080123901,5573.033228397369,213
6788,58,79,0.0010923732,7615.007099151611,121.35230875015259,5573.856862545013,213
6789,58,79,0.000632157,7616.125786781311,121.36294865608215,5574.680024385452,213
6790,58,79,1.1604832e-05,7617.245371580124,121.37833166122437,5575.497567415237,213
6791,58,79,0.054209,7618.361839532852,121.3804726600647,5576.314147233963,213
6792,58,79,0.00263308,7619.490112066269,121.40435767173767,5577.139155387878,213
6793,58,79,5.8598962e-05,7620.595439195633,121.40632557868958,5577.96462726593,213
6794,58,79,3.4054046e-05,7621.71094250679,121.41892862319946,5578.7852873802185,213
6795,58,79,1.5720506e-06,7622.823281764984,121.43266463279724,5579.6032202243805,213
6796,59,79,0.00015808977,7623.85388469696,121.4347984790802,5580.423996210098,213
6797,59,79,0.00046226583,7624.976060152054,121.458580493927,5581.244828224182,213
6798,59,79,0.001041759,7626.09823679924,121.46033334732056,5582.069547176361,213
6799,59,79,0.0005819708,7627.225786685944,121.50697636604309,5582.883515357971,213
6800,59,79,0.00013998989,7628.352693319321,121.52510643005371,5583.70104432106,213
6801,59,79,0.00052570994,7629.465911865234,121.53879046440125,5584.518935441971,213
6802,59,79,0.00026025827,7630.584129333496,121.55246233940125,5585.3398106098175,213
6803,59,79,0.0019299458,7631.703340291977,121.55453133583069,5586.162337779999,213
6804,59,79,0.0007499637,7632.818375825882,121.56157231330872,5586.994794845581,213
6805,59,79,3.5943394e-05,7633.932436466217,121.57643723487854,5587.816794633865,213
6806,59,79,0.0055951346,7635.041355609894,121.58186340332031,5588.639385938644,213
6807,59,79,0.02623547,7636.159307003021,121.61183834075928,5589.451703071594,213
6808,59,79,0.007357626,7637.278768539429,121.61382412910461,5590.276369810104,213
6809,59,79,3.1483072e-05,7638.39390540123,121.63250923156738,5591.095038890839,213
6810,59,79,0.000613834,7639.509080886841,121.6465151309967,5591.915923833847,213
6811,59,79,0.00012514068,7640.631902456284,121.65032911300659,5592.741786956787,213
6812,59,79,0.0023913472,7641.7420036792755,121.67346525192261,5593.563683748245,213
6813,59,79,0.075050704,7642.861209154129,121.67662215232849,5594.390408754349,213
6814,59,79,0.00019770913,7643.988253831863,121.71657013893127,5595.207412719727,213
6815,59,79,0.0010823603,7645.107200145721,121.72980213165283,5596.033750534058,213
6816,59,79,8.269053e-05,7646.224800825119,121.73719310760498,5596.85567855835,213
6817,59,79,0.00066894665,7647.324736118317,121.74573802947998,5597.677395582199,213
6818,59,79,0.0007286026,7648.44561624527,121.7497570514679,5598.493939399719,213
6819,59,79,0.0020857672,7649.557922840118,121.77398800849915,5599.31676530838,213
6820,59,79,0.005129442,7650.672739267349,121.77589416503906,5600.143649339676,213
6821,59,79,0.0027175257,7651.787837266922,121.78112316131592,5600.96904706955,213
6822,59,79,0.00017318639,7652.906240701675,121.78331327438354,5601.801336050034,213
6823,59,79,0.035859484,7654.024253129959,121.78528213500977,5602.6324009895325,213
6824,59,79,0.005009947,7655.130722522736,121.80122709274292,5603.444000959396,213
6825,59,79,0.02667537,7656.244578361511,121.80705714225769,5604.2637939453125,213
6826,59,79,0.059702627,7657.360305070877,121.8224720954895,5605.081471204758,213
6827,59,79,0.0004652174,7658.480168104172,121.82478618621826,5605.901962280273,213
6828,59,79,0.0007885602,7659.5846173763275,121.82693815231323,5606.722549200058,213
6829,59,79,4.893609e-05,7660.708482980728,121.84841322898865,5607.536192178726,213
6830,59,79,0.029317982,7661.831149101257,121.85020041465759,5608.36626124382,213
6831,59,79,0.0043063983,7662.950264930725,121.8615186214447,5609.1885232925415,213
6832,59,79,0.008978216,7664.074452877045,121.90143251419067,5610.005241155624,213
6833,59,79,0.00020548691,7665.19744682312,121.92395544052124,5610.822436332703,213
6834,59,79,0.00018554213,7666.313160419464,121.92568826675415,5611.6402332782745,213
6835,59,79,2.3911802e-05,7667.425393819809,121.93901228904724,5612.460613250732,213
6836,59,79,0.00022373495,7668.534019947052,121.9493772983551,5613.28196144104,213
6837,59,79,0.0010637142,7669.660931825638,121.97812342643738,5614.105631351471,213
6838,59,79,0.0016154484,7670.770757198334,121.99299240112305,5614.925396442413,213
6839,59,79,0.0020968744,7671.88875579834,122.00457954406738,5615.747782230377,213
6840,59,79,0.0007938466,7673.00123000145,122.0393545627594,5616.564186096191,213
6841,59,79,0.014859143,7674.118161916733,122.04880356788635,5617.383966207504,213
6842,59,79,8.900751e-06,7675.239269018173,122.06188774108887,5618.206515073776,213
6843,59,79,0.22248715,7676.35750412941,122.07571792602539,5619.024478197098,213
6844,59,79,0.0015281104,7677.475106239319,122.0884690284729,5619.841772317886,213
6845,59,79,0.099679396,7678.588020563126,122.0929160118103,5620.669655323029,213
6846,59,79,0.000106214866,7679.710603237152,122.09499311447144,5621.4930374622345,213
6847,59,79,0.002197317,7680.834378957748,122.09960508346558,5622.321710586548,213
6848,59,79,0.00047337238,7681.957378387451,122.10170722007751,5623.144753456116,213
6849,59,79,0.0015933608,7683.076118707657,122.10368633270264,5623.96737241745,213
6850,59,79,0.043595072,7684.192772626877,122.10565733909607,5624.782379388809,213
6851,59,79,0.0012900985,7685.313628911972,122.11331820487976,5625.601926326752,213
6852,59,79,0.053399827,7686.433345079422,122.13443517684937,5626.425791501999,213
6853,59,79,0.006425136,7687.544010877609,122.14828109741211,5627.243532657623,213
6854,59,79,0.011934132,7688.665844202042,122.15157699584961,5628.060502529144,213
6855,59,79,0.0055219303,7689.780547380447,122.15363097190857,5628.8867623806,213
6856,59,79,0.01998724,7690.893070697784,122.1781849861145,5629.706246614456,213
6857,59,79,0.01149205,7692.008007526398,122.18009376525879,5630.538746595383,213
6858,59,79,0.0030875863,7693.132722616196,122.198805809021,5631.359490633011,213
6859,59,79,0.009256564,7694.237603902817,122.20758080482483,5632.179575681686,213
6860,59,79,0.007864857,7695.35324549675,122.20941877365112,5633.003019571304,213
6861,59,79,0.02344765,7696.473923206329,122.21145963668823,5633.831737518311,213
6862,59,79,0.010008607,7697.593493938446,122.21351766586304,5634.668486595154,213
6863,59,79,0.057887398,7698.700906038284,122.22025775909424,5635.487367630005,213
6864,59,79,0.0021765504,7699.817589521408,122.23569774627686,5636.302543401718,213
6865,59,79,0.0041896165,7700.923622369766,122.24001979827881,5637.122029542923,213
6866,59,79,0.024828758,7702.03621006012,122.24594569206238,5637.945908546448,213
6867,59,79,0.044414982,7703.130092859268,122.25080370903015,5638.767347812653,213
6868,59,79,0.016218085,7704.243925571442,122.26200485229492,5639.593839883804,213
6869,59,79,0.0004846582,7705.3566834926605,122.26645469665527,5640.414191961288,213
6870,59,79,0.0071348674,7706.4757578372955,122.27987766265869,5641.238098859787,213
6871,59,79,0.0044774055,7707.601057291031,122.30282783508301,5642.055774688721,213
6872,59,79,0.29872176,7708.714591503143,122.30554389953613,5642.8809466362,213
6873,59,79,0.04046817,7709.830721855164,122.30743098258972,5643.696184635162,213
6874,59,79,0.0022563895,7710.94348192215,122.31393480300903,5644.517356395721,213
6875,59,79,0.011606095,7712.061043262482,122.3354926109314,5645.344457387924,213
6876,59,79,0.020511089,7713.175860643387,122.33825469017029,5646.1708924770355,213
6877,59,79,0.008010753,7714.306807041168,122.35477375984192,5646.995532512665,213
6878,59,79,0.050702315,7715.421489238739,122.36849784851074,5647.812317371368,213
6879,59,79,0.17597213,7716.528117179871,122.38117671012878,5648.629158735275,213
6880,59,79,0.0060215583,7717.657433271408,122.38301062583923,5649.457655906677,213
6881,59,79,0.043163855,7718.76916384697,122.38510346412659,5650.280951023102,213
6882,59,79,0.042522345,7719.906258821487,122.38712859153748,5651.117348194122,213
6883,59,79,0.0017625578,7721.031202554703,122.40913963317871,5651.94230723381,213
6884,59,79,0.028753985,7722.1639568805695,122.43423271179199,5652.770951271057,213
6885,59,79,0.03312642,7723.2783761024475,122.44584774971008,5653.600661277771,213
6886,59,79,0.00700487,7724.399100065231,122.46018266677856,5654.429842233658,213
6887,59,79,0.019452684,7725.516993761063,122.46281456947327,5655.249152183533,213
6888,59,79,0.11788952,7726.640498161316,122.49951767921448,5656.070061206818,213
6889,59,79,0.005650305,7727.758807897568,122.50154972076416,5656.891070127487,213
6890,59,79,0.0027863702,7728.871948719025,122.52917957305908,5657.709362030029,213
6891,59,79,0.026932849,7729.994595527649,122.5311586856842,5658.539355039597,213
6892,59,79,0.0010260204,7731.107320547104,122.53300762176514,5659.362119913101,213
6893,59,79,0.002591504,7732.210999250412,122.53509068489075,5660.182502031326,213
6894,59,79,0.014232827,7733.329804897308,122.5410897731781,5661.0027849674225,213
6895,59,79,0.01178096,7734.448532819748,122.5475378036499,5661.820737838745,213
6896,59,79,0.0018448989,7735.55539560318,122.54951286315918,5662.642003774643,213
6897,59,79,0.018561753,7736.663336753845,122.55149102210999,5663.472343683243,213
6898,59,79,0.11000451,7737.787144899368,122.57406997680664,5664.293938875198,213
6899,59,79,0.035656128,7738.898414134979,122.57634687423706,5665.121590852737,213
6900,59,79,0.0359857,7740.015334844589,122.57852077484131,5665.95076084137,213
6901,59,79,0.0020286418,7741.130687713623,122.59473276138306,5666.765241622925,213
6902,59,79,0.018847449,7742.25220656395,122.6037049293518,5667.58934879303,213
6903,59,79,0.016668007,7743.364706039429,122.6056809425354,5668.415679693222,213
6904,59,79,0.031607877,7744.496010065079,122.63036799430847,5669.230451822281,213
6905,59,79,0.005531504,7745.601352214813,122.64372205734253,5670.0499355793,213
6906,59,79,0.15782873,7746.714889287949,122.65064215660095,5670.875110387802,213
6907,59,79,0.06186714,7747.847939252853,122.67164707183838,5671.698362588882,213
6908,59,79,0.00042005008,7748.959337472916,122.67493104934692,5672.519269704819,213
6909,59,79,0.10223079,7750.072923898697,122.6795961856842,5673.343086719513,213
6910,59,79,0.18409766,7751.194632291794,122.69375133514404,5674.160666704178,213
6911,59,79,0.0073515065,7752.322056293488,122.7118752002716,5674.990792512894,213
6912,59,79,0.11520429,7753.440002441406,122.7139801979065,5675.818300485611,213
6913,60,79,0.036319777,7754.46022772789,122.7161192893982,5676.629659414291,213
6914,60,79,0.1514941,7755.577906131744,122.74455237388611,5677.450582265854,213
6915,60,80,0.25909078,7757.092409610748,123.1376621723175,5678.271818161011,213
6916,60,80,1.586012e-05,7758.210191726685,123.14017009735107,5679.101847171783,213
6917,60,80,7.915253e-05,7759.340696811676,123.14252614974976,5679.923559427261,213
6918,60,80,7.045896e-05,7760.465517282486,123.15319299697876,5680.748856544495,213
6919,60,80,4.6131318e-05,7761.587375402451,123.17563700675964,5681.567181587219,213
6920,60,80,0.00026731126,7762.700532436371,123.18597197532654,5682.391358613968,213
6921,60,80,0.00091505685,7763.809592485428,123.19666910171509,5683.212686538696,213
6922,60,80,0.024140215,7764.91970205307,123.19863319396973,5684.040176391602,213
6923,60,80,0.00018992175,7766.043602228165,123.22607421875,5684.861382484436,213
6924,60,80,0.00023902218,7767.150950193405,123.23526811599731,5685.677043676376,213
6925,60,80,0.040604465,7768.269530534744,123.25494194030762,5686.497195720673,213
6926,60,80,0.00033296293,7769.394423246384,123.28510117530823,5687.312041759491,213
6927,60,80,0.08243212,7770.500365018845,123.31393027305603,5688.125980854034,213
6928,60,80,0.0040236516,7771.613704919815,123.31590604782104,5688.943483829498,213
6929,60,80,0.0005640032,7772.729816913605,123.33075213432312,5689.7651517391205,213
6930,60,80,0.011979675,7773.89287853241,123.387540102005,5690.588124990463,213
6931,60,80,0.019275745,7775.0122311115265,123.4022171497345,5691.411999702454,213
6932,60,80,0.006941016,7776.131021261215,123.44120812416077,5692.230211734772,213
6933,60,80,0.01312028,7777.247977256775,123.44322609901428,5693.0529906749725,213
6934,60,80,0.04555119,7778.369751214981,123.46392893791199,5693.869300842285,213
6935,60,80,0.003891454,7779.486967325211,123.48187780380249,5694.698614835739,213
6936,60,80,0.0015450126,7780.598621368408,123.48889374732971,5695.512777805328,213
6937,60,80,0.00018584516,7781.711628913879,123.49099087715149,5696.337636947632,213
6938,60,80,0.0013714212,7782.821930170059,123.49286103248596,5697.156939983368,213
6939,60,80,0.004267401,7783.94629907608,123.49458003044128,5697.975867033005,213
6940,60,80,0.012651466,7785.0669298172,123.5173351764679,5698.7983248233795,213
6941,60,80,0.010016211,7786.169162988663,123.52404499053955,5699.624575853348,213
6942,60,80,0.0039561484,7787.2839415073395,123.53838682174683,5700.442893743515,213
6943,60,80,0.001285727,7788.405740737915,123.54021692276001,5701.2663106918335,213
6944,60,80,0.0003064394,7789.533545255661,123.56195902824402,5702.089553594589,213
6945,60,80,0.0005972324,7790.64346241951,123.56392407417297,5702.912174701691,213
6946,60,80,0.0064466656,7791.750012636185,123.56608295440674,5703.731342792511,213
6947,60,80,0.0018440651,7792.8685648441315,123.58804202079773,5704.549583673477,213
6948,60,80,0.000624126,7793.978950977325,123.59004712104797,5705.37645483017,213
6949,60,80,0.010234254,7795.105875015259,123.60708212852478,5706.203776836395,213
6950,60,80,0.08406961,7796.226141214371,123.63403606414795,5707.022442817688,213
6951,60,80,0.00038260053,7797.348133325577,123.66050505638123,5707.84059381485,213
6952,60,80,0.00029585292,7798.475630283356,123.69879412651062,5708.659304618835,213
6953,60,80,0.028573252,7799.595400571823,123.72281503677368,5709.479596853256,213
6954,60,80,0.023059709,7800.715839147568,123.73348784446716,5710.305645704269,213
6955,60,80,2.729654e-05,7801.8302319049835,123.7356128692627,5711.118628501892,213
6956,60,80,0.00027806865,7802.94557929039,123.74100470542908,5711.941751241684,213
6957,60,80,0.00035182323,7804.0653302669525,123.74283766746521,5712.757539272308,213
6958,60,80,0.05641804,7805.180947065353,123.75526475906372,5713.584206342697,213
6959,60,80,0.0007888882,7806.291596651077,123.76534056663513,5714.407641410828,213
6960,60,80,0.0051092557,7807.401603460312,123.76925349235535,5715.228124380112,213
6961,60,80,0.0017401907,7808.514667034149,123.77103757858276,5716.051519393921,213
6962,60,80,0.024212496,7809.628994226456,123.78850173950195,5716.866747379303,213
6963,60,80,0.09109506,7810.738311767578,123.79248571395874,5717.68465256691,213
6964,60,80,0.063164026,7811.854192018509,123.79460859298706,5718.508949518204,213
6965,60,80,0.00074546516,7812.968080043793,123.81562757492065,5719.329346656799,213
6966,60,80,0.0028170624,7814.088985443115,123.82191944122314,5720.154930830002,213
6967,60,80,0.00056164706,7815.19861125946,123.82654643058777,5720.978421926498,213
6968,60,80,0.0430264,7816.316339969635,123.8375813961029,5721.8032348155975,213
6969,60,80,0.0011360538,7817.432506084442,123.8482174873352,5722.625985860825,213
6970,60,80,0.0006973725,7818.548031806946,123.87008452415466,5723.444948911667,213
6971,60,80,0.015202183,7819.662573814392,123.89754343032837,5724.260857105255,213
6972,60,80,0.0025042142,7820.774786710739,123.91990447044373,5725.0801639556885,213
6973,60,80,0.00060252065,7821.886252880096,123.93569135665894,5725.902879238129,213
6974,60,80,0.003241851,7823.001586198807,123.94272136688232,5726.725481271744,213
6975,60,80,0.005652236,7824.133759975433,123.97021126747131,5727.549307107925,213
6976,60,80,0.00043528993,7825.244160652161,123.9766252040863,5728.368936061859,213
6977,60,80,0.003973507,7826.364989042282,123.98049426078796,5729.196322917938,213
6978,60,80,0.002434582,7827.4830548763275,123.99532628059387,5730.014145851135,213
6979,60,80,9.669431e-05,7828.584784269333,124.01078128814697,5730.83203291893,213
6980,60,80,7.498945e-05,7829.701767444611,124.01263523101807,5731.665644645691,213
6981,60,80,0.00023447427,7830.821055650711,124.02891230583191,5732.491820573807,213
6982,60,80,0.032528806,7831.939088344574,124.0486752986908,5733.317901611328,213
6983,60,80,0.00025443506,7833.057831525803,124.05067420005798,5734.148353815079,213
6984,60,80,8.414234e-05,7834.1757299900055,124.07296228408813,5734.972933769226,213
6985,60,80,0.05964064,7835.293615579605,124.09095215797424,5735.790779590607,213
6986,60,80,9.3376744e-05,7836.407152414322,124.10029625892639,5736.621156454086,213
6987,60,80,0.031853665,7837.528470039368,124.12012434005737,5737.438560247421,213
6988,60,80,0.0017787084,7838.635388851166,124.13151431083679,5738.258227348328,213
6989,60,80,0.04125986,7839.7564833164215,124.13448810577393,5739.084762334824,213
6990,60,80,0.0010684724,7840.874156713486,124.15691709518433,5739.909120321274,213
6991,60,80,0.07499845,7841.9859981536865,124.16233706474304,5740.728441238403,213
6992,60,80,0.0021461167,7843.0977737903595,124.18517422676086,5741.543384313583,213
6993,60,80,0.0034025605,7844.214951992035,124.18719124794006,5742.3604435920715,213
6994,60,80,0.0006377035,7845.324870347977,124.20612120628357,5743.179896593094,213
6995,60,80,0.004721388,7846.4420557022095,124.21320819854736,5743.997314691544,213
6996,60,80,0.003193757,7847.556546926498,124.21916222572327,5744.823161840439,213
6997,60,80,0.0023836936,7848.679463148117,124.23578429222107,5745.641285657883,213
6998,60,80,0.0076052146,7849.791058063507,124.24687838554382,5746.466151714325,213
6999,60,80,4.5350043e-05,7850.913320541382,124.27597737312317,5747.280643701553,213
7000,60,80,0.00013459238,7852.019912958145,124.27933144569397,5748.096500635147,213
7001,60,80,0.011656724,7853.145652770996,124.31272339820862,5748.912033557892,213
7002,60,80,0.0008618649,7854.253087759018,124.31469440460205,5749.737490415573,213
7003,60,80,0.0005257035,7855.376890420914,124.31666445732117,5750.565616369247,213
7004,60,80,0.08001598,7856.5065224170685,124.34488129615784,5751.391342639923,213
7005,60,80,0.009018334,7857.6373591423035,124.39101839065552,5752.203656673431,213
7006,60,80,0.00017040524,7858.754102706909,124.40143346786499,5753.029618501663,213
7007,60,80,6.18818e-05,7859.876185655594,124.42431449890137,5753.850825309753,213
7008,60,80,0.007883938,7860.999129295349,124.44262862205505,5754.668843507767,213
7009,60,80,0.0009987478,7862.114395856857,124.44651460647583,5755.492632389069,213
7010,60,80,0.00051849027,7863.226069927216,124.44861674308777,5756.31950545311,213
7011,60,80,0.011462117,7864.3477346897125,124.45064377784729,5757.1434943675995,213
7012,60,80,0.00018807505,7865.4692029953,124.4524917602539,5757.968559503555,213
7013,60,80,0.00027953603,7866.591107368469,124.47836089134216,5758.796628475189,213
7014,60,80,0.0022484816,7867.697266578674,124.4803159236908,5759.614887475967,213
7015,60,80,0.017169748,7868.818797111511,124.51026606559753,5760.4400362968445,213
7016,60,80,0.00018549612,7869.928951740265,124.51998400688171,5761.2577912807465,213
7017,60,80,0.0037932526,7871.03614115715,124.52864789962769,5762.074622392654,213
7018,60,80,0.19411209,7872.155955553055,124.53061079978943,5762.908789157867,213
7019,60,80,0.0034212559,7873.271885633469,124.56130194664001,5763.727019071579,213
7020,60,80,0.012052497,7874.391942501068,124.58202195167542,5764.545845985413,213
7021,60,80,0.00062521367,7875.509516716003,124.58378577232361,5765.367060184479,213
7022,60,80,0.00022879273,7876.629031896591,124.58588171005249,5766.192295074463,213
7023,60,80,0.001067526,7877.750766277313,124.59948253631592,5767.020214319229,213
7024,60,81,0.0023509853,7879.269659280777,124.98583555221558,5767.8453052043915,213
7025,60,81,5.492636e-05,7880.390646696091,125.00184345245361,5768.667096376419,213
7026,60,81,4.964439e-05,7881.493261575699,125.00865840911865,5769.484195232391,213
7027,60,81,0.00020989517,7882.611442089081,125.01768660545349,5770.308735132217,213
7028,60,81,2.2955095e-05,7883.736712694168,125.03598260879517,5771.12353515625,213
7029,60,81,2.8871731e-05,7884.846981048584,125.04022574424744,5771.94117641449,213
7030,61,81,7.7587465e-05,7885.879610300064,125.04258394241333,5772.756899595261,213
7031,61,81,0.00019090626,7887.008491277695,125.0701858997345,5773.572362661362,213
7032,61,81,0.0013710428,7888.13739657402,125.09596085548401,5774.395262002945,213
7033,61,81,3.848997e-05,7889.242888450623,125.09782767295837,5775.2101130485535,213
7034,61,81,8.2231854e-05,7890.366734027863,125.10667371749878,5776.038690090179,213
7035,61,81,2.5034276e-05,7891.481457233429,125.13564658164978,5776.8520250320435,213
7036,61,81,2.878667e-05,7892.599534511566,125.15376853942871,5777.67769408226,213
7037,61,81,7.656937e-05,7893.710841417313,125.1557285785675,5778.493077993393,213
7038,61,81,0.00013009472,7894.817984819412,125.17108058929443,5779.31619310379,213
7039,61,81,1.7974678e-05,7895.944138288498,125.2018256187439,5780.137439966202,213
7040,61,81,2.5711557e-05,7897.071938037872,125.22114181518555,5780.952402830124,213
7041,61,81,1.8945066e-05,7898.187307596207,125.23479676246643,5781.777647733688,213
7042,61,81,4.5475514e-05,7899.296152830124,125.24493074417114,5782.59842467308,213
7043,61,81,5.2004423e-05,7900.414286613464,125.24696373939514,5783.420247793198,213
7044,61,81,0.00018303283,7901.524034738541,125.27116990089417,5784.237731695175,213
7045,61,81,0.00042682874,7902.639317035675,125.29371094703674,5785.050296545029,213
7046,61,81,5.7338082e-05,7903.749752998352,125.31531310081482,5785.8710832595825,213
7047,61,81,5.133764e-05,7904.868891477585,125.32957911491394,5786.691979408264,213
7048,61,81,0.00016402359,7905.976473331451,125.33173608779907,5787.509264230728,213
7049,61,81,0.0009321393,7907.094892978668,125.35188126564026,5788.327015161514,213
7050,61,81,1.0339902e-05,7908.209393262863,125.35366630554199,5789.151332139969,213
7051,61,81,7.451724e-06,7909.324066877365,125.35585117340088,5789.97895026207,213
7052,61,81,0.00022679378,7910.4433534145355,125.36267614364624,5790.798675298691,213
7053,61,81,3.3266515e-05,7911.557289600372,125.37209224700928,5791.6153383255005,213
7054,61,81,7.295948e-05,7912.689533948898,125.41094136238098,5792.439360380173,213
7055,61,81,1.3038373e-06,7913.795352220535,125.41722416877747,5793.255576372147,213
7056,61,81,4.3066706e-05,7914.92217874527,125.43820309638977,5794.080232381821,213
7057,61,81,1.9701773e-05,7916.035403251648,125.44293999671936,5794.911081075668,213
7058,61,81,5.906915e-05,7917.154396533966,125.465891122818,5795.728866815567,213
7059,61,81,0.0011263678,7918.264524698257,125.47070717811584,5796.5463099479675,213
7060,61,81,0.00013461261,7919.380420207977,125.50066828727722,5797.366004943848,213
7061,61,81,2.3965673e-05,7920.497225999832,125.50245833396912,5798.18084859848,213
7062,61,81,0.00010209285,7921.623692512512,125.50447535514832,5799.001037359238,213
7063,61,81,0.00083602546,7922.734479665756,125.5165114402771,5799.8167934417725,213
7064,61,81,1.987885e-05,7923.855560064316,125.52507662773132,5800.64742231369,213
7065,61,81,0.0006169133,7924.9705722332,125.52700543403625,5801.467522144318,213
7066,61,81,6.8701775e-05,7926.080689668655,125.53283452987671,5802.287117242813,213
7067,61,81,3.043429e-06,7927.200517177582,125.5509295463562,5803.106340169907,213
7068,61,81,0.0045840223,7928.316010713577,125.5700056552887,5803.928726196289,213
7069,61,81,0.00013785492,7929.429188251495,125.5721526145935,5804.750299215317,213
7070,61,81,3.876688e-05,7930.54008603096,125.58638072013855,5805.566434144974,213
7071,61,81,2.1768117e-05,7931.67174577713,125.59377861022949,5806.387384414673,213
7072,61,81,6.10415e-05,7932.789425849915,125.61648654937744,5807.211079359055,213
7073,61,81,3.7470858e-05,7933.907613277435,125.629629611969,5808.032354354858,213
7074,61,81,3.128381e-05,7935.035557985306,125.64848470687866,5808.8430643081665,213
7075,61,81,9.123875e-06,7936.154409408569,125.65345978736877,5809.668438434601,213
7076,61,81,5.2437077e-05,7937.273234367371,125.66482973098755,5810.4919056892395,213
7077,61,81,0.0009806043,7938.38538312912,125.66942763328552,5811.308157682419,213
7078,61,81,0.00032218543,7939.503179550171,125.6715087890625,5812.127425432205,213
7079,61,81,1.3056822e-06,7940.635067224503,125.70807576179504,5812.952849388123,213
7080,61,81,5.7346453e-05,7941.765021800995,125.74370169639587,5813.769352436066,213
7081,61,81,0.00022058748,7942.878960132599,125.75670671463013,5814.591035366058,213
7082,61,81,2.9982883e-05,7943.995509147644,125.75875854492188,5815.420256137848,213
7083,61,81,4.1621428e-05,7945.112640380859,125.76792573928833,5816.239215135574,213
7084,61,81,7.047557e-05,7946.228889465332,125.78197765350342,5817.061872005463,213
7085,61,81,2.8465056e-05,7947.347477674484,125.7935106754303,5817.880439043045,213
7086,61,81,8.460847e-06,7948.464206457138,125.8083987236023,5818.703056097031,213
7087,61,81,1.412284e-05,7949.590778827667,125.81034874916077,5819.52761721611,213
7088,61,81,2.760009e-05,7950.71053481102,125.81221890449524,5820.355142116547,213
7089,61,81,1.46419e-05,7951.83975481987,125.83306694030762,5821.179613828659,213
7090,61,81,6.135083e-06,7952.95649600029,125.85515189170837,5821.994920015335,213
7091,61,81,0.00014728605,7954.064056158066,125.86625576019287,5822.81711602211,213
7092,61,81,1.7015562e-05,7955.179955005646,125.8731198310852,5823.628756046295,213
7093,61,81,6.591197e-06,7956.296033143997,125.8751847743988,5824.460639953613,213
7094,61,81,1.1060981e-05,7957.411074638367,125.88387680053711,5825.276530981064,213
7095,61,81,5.981543e-05,7958.515961647034,125.88950562477112,5826.09968996048,213
7096,61,81,4.4067656e-06,7959.633113622665,125.89503860473633,5826.921972990036,213
7097,61,81,2.184797e-06,7960.741362571716,125.89682960510254,5827.7427480220795,213
7098,61,81,4.174009e-06,7961.862704515457,125.90772151947021,5828.571012020111,213
7099,61,81,1.5413058e-05,7962.98198223114,125.92063760757446,5829.392823934555,213
7100,61,81,0.0001143133,7964.102590799332,125.92261862754822,5830.216618061066,213
7101,61,81,5.519001e-05,7965.211179971695,125.92472457885742,5831.044739961624,213
7102,61,81,0.00024781143,7966.334148645401,125.93259644508362,5831.868470668793,213
7103,61,81,0.0011923307,7967.445015668869,125.94342541694641,5832.684755563736,213
7104,61,81,0.00084688544,7968.570992708206,125.96397638320923,5833.510295391083,213
7105,61,81,2.6282993e-05,7969.696827888489,125.98369240760803,5834.335614204407,213
7106,61,81,5.401611e-07,7970.802386522293,125.99448943138123,5835.157459259033,213
7107,61,81,4.9705817e-05,7971.91242480278,125.9985044002533,5835.969809293747,213
7108,61,81,6.6785497e-06,7973.03112244606,126.0035834312439,5836.782408237457,213
7109,61,81,2.587587e-05,7974.144554615021,126.00924754142761,5837.611616134644,213
7110,61,81,5.693184e-06,7975.258786678314,126.02524542808533,5838.432878255844,213
7111,61,81,1.2288159e-05,7976.364144086838,126.02720952033997,5839.255469322205,213
7112,61,81,8.92857e-05,7977.493134498596,126.02908968925476,5840.085367441177,213
7113,61,81,1.1847295e-05,7978.630857467651,126.07217073440552,5840.901768445969,213
7114,61,81,0.00022850765,7979.741051197052,126.09321761131287,5841.717833280563,213
7115,61,81,1.2392208e-05,7980.86462187767,126.11327147483826,5842.53950214386,213
7116,61,81,0.00024402111,7981.983340024948,126.12141036987305,5843.365770101547,213
7117,61,81,4.5743604e-06,7983.1004683971405,126.12505030632019,5844.180659294128,213
7118,61,81,0.010893036,7984.202925920486,126.13111734390259,5845.002276420593,213
7119,61,81,0.0002571785,7985.310108423233,126.14442133903503,5845.814010381699,213
7120,61,81,0.0002804937,7986.424999237061,126.1462013721466,5846.645458221436,213
7121,61,81,8.710469e-06,7987.555342435837,126.17805647850037,5847.459466218948,213
7122,61,81,4.7998315e-06,7988.67275094986,126.18245053291321,5848.285938262939,213
7123,61,81,1.605881e-05,7989.8002853393555,126.22097873687744,5849.103382110596,213
7124,61,81,0.00041745062,7990.921642065048,126.23699164390564,5849.930437088013,213
7125,61,81,0.0003999323,7992.047490358353,126.25570249557495,5850.750045061111,213
7126,61,81,4.987479e-06,7993.156160831451,126.260582447052,5851.567850112915,213
7127,61,81,0.00010582181,7994.277675628662,126.27819538116455,5852.388063907623,213
7128,61,81,2.335908e-05,7995.391570091248,126.31176042556763,5853.20775103569,213
7129,61,81,5.8056003e-06,7996.501726388931,126.31987047195435,5854.033681154251,213
7130,61,81,2.369735e-05,7997.612690210342,126.33915638923645,5854.859622955322,213
7131,61,81,1.0360019e-05,7998.729854822159,126.3472044467926,5855.684117794037,213
7132,61,81,1.8234938e-06,7999.843819141388,126.36050939559937,5856.504255771637,213
7133,61,81,5.7809307e-06,8000.974173307419,126.3787362575531,5857.330862522125,213
7134,61,81,2.8701867e-05,8002.0986328125,126.39378523826599,5858.160096645355,213
7135,61,81,1.18151165e-05,8003.220914840698,126.4011332988739,5858.9854147434235,213
7136,61,81,1.1045349e-06,8004.340812206268,126.42593026161194,5859.804035663605,213
7137,61,81,9.766295e-06,8005.461829900742,126.42800235748291,5860.620686531067,213
7138,61,81,0.0009422952,8006.578489542007,126.42995429039001,5861.445474386215,213
7139,61,81,7.897487e-07,8007.694059848785,126.43189430236816,5862.266124248505,213
7140,61,81,1.0318925e-06,8008.809412956238,126.43548846244812,5863.091088294983,213
7141,61,81,1.01215865e-05,8009.939617156982,126.46855640411377,5863.910380363464,213
7142,61,81,0.00030972747,8011.0549058914185,126.4705924987793,5864.72967839241,213
7143,61,81,0.00027451367,8012.178719043732,126.50287246704102,5865.550981283188,213
7144,61,82,1.2760724e-05,8013.695549964905,126.89474320411682,5866.373996257782,213
7145,61,82,1.812943e-05,8014.810595273972,126.90498423576355,5867.196435213089,213
7146,61,82,2.359876e-06,8015.928202629089,126.94498133659363,5868.017185926437,213
7147,62,82,4.7602844e-05,8016.952572345734,126.94741439819336,5868.838191747665,213
7148,62,82,6.151872e-06,8018.068196296692,126.97167944908142,5869.659700870514,213
7149,62,82,8.289922e-05,8019.195912599564,126.97367358207703,5870.4979128837585,213
7150,62,82,0.00038679107,8020.303118944168,126.98568058013916,5871.318635940552,213
7151,62,82,7.286455e-05,8021.435208320618,127.01738452911377,5872.14165186882,213
7152,62,82,1.371136e-05,8022.551553964615,127.02895545959473,5872.9564418792725,213
7153,62,82,5.978889e-06,8023.6586854457855,127.03083944320679,5873.7736258506775,213
7154,62,82,6.2659434e-05,8024.770699977875,127.03529953956604,5874.593661785126,213
7155,62,82,8.369793e-05,8025.891570091248,127.05006265640259,5875.411146879196,213
7156,62,82,1.1438666e-05,8027.009246110916,127.07182264328003,5876.234074831009,213
7157,62,82,1.388341e-05,8028.121786594391,127.07710576057434,5877.0491008758545,213
7158,62,82,2.2584343e-05,8029.2353529930115,127.08235573768616,5877.871483802795,213
7159,62,82,4.6545127e-05,8030.341405391693,127.08848261833191,5878.690249681473,213
7160,62,82,7.147163e-05,8031.460835933685,127.11112260818481,5879.511303424835,213
7161,62,82,0.00018766383,8032.575321674347,127.12904977798462,5880.33395242691,213
7162,62,82,1.6702792e-05,8033.677383899689,127.13382196426392,5881.151718378067,213
7163,62,82,1.4218961e-05,8034.784162521362,127.14553499221802,5881.971751451492,213
7164,62,82,0.0003383959,8035.898920297623,127.16263580322266,5882.796363592148,213
7165,62,82,3.571235e-05,8037.017842054367,127.1677258014679,5883.615341663361,213
7166,62,82,1.21424055e-05,8038.137583971024,127.18933367729187,5884.437099456787,213
7167,62,82,0.00081114855,8039.251764297485,127.21095871925354,5885.259529352188,213
7168,62,82,1.4148751e-05,8040.371169567108,127.24117588996887,5886.078995227814,213
7169,62,82,0.00013133128,8041.4911386966705,127.25817894935608,5886.906002044678,213
7170,62,82,6.0940865e-06,8042.6086757183075,127.27064108848572,5887.735941171646,213
7171,62,82,0.00013142746,8043.729625940323,127.27242588996887,5888.563351154327,213
7172,62,82,0.0005854142,8044.837361812592,127.28287386894226,5889.381181240082,213
7173,62,82,6.982544e-06,8045.955404996872,127.29786372184753,5890.215003490448,213
7174,62,82,7.446231e-05,8047.06666469574,127.30899572372437,5891.037106513977,213
7175,62,82,1.9447984e-05,8048.172020673752,127.31090068817139,5891.85800075531,213
7176,62,82,2.6501171e-05,8049.3124051094055,127.33619976043701,5892.683742761612,213
7177,62,82,1.2498201e-06,8050.429487466812,127.35648155212402,5893.514306545258,213
7178,62,82,2.8966519e-05,8051.544744491577,127.37253737449646,5894.339071750641,213
7179,62,82,1.9581556e-05,8052.650132417679,127.37430739402771,5895.156587600708,213
7180,62,82,1.5252139e-05,8053.766145467758,127.3844861984253,5895.975484609604,213
7181,62,82,9.324398e-05,8054.8756647109985,127.40309500694275,5896.79358959198,213
7182,62,82,3.7323032e-05,8055.996187448502,127.41534090042114,5897.618782281876,213
7183,62,82,6.0077473e-05,8057.117993354797,127.43779492378235,5898.440756320953,213
7184,62,82,0.0068075806,8058.25547170639,127.44964289665222,5899.267605304718,213
7185,62,82,1.609292e-06,8059.36203789711,127.45165991783142,5900.088933229446,213
7186,62,82,0.0004065611,8060.480155944824,127.45337200164795,5900.907590150833,213
7187,62,82,1.5846592e-05,8061.596950054169,127.47269892692566,5901.733871459961,213
7188,62,82,0.00023095429,8062.711085319519,127.48700594902039,5902.561020612717,213
7189,62,82,4.326653e-06,8063.816468715668,127.49104189872742,5903.378038406372,213
7190,62,82,4.589331e-05,8064.930819749832,127.5019428730011,5904.205612182617,213
7191,62,82,3.9187533e-05,8066.033182621002,127.50948071479797,5905.025507211685,213
7192,62,82,1.8985083e-05,8067.147205591202,127.51155662536621,5905.85143828392,213
7193,62,82,0.00024473039,8068.345096588135,127.59161162376404,5906.666959285736,213
7194,62,82,0.00066162564,8069.5096616744995,127.63041758537292,5907.4918332099915,213
7195,62,82,3.913284e-06,8070.623381137848,127.64189839363098,5908.318120241165,213
7196,62,82,0.00024686405,8071.734848737717,127.6563823223114,5909.134055376053,213
7197,62,82,1.8479603e-05,8072.858889102936,127.65837216377258,5909.956953525543,213
7198,62,82,0.0003917243,8073.975214958191,127.6647641658783,5910.775015592575,213
7199,62,82,7.649791e-05,8075.0952162742615,127.68300318717957,5911.599717617035,213
7200,62,82,0.0002153124,8076.211616754532,127.68497824668884,5912.416637420654,213
7201,62,82,0.00027833576,8077.326441526413,127.70403623580933,5913.233438491821,213
7202,62,82,3.2303997e-05,8078.457728147507,127.73732924461365,5914.051069498062,213
7203,62,82,2.270165e-05,8079.576287746429,127.7563681602478,5914.870653629303,213
7204,62,82,1.0392267e-05,8080.688588142395,127.7711832523346,5915.693863630295,213
7205,62,83,5.135267e-05,8082.204255819321,128.17139101028442,5916.5129227638245,213
7206,62,83,0.00018186233,8083.317918539047,128.17342019081116,5917.344043731689,213
7207,62,83,0.000728336,8084.440979480743,128.1757402420044,5918.175007820129,213
7208,62,83,1.4249393e-05,8085.548811197281,128.1789734363556,5918.993723869324,213
7209,62,83,1.5403699e-05,8086.664016723633,128.19315648078918,5919.810555934906,213
7210,62,83,0.00049361883,8087.776313781738,128.2116425037384,5920.629123210907,213
7211,62,83,0.0001070531,8088.897647857666,128.2317032814026,5921.443326473236,213
7212,62,83,1.3825332e-05,8090.009347677231,128.23366832733154,5922.267193555832,213
7213,62,83,9.009984e-05,8091.124588727951,128.24667143821716,5923.095728635788,213
7214,62,83,6.488208e-05,8092.243289232254,128.26380038261414,5923.910945653915,213
7215,62,83,0.00049768167,8093.355705976486,128.27526235580444,5924.725246667862,213
7216,62,83,4.5650017e-06,8094.480817079544,128.28887724876404,5925.541300773621,213
7217,62,83,0.00048425648,8095.60360622406,128.29844546318054,5926.365088939667,213
7218,62,83,0.0008626212,8096.720771551132,128.30995345115662,5927.178583860397,213
7219,62,83,9.468181e-06,8097.845764875412,128.3193724155426,5928.003706932068,213
7220,62,83,0.00010807839,8098.958410739899,128.3291413784027,5928.824124097824,213
7221,62,83,0.00022121603,8100.0724239349365,128.34268522262573,5929.641939163208,213
7222,62,83,1.4431245e-05,8101.199629545212,128.36081218719482,5930.468054056168,213
7223,62,83,2.398941e-05,8102.322172641754,128.36826014518738,5931.289029836655,213
7224,62,83,3.5276575e-05,8103.438849449158,128.36998009681702,5932.113657951355,213
7225,62,83,1.2690469e-05,8104.553495645523,128.37627625465393,5932.930791854858,213
7226,62,83,0.00032556744,8105.666683673859,128.39659428596497,5933.747004032135,213
7227,62,83,7.8310135e-05,8106.774577856064,128.39972829818726,5934.563595056534,213
7228,62,83,4.3696627e-06,8107.884040117264,128.4040813446045,5935.379271030426,213
7229,62,83,3.268975e-05,8108.991762876511,128.4171223640442,5936.198231220245,213
7230,62,83,2.1505548e-05,8110.10186457634,128.43503546714783,5937.021236181259,213
7231,62,83,0.00021926737,8111.212551116943,128.43828225135803,5937.8472990989685,213
7232,62,83,0.00014521542,8112.342698335648,128.4682273864746,5938.667129993439,213
7233,62,83,4.0453742e-05,8113.4668555259705,128.47024536132812,5939.489798069,213
7234,62,83,7.107423e-06,8114.592950105667,128.4959511756897,5940.309998035431,213
7235,62,83,7.936086e-06,8115.707947731018,128.5142002105713,5941.129644870758,213
7236,62,83,4.6004084e-06,8116.830527544022,128.5457751750946,5941.945341825485,213
7237,62,83,4.8160276e-05,8117.9409148693085,128.55321526527405,5942.768341779709,213
7238,62,83,3.710304e-05,8119.047419786453,128.55547332763672,5943.586146831512,213
7239,62,83,0.00014516125,8120.167382955551,128.57325530052185,5944.406732797623,213
7240,62,83,4.2001582e-05,8121.283650398254,128.58683824539185,5945.2211718559265,213
7241,62,83,1.6228749e-05,8122.3873834609985,128.58888912200928,5946.03227353096,213
7242,62,83,4.8849593e-05,8123.507231235504,128.60152792930603,5946.851781606674,213
7243,62,83,0.00011268906,8124.636646986008,128.61585593223572,5947.678485631943,213
7244,62,83,8.081389e-06,8125.7499969005585,128.61773872375488,5948.5041716098785,213
7245,62,83,0.00020709893,8126.870101451874,128.65062475204468,5949.323749780655,213
7246,62,83,4.5633962e-05,8127.999056816101,128.6528058052063,5950.1441106796265,213
7247,62,83,9.10039e-06,8129.126875400543,128.68082475662231,5950.962707519531,213
7248,62,84,4.026576e-05,8130.679894924164,129.10613775253296,5951.795212507248,213
7249,62,84,2.632549e-05,8131.792589902878,129.12372875213623,5952.609396457672,213
7250,62,84,0.00038618062,8132.910377025604,129.14019179344177,5953.432646512985,213
7251,62,84,4.1235042e-05,8134.032776355743,129.15847778320312,5954.260095357895,213
7252,62,84,4.5792338e-05,8135.144603013992,129.16068863868713,5955.093755483627,213
7253,62,84,0.00028116818,8136.270988702774,129.18662881851196,5955.919082403183,213
7254,62,84,0.00072131044,8137.380470991135,129.20007061958313,5956.739014625549,213
7255,62,84,0.00010610418,8138.496268749237,129.2162356376648,5957.562690496445,213
7256,62,84,9.113067e-05,8139.617705345154,129.23343777656555,5958.396088600159,213
7257,62,84,8.1758146e-05,8140.734988212585,129.24072670936584,5959.220186471939,213
7258,62,84,5.6714e-06,8141.847544431686,129.2544937133789,5960.039760351181,213
7259,62,84,1.3693438e-05,8142.969338178635,129.28195881843567,5960.856781244278,213
7260,62,84,0.00022379431,8144.071019649506,129.28416085243225,5961.682650089264,213
7261,62,84,0.002761892,8145.192214250565,129.30653285980225,5962.498625278473,213
7262,62,84,6.95444e-06,8146.311389684677,129.32710790634155,5963.324150323868,213
7263,62,84,1.2112997e-05,8147.428006410599,129.33097791671753,5964.1455514431,213
7264,63,84,0.00074818544,8148.440127372742,129.3332359790802,5964.965721130371,213
7265,63,84,2.5719368e-05,8149.560460567474,129.3436439037323,5965.789388418198,213
7266,63,84,0.00033498148,8150.673919677734,129.34661507606506,5966.614266633987,213
7267,63,84,0.0069557205,8151.78865480423,129.35427522659302,5967.440046548843,213
7268,63,84,0.0024333843,8152.912393093109,129.35638213157654,5968.262500762939,213
7269,63,84,5.220278e-05,8154.021708250046,129.3582739830017,5969.088949918747,213
7270,63,84,1.0610124e-05,8155.136921167374,129.38422918319702,5969.906513214111,213
7271,63,84,8.051632e-06,8156.251805782318,129.38888335227966,5970.733962059021,213
7272,63,84,4.526115e-06,8157.367658615112,129.42145538330078,5971.550710201263,213
7273,63,84,2.269509e-05,8158.490154266357,129.42344522476196,5972.380727052689,213
7274,63,84,1.4890726e-05,8159.614718914032,129.4424753189087,5973.1978142261505,213
7275,63,84,1.2841463e-05,8160.737247467041,129.44447922706604,5974.015486240387,213
7276,63,84,0.0062058503,8161.857337713242,129.4602551460266,5974.8422865867615,213
7277,63,84,0.0005393954,8162.9690554142,129.46258020401,5975.665790557861,213
7278,63,84,8.368393e-05,8164.084998130798,129.4744644165039,5976.482700586319,213
7279,63,84,0.0011299155,8165.210506916046,129.5042223930359,5977.301818609238,213
7280,63,84,0.001310347,8166.330804347992,129.50616240501404,5978.123095750809,213
7281,63,84,0.000119745266,8167.4580409526825,129.50840139389038,5978.9489958286285,213
7282,63,84,4.773709e-06,8168.569055557251,129.52473330497742,5979.765054941177,213
7283,63,84,6.576542e-06,8169.70524263382,129.5511291027069,5980.587466955185,213
7284,63,84,0.00032187442,8170.823549032211,129.55297708511353,5981.408529043198,213
7285,63,84,0.0026887157,8171.9420602321625,129.55486798286438,5982.231616258621,213
7286,63,84,3.4086344e-07,8173.056109189987,129.564612865448,5983.051349401474,213
7287,63,84,1.7681486e-05,8174.173055171967,129.57679677009583,5983.8753225803375,213
7288,63,84,0.00015602549,8175.288139104843,129.5960066318512,5984.698246479034,213
7289,63,84,8.617655e-05,8176.398586273193,129.59783673286438,5985.516442298889,213
7290,63,84,3.3749716e-06,8177.512584447861,129.60768795013428,5986.335837364197,213
7291,63,84,0.0001329286,8178.626710653305,129.61534309387207,5987.154185056686,213
7292,63,84,0.0017251603,8179.745564937592,129.63655400276184,5987.975806951523,213
7293,63,84,6.857813e-06,8180.852984905243,129.6415479183197,5988.806062936783,213
7294,63,84,0.0002007035,8181.9699177742,129.65782976150513,5989.634743928909,213
7295,63,84,0.0001953528,8183.08525967598,129.66514992713928,5990.454457759857,213
7296,63,84,5.6632078e-05,8184.206598997116,129.67042589187622,5991.275019645691,213
7297,63,84,2.2798074e-06,8185.318035125732,129.67702102661133,5992.099638462067,213
7298,63,84,1.5199102e-05,8186.441548585892,129.70524907112122,5992.913480520248,213
7299,63,84,0.00015650076,8187.555161714554,129.72310519218445,5993.734729528427,213
7300,63,84,9.724033e-06,8188.684584379196,129.75029921531677,5994.561037302017,213
7301,63,84,5.0772924e-06,8189.799813508987,129.76536226272583,5995.376153469086,213
7302,63,84,1.5032953e-05,8190.908011674881,129.78038024902344,5996.19184923172,213
7303,63,84,3.7714678e-06,8192.031584262848,129.78236532211304,5997.017285108566,213
7304,63,84,6.509279e-06,8193.151818037033,129.8043134212494,5997.8330998420715,213
7305,63,84,1.9813007e-05,8194.26472067833,129.82012343406677,5998.651911973953,213
7306,63,84,1.4416303e-06,8195.386688947678,129.84434247016907,5999.47047495842,213
7307,63,84,3.9011382e-05,8196.513179302216,129.85872340202332,6000.296220064163,213
7308,63,84,9.887872e-05,8197.617474079132,129.8666913509369,6001.125806093216,213
7309,63,84,0.00024524677,8198.746271133423,129.86863732337952,6001.952428102493,213
7310,63,84,0.0002049604,8199.862864017487,129.87082934379578,6002.774901151657,213
7311,63,84,1.8970859e-05,8200.980522155762,129.90159511566162,6003.594732999802,213
7312,63,84,2.3346069e-05,8202.09495139122,129.93142414093018,6004.412655115128,213
7313,63,84,1.3718871e-05,8203.210906505585,129.94692516326904,6005.238477230072,213
7314,63,84,2.2211785e-05,8204.336624860764,129.94906616210938,6006.055659294128,213
7315,63,84,4.0972125e-05,8205.465606689453,129.9896023273468,6006.873905420303,213
7316,63,84,0.0001467914,8206.590885400772,130.01142048835754,6007.69345831871,213
7317,63,84,0.00053340325,8207.707260608673,130.01334857940674,6008.516894102097,213
7318,63,84,4.915046e-06,8208.834159374237,130.04177165031433,6009.336743116379,213
7319,63,84,1.8253863e-07,8209.94855594635,130.0632095336914,6010.157121896744,213
7320,63,84,1.7508422e-06,8211.063126325607,130.06513738632202,6010.985043048859,213
7321,63,84,2.7714823e-06,8212.172581672668,130.0782744884491,6011.809480190277,213
7322,63,84,2.8974371e-05,8213.285815000534,130.0800585746765,6012.626200914383,213
7323,63,84,1.01794085e-05,8214.415462255478,130.11658453941345,6013.443644046783,213
7324,63,84,2.2052418e-06,8215.526079893112,130.12530946731567,6014.267451047897,213
7325,63,84,2.0654366e-05,8216.650494098663,130.14911246299744,6015.0912919044495,213
7326,63,84,0.000831361,8217.764307498932,130.15826225280762,6015.923901796341,213
7327,63,84,7.6660535e-06,8218.877395391464,130.17460227012634,6016.738788604736,213
7328,63,84,7.445353e-06,8219.988871335983,130.1788411140442,6017.561422586441,213
7329,63,84,9.545418e-05,8221.105435371399,130.21182823181152,6018.383251905441,213
7330,63,84,0.00015927285,8222.215448141098,130.21814823150635,6019.204640865326,213
7331,63,84,7.683897e-05,8223.33322262764,130.2304563522339,6020.027057647705,213
7332,63,84,0.00032188924,8224.451875448227,130.24554634094238,6020.844232797623,213
7333,63,84,3.475616e-06,8225.589935541153,130.29176330566406,6021.660626649857,213
7334,63,84,8.771408e-06,8226.721495628357,130.29364943504333,6022.490082740784,213
7335,63,84,7.6739925e-05,8227.836879730225,130.30566453933716,6023.308233737946,213
7336,63,84,0.000535394,8228.96150970459,130.30779457092285,6024.125743865967,213
7337,63,84,0.00032210784,8230.07552933693,130.32782554626465,6024.937353849411,213
7338,63,84,9.162839e-06,8231.198186635971,130.34031176567078,6025.760272741318,213
7339,63,84,0.0002592494,8232.306480884552,130.3485336303711,6026.574346542358,213
7340,63,84,8.401413e-06,8233.426795482635,130.35055661201477,6027.397319316864,213
7341,63,84,6.704824e-05,8234.545373916626,130.37818145751953,6028.221328496933,213
7342,63,84,7.1734057e-06,8235.665966510773,130.38680458068848,6029.050168514252,213
7343,63,85,2.4202896e-05,8237.186157941818,130.79832363128662,6029.871201515198,213
7344,63,85,0.00018734092,8238.307034015656,130.8003556728363,6030.688554525375,213
7345,63,85,0.00063634606,8239.423915624619,130.82445359230042,6031.506347417831,213
7346,63,85,0.00068576896,8240.535895109177,130.84029459953308,6032.32939863205,213
7347,63,85,0.00046869702,8241.655227899551,130.85852456092834,6033.151476383209,213
7348,63,85,0.00021292674,8242.771208763123,130.8604736328125,6033.977227449417,213
7349,63,85,7.728223e-05,8243.886864185333,130.86740064620972,6034.7989773750305,213
7350,63,85,3.2244032e-05,8245.005580663681,130.91252970695496,6035.61180639267,213
7351,63,85,6.710424e-05,8246.130513191223,130.91454362869263,6036.426694393158,213
7352,63,85,7.3683455e-05,8247.266610145569,130.95357871055603,6037.245963573456,213
7353,63,85,0.0001772481,8248.389545440674,130.9727635383606,6038.062691688538,213
7354,63,85,0.0013875087,8249.512228012085,130.99775052070618,6038.887728691101,213
7355,63,85,0.00036490505,8250.627764463425,131.01774334907532,6039.707170724869,213
7356,63,85,0.000109544664,8251.737021446228,131.02420043945312,6040.52988576889,213
7357,63,85,0.0012496692,8252.846129179,131.02628827095032,6041.353302717209,213
7358,63,85,4.583637e-05,8253.964980840683,131.03349828720093,6042.174350738525,213
7359,63,85,7.43516e-06,8255.078619718552,131.0365822315216,6042.998129606247,213
7360,63,85,1.1780172e-05,8256.194858789444,131.0428183078766,6043.823013544083,213
7361,63,85,0.0013176636,8257.300905227661,131.04555916786194,6044.637109279633,213
7362,63,85,1.863381e-05,8258.42081618309,131.07937836647034,6045.45318031311,213
7363,63,85,0.0013345827,8259.545416116714,131.11614537239075,6046.270871162415,213
7364,63,85,4.397477e-06,8260.664387464523,131.11816143989563,6047.091549158096,213
7365,63,85,0.00052664976,8261.785206794739,131.12007546424866,6047.919044017792,213
7366,63,85,1.6968365e-06,8262.886636018753,131.12945246696472,6048.734211206436,213
7367,63,85,2.231777e-05,8263.996197462082,131.15064430236816,6049.550563335419,213
7368,63,85,0.0009445588,8265.113649129868,131.16052532196045,6050.369412183762,213
7369,63,85,2.8600058e-05,8266.223677873611,131.17176032066345,6051.1882293224335,213
7370,63,85,1.2498144e-06,8267.351068973541,131.20292925834656,6052.006265163422,213
7371,63,85,2.5473557e-05,8268.468220949173,131.2250373363495,6052.822098016739,213
7372,63,85,1.1917731e-05,8269.57259941101,131.22711634635925,6053.647938013077,213
7373,63,85,0.00012020311,8270.69873213768,131.2370023727417,6054.469341039658,213
7374,63,85,5.6488116e-06,8271.820057630539,131.25359344482422,6055.286665201187,213
7375,63,85,6.6062064e-05,8272.93307518959,131.27362942695618,6056.108554124832,213
7376,63,85,0.0026100294,8274.057139396667,131.2838613986969,6056.921595096588,213
7377,63,85,0.00011004814,8275.181787490845,131.31101942062378,6057.745352983475,213
7378,63,85,4.5264558e-05,8276.289303064346,131.3264524936676,6058.5624458789825,213
7379,63,85,6.3694906e-06,8277.401635885239,131.329514503479,6059.38593006134,213
7380,63,85,7.12589e-05,8278.522212028503,131.34799647331238,6060.207087993622,213
7381,64,85,0.019582963,8279.545336484909,131.35033750534058,6061.027096033096,213
7382,64,85,0.000116020754,8280.66534280777,131.35234546661377,6061.842734098434,213
7383,64,85,7.648127e-05,8281.779272556305,131.3615894317627,6062.675250053406,213
7384,64,85,5.5993532e-05,8282.898361444473,131.36991143226624,6063.497542858124,213
7385,64,85,2.9409607e-06,8284.007844209671,131.37439942359924,6064.308112621307,213
7386,64,85,3.2892256e-06,8285.116212368011,131.392151594162,6065.12441945076,213
7387,64,85,0.0003504742,8286.232576847076,131.40206956863403,6065.948332309723,213
7388,64,85,4.907792e-06,8287.347818136215,131.41666269302368,6066.771727561951,213
7389,64,85,0.012115179,8288.477333545685,131.4269106388092,6067.594792604446,213
7390,64,85,0.02528254,8289.599853038788,131.4552845954895,6068.418202638626,213
7391,64,85,4.014733e-05,8290.715476036072,131.47034764289856,6069.233456611633,213
7392,64,85,0.00024173132,8291.827998161316,131.47250866889954,6070.05517578125,213
7393,64,85,1.4596412e-05,8292.943208694458,131.47437071800232,6070.884912014008,213
7394,64,85,3.082606e-06,8294.06645655632,131.50007271766663,6071.700810909271,213
7395,64,85,4.19607e-05,8295.18274307251,131.51472568511963,6072.526025772095,213
7396,64,85,5.376832e-05,8296.305146932602,131.51689267158508,6073.355080842972,213
7397,64,85,2.6988631e-05,8297.41445350647,131.51902270317078,6074.179614782333,213
7398,64,85,0.00017970418,8298.538009166718,131.52084159851074,6075.003778934479,213
7399,64,85,1.06370735e-05,8299.664382696152,131.544020652771,6075.820693969727,213
7400,64,85,7.3726726e-05,8300.782789230347,131.56619954109192,6076.638001918793,213
7401,64,85,0.0052500754,8301.88822221756,131.5772886276245,6077.461744070053,213
7402,64,85,4.9845854e-05,8303.000508069992,131.5886266231537,6078.287884950638,213
7403,64,85,3.1493404e-05,8304.117808818817,131.59407949447632,6079.110738992691,213
7404,64,85,0.00042368853,8305.240024089813,131.59599351882935,6079.932313919067,213
7405,64,86,1.2156165e-05,8306.747431278229,131.99376440048218,6080.752076864243,213
7406,64,86,0.0020515707,8307.86156654358,132.0109224319458,6081.569112539291,213
7407,64,86,0.000119930875,8308.987357378006,132.0213804244995,6082.385622501373,213
7408,64,86,0.0003887453,8310.120804309845,132.06444025039673,6083.203045368195,213
7409,64,86,7.045867e-05,8311.231413125992,132.07390022277832,6084.027163505554,213
7410,64,86,5.729598e-05,8312.342497110367,132.09836840629578,6084.85072851181,213
7411,64,86,0.002023223,8313.469165325165,132.12714648246765,6085.666549444199,213
7412,64,86,8.7941284e-05,8314.582795143127,132.13139748573303,6086.488850355148,213
7413,64,86,0.000120537916,8315.696953296661,132.13569951057434,6087.312900304794,213
7414,64,86,0.0023132334,8316.815319299698,132.17086839675903,6088.127175092697,213
7415,64,86,4.8539012e-05,8317.929193735123,132.17983436584473,6088.95604300499,213
7416,64,86,0.00016344254,8319.044411182404,132.2102723121643,6089.767981290817,213
7417,64,86,0.00094894296,8320.15342259407,132.23561930656433,6090.586019277573,213
7418,64,86,1.5255011e-05,8321.265996932983,132.24372935295105,6091.412119150162,213
7419,64,86,9.2156384e-05,8322.386587142944,132.24579334259033,6092.237398147583,213
7420,64,86,3.3023239e-06,8323.488566875458,132.24798226356506,6093.061486959457,213
7421,64,86,2.2210499e-05,8324.606625556946,132.28440523147583,6093.87855887413,213
7422,64,86,3.5594371e-06,8325.724936246872,132.3168523311615,6094.701903820038,213
7423,64,86,1.8458435e-06,8326.849890470505,132.34987449645996,6095.5178418159485,213
7424,64,86,3.6187776e-05,8327.9799618721,132.36308646202087,6096.344440698624,213
7425,64,86,6.8083646e-05,8329.099181175232,132.36510062217712,6097.1697318553925,213
7426,64,86,0.00010783421,8330.230257987976,132.38586258888245,6097.992928743362,213
7427,64,86,0.000111682835,8331.349606275558,132.4086253643036,6098.8136558532715,213
7428,64,86,0.0019727314,8332.464650392532,132.41050052642822,6099.629649877548,213
7429,64,86,0.0016999462,8333.589398145676,132.41244649887085,6100.443897724152,213
7430,64,86,9.528445e-06,8334.710461378098,132.43451738357544,6101.267575502396,213
7431,64,86,5.8951795e-05,8335.827311754227,132.4535732269287,6102.08171248436,213
7432,64,86,0.000186359,8336.941931724548,132.45899605751038,6102.905385494232,213
7433,64,86,0.00016121895,8338.055788993835,132.46110820770264,6103.726904392242,213
7434,64,86,0.0013143319,8339.17917919159,132.46325635910034,6104.552392482758,213
7435,64,86,0.00035469176,8340.295097351074,132.46555542945862,6105.372909545898,213
7436,64,86,4.086382e-06,8341.407357692719,132.4676604270935,6106.199818611145,213
7437,64,86,7.6251945e-06,8342.529621601105,132.46986031532288,6107.025783538818,213
7438,64,86,9.174221e-05,8343.65448141098,132.47525429725647,6107.85098028183,213
7439,64,86,6.6471557e-06,8344.761847734451,132.4875202178955,6108.664696216583,213
7440,64,86,1.188416e-05,8345.874950647354,132.49402713775635,6109.487259149551,213
7441,64,86,2.3020453e-05,8346.981981992722,132.51146721839905,6110.30521607399,213
7442,64,86,0.0014218388,8348.108063936234,132.5366702079773,6111.125502109528,213
7443,64,86,1.1486098e-05,8349.225634098053,132.5512683391571,6111.943728923798,213
7444,64,86,5.7553938e-05,8350.35278749466,132.56926345825195,6112.760157823563,213
7445,64,86,9.120617e-05,8351.470367193222,132.5962884426117,6113.580826044083,213
7446,64,86,5.3289084e-05,8352.591123580933,132.6116213798523,6114.402913093567,213
7447,64,86,5.149947e-06,8353.70462846756,132.62086749076843,6115.224398136139,213
7448,64,86,5.3149222e-05,8354.824276924133,132.6258864402771,6116.0472910404205,213
7449,64,87,9.722853e-07,8356.3635430336,133.04496431350708,6116.862222194672,213
7450,64,87,3.1264408e-05,8357.482064247131,133.05554223060608,6117.686665296555,213
7451,64,87,0.03745094,8358.601164340973,133.0828082561493,6118.504108428955,213
7452,64,87,0.001383073,8359.729746580124,133.0851743221283,6119.324127435684,213
7453,64,87,3.80602e-05,8360.849833965302,133.08747720718384,6120.150107383728,213
7454,64,87,0.00021169364,8362.021421670914,133.1482231616974,6120.970771551132,213
7455,64,87,0.00010128677,8363.136826753616,133.15018606185913,6121.796550512314,213
7456,64,87,0.009093306,8364.308832883835,133.21621203422546,6122.616297721863,213
7457,64,87,2.0654927e-05,8365.471685409546,133.27846813201904,6123.4377229213715,213
7458,64,87,0.0002797477,8366.597164869308,133.3008360862732,6124.259246826172,213
7459,64,87,0.00012961794,8367.72018456459,133.32894015312195,6125.077334880829,213
7460,64,87,3.6184414e-05,8368.838718175888,133.34628701210022,6125.902307987213,213
7461,64,87,0.0021661143,8369.946521282196,133.34808993339539,6126.73060297966,213
7462,64,87,0.00022298415,8371.070130109787,133.3498558998108,6127.551996946335,213
7463,64,87,9.302778e-05,8372.184779167175,133.36104702949524,6128.370716094971,213
7464,64,87,3.0897725e-05,8373.30031967163,133.36734700202942,6129.197643995285,213
7465,64,87,0.0044526737,8374.421869516373,133.3850200176239,6130.016291856766,213
7466,64,87,4.5651727e-06,8375.533511161804,133.3967399597168,6130.8357927799225,213
7467,64,87,2.1129696e-05,8376.658219575882,133.41346979141235,6131.653168678284,213
7468,64,87,0.0009502727,8377.774617671967,133.41550469398499,6132.474656820297,213
7469,64,87,0.001079029,8378.885192632675,133.42612266540527,6133.295553684235,213
7470,64,87,9.752145e-06,8379.997751712799,133.43523478507996,6134.118335723877,213
7471,64,87,0.00010094781,8381.106233596802,133.44531989097595,6134.9420647621155,213
7472,64,87,1.2817566e-05,8382.211945056915,133.44711303710938,6135.766880750656,213
7473,64,87,2.0859083e-05,8383.33190870285,133.45443606376648,6136.588399887085,213
7474,64,87,6.487049e-05,8384.44117808342,133.4631531238556,6137.404141902924,213
7475,64,87,0.0127026215,8385.562950611115,133.46517610549927,6138.22561788559,213
7476,64,87,5.566836e-05,8386.688952445984,133.47317028045654,6139.0536642074585,213
7477,64,87,0.0003978599,8387.799763202667,133.47956824302673,6139.874149084091,213
7478,64,87,0.000453205,8388.923311471939,133.50261521339417,6140.695350885391,213
7479,64,87,0.00010333034,8390.033969640732,133.52935123443604,6141.51017165184,213
7480,64,87,0.00041954033,8391.151907205582,133.55474019050598,6142.328809499741,213
7481,64,87,3.7441463e-05,8392.262650966644,133.55670928955078,6143.150552272797,213
7482,64,87,0.018434793,8393.377364635468,133.5698561668396,6143.968357086182,213
7483,64,87,0.121009216,8394.497349500656,133.5960602760315,6144.794258117676,213
7484,64,87,0.00021015141,8395.624558925629,133.6268982887268,6145.61520409584,213
7485,64,87,1.9359388e-05,8396.743628025055,133.64872813224792,6146.441128015518,213
7486,64,87,1.6823918e-05,8397.8621134758,133.65079712867737,6147.267213106155,213
7487,64,87,0.1258931,8398.982854127884,133.66212129592896,6148.08479309082,213
7488,64,87,0.016077612,8400.084123134613,133.66411638259888,6148.908931016922,213
7489,64,87,0.00039730032,8401.198903799057,133.69108152389526,6149.726528167725,213
7490,64,88,0.000104198734,8402.738836050034,134.12611961364746,6150.539844036102,213
7491,64,88,0.00087021897,8403.852156162262,134.14706349372864,6151.357865810394,213
7492,64,88,1.3532275e-05,8404.962808847427,134.1492965221405,6152.180134534836,213
7493,64,88,0.0014746938,8406.084872722626,134.153160572052,6153.004392385483,213
7494,64,88,0.0003999587,8407.200272083282,134.15520548820496,6153.835324287415,213
7495,64,88,0.00023902157,8408.313287258148,134.17505955696106,6154.652880430222,213
7496,64,88,5.0379433e-05,8409.424650907516,134.1771686077118,6155.467751502991,213
7497,64,88,0.0003167494,8410.536324977875,134.1937656402588,6156.291254281998,213
7498,64,88,0.00026358565,8411.652219772339,134.20865654945374,6157.114086151123,213
7499,65,88,0.005194385,8412.689731121063,134.21111464500427,6157.935229063034,213
7500,65,88,8.7904555e-05,8413.800260305405,134.21364045143127,6158.762304067612,213
7501,65,88,5.8573223e-05,8414.931282997131,134.21568536758423,6159.595854043961,213
7502,65,88,7.0703495e-06,8416.060080051422,134.25333833694458,6160.409521818161,213
7503,65,88,0.00019720134,8417.16708612442,134.2551794052124,6161.2400777339935,213
7504,65,88,0.00014970938,8418.290087461472,134.25717329978943,6162.059700727463,213
7505,65,88,0.00020240137,8419.409093379974,134.2593493461609,6162.883517742157,213
7506,65,88,0.00021338699,8420.53923201561,134.27594923973083,6163.706887960434,213
7507,65,88,0.0003221021,8421.653817892075,134.2950141429901,6164.525476932526,213
7508,65,88,0.000109992776,8422.772753715515,134.31014609336853,6165.352060079575,213
7509,65,88,0.0014648077,8423.894184827805,134.3131251335144,6166.173602104187,213
7510,65,88,0.00018874525,8425.03562760353,134.3536171913147,6166.989775180817,213
7511,65,88,2.3384655e-05,8426.146886825562,134.35590314865112,6167.8162162303925,213
7512,65,88,0.0011825617,8427.259474515915,134.3731460571289,6168.634771108627,213
7513,65,88,0.00015122254,8428.375686645508,134.3873951435089,6169.453943014145,213
7514,65,88,0.00028506856,8429.499778270721,134.3891532421112,6170.2701189517975,213
7515,65,88,0.00016754022,8430.618780136108,134.40860629081726,6171.089007854462,213
7516,65,88,0.00021465335,8431.73456954956,134.41190218925476,6171.911876678467,213
7517,65,88,0.0002986611,8432.858314037323,134.4343843460083,6172.737986564636,213
7518,65,88,0.014057677,8433.977812290192,134.43631625175476,6173.5575087070465,213
7519,65,88,0.00056897674,8435.093559503555,134.449392080307,6174.377861499786,213
7520,65,88,0.0002982752,8436.215156555176,134.45114398002625,6175.200061559677,213
7521,65,88,0.0045568547,8437.326078414917,134.45295691490173,6176.020508527756,213
7522,65,88,0.00038552145,8438.444645166397,134.45506882667542,6176.853882551193,213
7523,65,88,0.0001058355,8439.563996076584,134.4787356853485,6177.667967557907,213
7524,65,88,0.004205164,8440.685384511948,134.5031065940857,6178.492892503738,213
7525,65,88,0.0003678804,8441.802095890045,134.52720260620117,6179.310774564743,213
7526,65,88,3.154529e-05,8442.920270442963,134.54588770866394,6180.127822637558,213
7527,65,88,0.00026875117,8444.034395217896,134.5602798461914,6180.952745676041,213
7528,65,88,5.220456e-05,8445.154872894287,134.56238174438477,6181.778123617172,213
7529,65,88,4.2773125e-05,8446.27439713478,134.58758187294006,6182.595752716064,213
7530,65,88,0.00089617237,8447.382432222366,134.59317588806152,6183.411588907242,213
7531,65,88,0.00051024806,8448.491379261017,134.59826803207397,6184.234616994858,213
7532,65,88,0.0006992073,8449.60614824295,134.6168761253357,6185.049239873886,213
7533,65,88,0.00039260145,8450.72434926033,134.63416123390198,6185.877021789551,213
7534,65,88,0.0001644212,8451.832307815552,134.65695309638977,6186.698135852814,213
7535,65,88,0.0041827913,8452.956650733948,134.6773281097412,6187.517483949661,213
7536,65,88,4.218672e-05,8454.076199054718,134.6792402267456,6188.334491014481,213
7537,65,88,2.2954322e-05,8455.19387793541,134.69600319862366,6189.148814916611,213
7538,65,88,0.00031516916,8456.300084114075,134.70265102386475,6189.97051692009,213
7539,65,88,0.00017181711,8457.42860007286,134.74444198608398,6190.788952589035,213
7540,65,88,0.00024242044,8458.549896717072,134.7528111934662,6191.6132707595825,213
7541,65,88,0.0001949492,8459.675960540771,134.775639295578,6192.435237646103,213
7542,65,88,0.00014520386,8460.784328699112,134.77776837348938,6193.259050607681,213
7543,65,88,0.00029805434,8461.89800786972,134.78417038917542,6194.081988334656,213
7544,65,89,0.00029002602,8463.414122581482,135.18714833259583,6194.896035432816,213
7545,65,89,7.2239476e-05,8464.536838293076,135.21029043197632,6195.7223954200745,213
7546,65,89,0.0016923893,8465.652070522308,135.22793555259705,6196.541443347931,213
7547,65,89,0.00012416102,8466.767063379288,135.24501037597656,6197.363139390945,213
7548,65,89,3.2389136e-05,8467.885254144669,135.25320625305176,6198.189547300339,213
7549,65,89,0.00012634491,8468.998428106308,135.2643871307373,6199.012626171112,213
7550,65,89,2.2862723e-05,8470.112360477448,135.27292728424072,6199.838552236557,213
7551,65,89,7.067539e-06,8471.217582941055,135.27873635292053,6200.661737442017,213
7552,65,89,0.00029846266,8472.33094239235,135.28382229804993,6201.4934685230255,213
7553,65,89,0.00011719553,8473.450401544571,135.28592944145203,6202.320171833038,213
7554,65,89,0.00016891595,8474.551743030548,135.28880834579468,6203.138135671616,213
7555,65,89,9.360743e-05,8475.662094116211,135.29070138931274,6203.962528467178,213
7556,65,89,0.000833783,8476.782447099686,135.29880046844482,6204.779185295105,213
7557,65,89,1.0622729e-05,8477.915894269943,135.31660342216492,6205.608763456345,213
7558,65,89,0.00030022665,8479.025331497192,135.33418250083923,6206.433222532272,213
7559,65,89,0.0002449219,8480.134102106094,135.34516048431396,6207.2603895664215,213
7560,65,89,1.7205115e-05,8481.248950004578,135.37257146835327,6208.07740855217,213
7561,65,89,0.0002162121,8482.360702753067,135.37533140182495,6208.899358510971,213
7562,65,89,1.8764582e-05,8483.469757080078,135.37730240821838,6209.727329730988,213
7563,65,89,7.516755e-05,8484.587271928787,135.3869023323059,6210.543902635574,213
7564,65,89,5.8744236e-06,8485.714181184769,135.40936827659607,6211.364723682404,213
7565,65,89,1.2524185e-05,8486.821709632874,135.41113209724426,6212.181750535965,213
7566,65,89,1.0637713e-05,8487.931739807129,135.41775822639465,6213.001145601273,213
7567,65,89,5.5392597e-05,8489.060360193253,135.43743109703064,6213.81464266777,213
7568,65,89,2.7306454e-05,8490.18623828888,135.43919205665588,6214.642821550369,213
7569,65,89,1.2924835e-05,8491.31240105629,135.46922087669373,6215.461981534958,213
7570,65,89,1.180884e-06,8492.424945354462,135.48877692222595,6216.2841465473175,213
7571,65,89,0.00016082362,8493.531311750412,135.49471879005432,6217.107228517532,213
7572,65,89,2.1457006e-06,8494.653541088104,135.49689173698425,6217.9247353076935,213
7573,65,89,7.1088325e-06,8495.77145409584,135.4988555908203,6218.743844270706,213
7574,65,89,0.017348392,8496.88456749916,135.50289869308472,6219.569385290146,213
7575,65,89,1.2567341e-05,8498.014509916306,135.53952169418335,6220.387114286423,213
7576,65,89,0.0004815153,8499.127661943436,135.55351972579956,6221.205014467239,213
7577,65,89,7.0248716e-05,8500.250277042389,135.55531787872314,6222.022418498993,213
7578,65,89,6.7298846e-05,8501.365149974823,135.55712699890137,6222.840980291367,213
7579,65,89,0.007880459,8502.48875260353,135.5670509338379,6223.6632742881775,213
7580,65,89,1.6784492e-05,8503.610279798508,135.56905889511108,6224.481957197189,213
7581,65,89,0.0001584886,8504.723083019257,135.58912181854248,6225.299377202988,213
7582,65,89,0.0007606874,8505.851536035538,135.59108781814575,6226.126666307449,213
7583,65,89,5.4564214e-05,8506.959296941757,135.60447883605957,6226.942163228989,213
7584,65,89,1.5459616e-06,8508.08249592781,135.60652375221252,6227.7641813755035,213
7585,65,89,0.0001596205,8509.223804950714,135.60835576057434,6228.592218399048,213
7586,65,89,2.7554785e-05,8510.334835290909,135.61502981185913,6229.414482116699,213
7587,65,89,1.0520581e-05,8511.445406675339,135.61701273918152,6230.238836288452,213
7588,65,89,0.0003801051,8512.576601266861,135.61896896362305,6231.059856176376,213
7589,65,89,1.0533911e-05,8513.691286325455,135.63477993011475,6231.88552737236,213
7590,65,89,7.7777266e-05,8514.805719852448,135.6439437866211,6232.705176353455,213
7591,65,89,0.0042668013,8515.938406705856,135.66771173477173,6233.525978088379,213
7592,65,89,2.0209013e-06,8517.047685861588,135.66964888572693,6234.345237016678,213
7593,65,89,0.0005637651,8518.174108743668,135.70527386665344,6235.1664180755615,213
7594,65,89,4.265441e-07,8519.289520740509,135.7185878753662,6235.982927322388,213
7595,65,89,0.00022180927,8520.40761756897,135.74530673027039,6236.800261497498,213
7596,65,89,4.4339315e-05,8521.539995193481,135.77937173843384,6237.620028734207,213
7597,65,89,8.250462e-05,8522.662184238434,135.79713368415833,6238.444761753082,213
7598,65,89,8.997219e-06,8523.784774303436,135.80834364891052,6239.259068727493,213
7599,65,89,4.557818e-05,8524.90138721466,135.8103096485138,6240.09014081955,213
7600,65,89,2.7602866e-05,8526.017313241959,135.81968665122986,6240.91153383255,213
7601,65,89,0.00042657438,8527.125059127808,135.82358264923096,6241.741238832474,213
7602,65,89,1.0330667e-05,8528.246212244034,135.8254656791687,6242.565176725388,213
7603,65,89,0.0004821434,8529.357506752014,135.83225464820862,6243.384888648987,213
7604,65,89,4.935202e-05,8530.485790491104,135.8365707397461,6244.214320659637,213
7605,65,89,3.4165012e-05,8531.611701250076,135.85462975502014,6245.033667564392,213
7606,65,89,4.922631e-06,8532.732538700104,135.85675883293152,6245.853523731232,213
7607,65,89,5.952556e-06,8533.85134935379,135.85879397392273,6246.678273677826,213
7608,65,89,2.9279809e-06,8534.980009794235,135.8665668964386,6247.505437850952,213
7609,65,89,7.48924e-06,8536.093711137772,135.86878991127014,6248.333433866501,213
7610,65,89,5.432215e-05,8537.228091955185,135.88413190841675,6249.152870893478,213
7611,65,89,0.0005636773,8538.343417406082,135.8970160484314,6249.975459098816,213
7612,65,89,4.69156e-06,8539.467728853226,135.92705392837524,6250.7936182022095,213
7613,65,89,3.1770676e-05,8540.5895216465,135.9375,6251.62135219574,213
7614,65,89,0.0054189893,8541.708616256714,135.94903302192688,6252.446848392487,213
7615,65,89,2.447358e-06,8542.828610658646,135.95729899406433,6253.276982307434,213
7616,66,89,6.761006e-05,8543.860954999924,135.95948314666748,6254.088426351547,213
7617,66,89,8.235631e-06,8544.974616289139,135.9685502052307,6254.9131853580475,213
7618,66,89,1.7787769e-06,8546.09872341156,135.97060704231262,6255.728731632233,213
7619,66,89,6.6187524e-05,8547.207586050034,135.98943209648132,6256.5436017513275,213
7620,66,89,2.7063443e-06,8548.321389913559,135.99128913879395,6257.360596656799,213
7621,66,89,3.4212513e-05,8549.431972503662,136.00609421730042,6258.185863733292,213
7622,66,89,0.0005972354,8550.542942523956,136.0188090801239,6259.005601882935,213
7623,66,89,0.00027487602,8551.6605656147,136.0221130847931,6259.825003862381,213
7624,66,89,5.8632495e-06,8552.784567117691,136.0248510837555,6260.646990776062,213
7625,66,89,1.7041746e-05,8553.894705533981,136.02674198150635,6261.47194981575,213
7626,66,89,2.3469255e-07,8555.009138822556,136.02850794792175,6262.3010058403015,213
7627,66,89,4.8804715e-05,8556.125987768173,136.03060102462769,6263.12634396553,213
7628,66,89,3.087146e-05,8557.244901418686,136.03517389297485,6263.949084997177,213
7629,66,89,2.320409e-05,8558.388168811798,136.06905388832092,6264.773220777512,213
7630,66,89,1.2182727e-05,8559.499285936356,136.07128286361694,6265.600499629974,213
7631,66,89,0.00015812895,8560.61275267601,136.08366799354553,6266.427541732788,213
7632,66,89,3.0117103e-06,8561.726641178131,136.09597206115723,6267.248184919357,213
7633,66,89,1.7684208e-05,8562.842726707458,136.109384059906,6268.061873674393,213
7634,66,89,1.7117361e-06,8563.960858345032,136.12605714797974,6268.885377645493,213
7635,66,89,4.4683416e-06,8565.073371887207,136.13557314872742,6269.712152481079,213
7636,66,89,1.5758556e-05,8566.192864656448,136.13783931732178,6270.534576654434,213
7637,66,89,7.844849e-06,8567.299419164658,136.1406111717224,6271.352281808853,213
7638,66,89,0.0030831182,8568.418852090836,136.14944219589233,6272.181449890137,213
7639,66,89,2.6392775e-06,8569.543666601181,136.15730929374695,6273.01016497612,213
7640,66,89,5.718268e-07,8570.668694019318,136.16417717933655,6273.832538127899,213
7641,66,89,9.667024e-07,8571.777860164642,136.169527053833,6274.653419017792,213
7642,66,89,7.7025215e-06,8572.887913703918,136.1876220703125,6275.472439050674,213
7643,66,89,3.622541e-06,8574.010845422745,136.18968796730042,6276.303245306015,213
7644,66,89,6.332988e-08,8575.126862764359,136.19171500205994,6277.131644964218,213
7645,66,89,6.920354e-06,8576.235306501389,136.1950080394745,6277.95405292511,213
7646,66,89,0.0007926207,8577.351115226746,136.21289992332458,6278.775922060013,213
7647,66,89,2.4631876e-05,8578.470279455185,136.21499490737915,6279.600191116333,213
7648,66,89,1.11125755e-05,8579.57738828659,136.21689701080322,6280.4212641716,213
7649,66,90,7.089813e-06,8581.089785575867,136.61174321174622,6281.242341041565,213
7650,66,90,0.00011136083,8582.189677238464,136.61740827560425,6282.055772066116,213
7651,66,90,1.3187713e-05,8583.31402540207,136.64929008483887,6282.871956825256,213
7652,66,90,1.088905e-05,8584.43740773201,136.65475916862488,6283.689494609833,213
7653,66,90,1.3237693e-05,8585.55171751976,136.66561913490295,6284.514629602432,213
7654,66,90,0.00016950042,8586.676819086075,136.68815207481384,6285.3363835811615,213
7655,66,90,1.0515011e-05,8587.817687988281,136.7206449508667,6286.1626834869385,213
7656,66,90,1.798508e-05,8588.94382572174,136.72286796569824,6286.980875492096,213
7657,66,90,1.2092839e-05,8590.049165725708,136.73968815803528,6287.795396566391,213
7658,66,90,7.1068407e-06,8591.162281751633,136.75289630889893,6288.6108314991,213
7659,66,90,1.3496728e-05,8592.27744603157,136.75524139404297,6289.433644533157,213
7660,66,90,0.00062931684,8593.405544757843,136.77691745758057,6290.248827457428,213
7661,66,90,0.00015579857,8594.53082537651,136.8033583164215,6291.071628570557,213
7662,66,90,9.735207e-06,8595.653583049774,136.80953431129456,6291.898580789566,213
7663,66,90,1.7098755e-06,8596.77053451538,136.83398532867432,6292.717348814011,213
7664,66,90,1.783728e-05,8597.89325428009,136.85903334617615,6293.540611505508,213
7665,66,90,0.00015066934,8598.99718260765,136.86263632774353,6294.364969730377,213
7666,66,90,1.5925375e-06,8600.128385543823,136.89720129966736,6295.193198680878,213
7667,66,90,0.02065862,8601.249264001846,136.89924240112305,6296.02051782608,213
7668,66,90,6.0978114e-06,8602.369805812836,136.90116047859192,6296.854047775269,213
7669,66,90,0.00024987126,8603.489243268967,136.92310547828674,6297.680220603943,213
7670,66,90,2.6326503e-05,8604.607839345932,136.92482447624207,6298.506773471832,213
7671,66,90,0.0004995512,8605.735726356506,136.9503893852234,6299.334168434143,213
7672,66,90,0.00061486824,8606.842542886734,136.95743823051453,6300.15328836441,213
7673,66,90,0.0013878287,8607.95082116127,136.96606922149658,6300.971266269684,213
7674,66,90,5.2599717e-05,8609.052102327347,136.97703504562378,6301.796065330505,213
7675,66,90,1.1430953e-05,8610.176977396011,137.02131509780884,6302.611935377121,213
7676,66,90,9.994994e-06,8611.29681110382,137.03828811645508,6303.430560350418,213
7677,66,90,5.9693233e-05,8612.405396938324,137.04028129577637,6304.253980398178,213
7678,66,90,0.00027479182,8613.522138357162,137.04227328300476,6305.080104589462,213
7679,66,90,3.1502586e-05,8614.651062250137,137.06029319763184,6305.905452489853,213
7680,66,90,0.00015005513,8615.762929439545,137.0720090866089,6306.727238416672,213
7681,66,90,0.0029317015,8616.866402626038,137.07991003990173,6307.54847240448,213
7682,66,90,2.4198727e-05,8617.988912820816,137.08209609985352,6308.358661413193,213
7683,66,90,0.000104620914,8619.098330020905,137.08403611183167,6309.1807725429535,213
7684,66,90,0.00031842742,8620.222475767136,137.0899863243103,6310.005841493607,213
7685,66,90,3.0477082e-05,8621.331868886948,137.09209728240967,6310.819299459457,213
7686,66,90,5.3747744e-06,8622.44476723671,137.09435033798218,6311.638213634491,213
7687,66,90,0.0020740398,8623.572445869446,137.10952925682068,6312.456431627274,213
7688,66,90,2.077171e-05,8624.692293405533,137.11160826683044,6313.28026175499,213
7689,66,90,3.1749783e-05,8625.803883075714,137.11831426620483,6314.101322889328,213
7690,66,90,1.6457278e-05,8626.917085647583,137.12323212623596,6314.91704583168,213
7691,66,90,0.00092660135,8628.043150663376,137.126855134964,6315.743227005005,213
7692,66,90,1.7792467e-05,8629.168497085571,137.1341552734375,6316.56502199173,213
7693,66,90,0.0020577947,8630.281986236572,137.14116311073303,6317.384776830673,213
7694,66,90,7.1644274e-05,8631.398943901062,137.14320516586304,6318.215308904648,213
7695,66,90,2.0402895e-05,8632.517395496368,137.16411018371582,6319.039328813553,213
7696,66,90,0.027891912,8633.634917736053,137.17799520492554,6319.859541893005,213
7697,66,90,3.0870244e-05,8634.748296260834,137.17975115776062,6320.687183856964,213
7698,66,90,3.4679085e-06,8635.868464231491,137.18208813667297,6321.505256652832,213
7699,66,90,0.033649627,8636.970748186111,137.18953204154968,6322.323112726212,213
7700,66,90,0.00028054966,8638.086972475052,137.2028169631958,6323.145646810532,213
7701,66,90,2.8124198e-06,8639.211418390274,137.22658491134644,6323.961893796921,213
7702,66,90,5.8907317e-06,8640.332882881165,137.24083995819092,6324.786633968353,213
7703,66,90,0.0018452844,8641.453066110611,137.24297785758972,6325.614125013351,213
7704,66,90,0.093668036,8642.582662582397,137.27503395080566,6326.435012817383,213
7705,66,90,0.001702172,8643.696523189545,137.29224801063538,6327.253915786743,213
7706,66,90,0.010990553,8644.812636852264,137.29412698745728,6328.082778453827,213
7707,66,90,0.0002972726,8645.93303513527,137.31079983711243,6328.903405189514,213
7708,66,90,1.5748348e-05,8647.057610750198,137.3129177093506,6329.72635102272,213
7709,66,90,0.13690315,8648.180793523788,137.3241105079651,6330.545930862427,213
7710,66,90,0.0006828298,8649.290244102478,137.32617044448853,6331.36026597023,213
7711,66,90,0.015573894,8650.413437128067,137.35038328170776,6332.181936979294,213
7712,66,90,1.2222873e-05,8651.53066945076,137.35619521141052,6333.009479999542,213
7713,66,90,0.0018690841,8652.639367341995,137.36255836486816,6333.825524091721,213
7714,66,90,0.19543625,8653.753828763962,137.3643674850464,6334.653223991394,213
7715,66,90,0.00049531646,8654.928658246994,137.3968346118927,6335.505998849869,213
7716,66,90,9.343981e-06,8656.114312171936,137.47186946868896,6336.322968959808,213
7717,66,90,0.0006812165,8657.317529916763,137.56663632392883,6337.138638973236,213
7718,66,90,0.000520534,8658.443101167679,137.56857538223267,6337.960523843765,213
7719,66,90,0.0015932295,8659.573810577393,137.58318829536438,6338.788883686066,213
7720,66,90,0.00070610514,8660.69479727745,137.6051082611084,6339.60254073143,213
7721,66,90,0.0008983661,8661.8054728508,137.61494421958923,6340.428196668625,213
7722,66,90,0.011190294,8662.92192196846,137.61732602119446,6341.2541716098785,213
7723,66,91,0.0042406567,8664.450355529785,138.0254499912262,6342.075043439865,213
7724,66,91,0.00014150399,8665.572474241257,138.04580807685852,6342.8919887542725,213
7725,66,91,0.00043381186,8666.702014684677,138.0478982925415,6343.718666791916,213
7726,66,91,0.00062332704,8667.814726352692,138.05988121032715,6344.537386894226,213
7727,66,91,0.013260255,8668.925117492676,138.0637321472168,6345.3610627651215,213
7728,66,91,0.0003380193,8670.044779062271,138.0722370147705,6346.18057179451,213
7729,66,91,8.568898e-05,8671.177695274353,138.09492206573486,6347.008287668228,213
7730,66,91,5.144519e-05,8672.294121980667,138.09682822227478,6347.837558031082,213
7731,66,91,0.00024281922,8673.405394554138,138.1216003894806,6348.662534236908,213
7732,66,91,0.00050518615,8674.535529613495,138.12352919578552,6349.488747358322,213
7733,67,91,0.00015897687,8675.548326253891,138.12576937675476,6350.301503419876,213
7734,67,91,0.0001496046,8676.666115522385,138.14459133148193,6351.124052524567,213
7735,67,91,0.00029138546,8677.782932281494,138.16625428199768,6351.942109823227,213
7736,67,91,0.00026776097,8678.898136854172,138.1920142173767,6352.767533779144,213
7737,67,91,0.06734131,8680.03354215622,138.19420719146729,6353.594745635986,213
7738,67,91,0.00030152226,8681.153611183167,138.1965310573578,6354.411690711975,213
7739,67,91,2.2830975e-05,8682.26964354515,138.2095501422882,6355.233322620392,213
7740,67,91,0.0001811409,8683.373874425888,138.21487998962402,6356.052984714508,213
7741,67,91,0.0026735114,8684.501055717468,138.24959897994995,6356.869608879089,213
7742,67,91,0.0011419336,8685.610652208328,138.2598078250885,6357.683666706085,213
7743,67,91,0.00064233586,8686.735304355621,138.26932668685913,6358.50355386734,213
7744,67,91,0.00037827613,8687.852967977524,138.27110075950623,6359.335424661636,213
7745,67,91,0.00019736048,8688.97866511345,138.31500267982483,6360.151141643524,213
7746,67,91,0.00021168598,8690.099387645721,138.3429617881775,6360.969375610352,213
7747,67,91,0.0003772695,8691.218302726746,138.34591674804688,6361.787528753281,213
7748,67,91,0.0004996086,8692.346222639084,138.3652627468109,6362.608582735062,213
7749,67,91,0.0031246617,8693.453468561172,138.37582683563232,6363.426884651184,213
7750,67,91,0.0051338403,8694.562911510468,138.3840148448944,6364.243644952774,213
7751,67,91,0.0001662797,8695.676064491272,138.3859748840332,6365.066859006882,213
7752,67,91,0.0005318082,8696.7976167202,138.42019391059875,6365.880257129669,213
7753,67,91,0.015848706,8697.909148216248,138.42856669425964,6366.704423904419,213
7754,67,91,2.7891856e-05,8699.03391957283,138.4492838382721,6367.529346704483,213
7755,67,91,0.0066496916,8700.154573917389,138.47673678398132,6368.349911689758,213
7756,67,91,0.023264425,8701.268155813217,138.4819667339325,6369.172205448151,213
7757,67,91,0.0015652124,8702.385092496872,138.4867148399353,6369.987316608429,213
7758,67,91,4.4697037e-05,8703.505004167557,138.49656987190247,6370.799348592758,213
7759,67,91,6.248481e-05,8704.61728143692,138.50307178497314,6371.623954772949,213
7760,67,91,5.294314e-05,8705.727516412735,138.5051748752594,6372.436645746231,213
7761,67,91,4.4970937e-05,8706.852001667023,138.51625680923462,6373.257049798965,213
7762,67,91,0.0015330216,8707.962177276611,138.52591395378113,6374.075692653656,213
7763,67,91,4.4106487e-06,8709.0836956501,138.52795696258545,6374.90004658699,213
7764,67,91,0.0019249131,8710.191995620728,138.53380393981934,6375.716626405716,213
7765,67,91,8.9750516e-05,8711.326732873917,138.56983304023743,6376.533168315887,213
7766,67,91,0.0006639548,8712.438420534134,138.58470702171326,6377.35591006279,213
7767,67,91,7.347412e-05,8713.555147647858,138.59517693519592,6378.178292989731,213
7768,67,91,1.4347961e-05,8714.67600607872,138.61300587654114,6378.996114730835,213
7769,67,91,0.00031824503,8715.790763616562,138.61509585380554,6379.816673517227,213
7770,67,91,0.00037113685,8716.909699678421,138.63143587112427,6380.626666545868,213
7771,67,91,8.240634e-05,8718.027694702148,138.65083479881287,6381.45192360878,213
7772,67,91,4.307702e-05,8719.143157243729,138.66595768928528,6382.272714853287,213
7773,67,91,0.0001280305,8720.25604724884,138.68688559532166,6383.089155912399,213
7774,67,91,0.0010514491,8721.365516662598,138.71439051628113,6383.907247066498,213
7775,67,91,0.00084487326,8722.482157468796,138.7209014892578,6384.733405828476,213
7776,67,91,0.0002753692,8723.5998544693,138.73090529441833,6385.551686763763,213
7777,67,91,0.00030137823,8724.716063022614,138.74637627601624,6386.372066736221,213
7778,67,91,0.003561398,8725.840180397034,138.7633352279663,6387.20099067688,213
7779,67,91,0.00012244403,8726.953241586685,138.7691011428833,6388.028213500977,213
7780,67,91,0.00014613381,8728.068016767502,138.77363109588623,6388.859394788742,213
7781,67,91,0.0008310585,8729.190948009491,138.77551126480103,6389.684751749039,213
7782,67,91,7.1710923e-07,8730.304038763046,138.792786359787,6390.503418922424,213
7783,67,91,8.609709e-05,8731.435170650482,138.80214834213257,6391.324858903885,213
7784,67,91,1.47529145e-05,8732.549298763275,138.8041832447052,6392.141320705414,213
7785,67,91,0.00070553063,8733.67004942894,138.81339621543884,6392.960026025772,213
7786,67,91,0.0032271296,8734.782341241837,138.81557703018188,6393.787962198257,213
7787,67,91,0.013731434,8735.897243976593,138.84418511390686,6394.607044219971,213
7788,67,91,3.544867e-05,8737.028451919556,138.8655002117157,6395.432446241379,213
7789,67,91,2.7515338e-05,8738.137948513031,138.8807122707367,6396.252256155014,213
7790,67,91,6.7647625e-06,8739.266354560852,138.89863419532776,6397.076271057129,213
7791,67,91,5.352756e-06,8740.388954162598,138.90060329437256,6397.902573108673,213
7792,67,91,0.00010495545,8741.51413846016,138.92298316955566,6398.723186016083,213
7793,67,91,1.9873663e-05,8742.635822057724,138.95283722877502,6399.539611816406,213
7794,67,91,6.358522e-06,8743.75730061531,138.96602320671082,6400.365172863007,213
7795,67,91,0.00060241885,8744.860646724701,138.9738790988922,6401.186319828033,213
7796,67,91,0.00048879406,8745.979523420334,138.97616314888,6402.008291959763,213
7797,67,91,0.00013594748,8747.096541881561,138.9897382259369,6402.836713075638,213
7798,67,91,3.9475563e-05,8748.199570178986,138.99885416030884,6403.656115055084,213
7799,67,91,0.012009981,8749.313626527786,139.00255823135376,6404.479928970337,213
7800,67,91,6.5292647e-06,8750.426461458206,139.00679206848145,6405.306224107742,213
7801,67,91,0.000110661,8751.541957139969,139.01753520965576,6406.129305124283,213
7802,67,91,2.077003e-05,8752.647367477417,139.02275323867798,6406.944382190704,213
7803,67,91,8.15829e-07,8753.76153254509,139.03436422348022,6407.764732122421,213
7804,67,91,0.00013240658,8754.878668546677,139.0554323196411,6408.581619024277,213
7805,67,91,9.726488e-05,8755.997607469559,139.0743772983551,6409.409257888794,213
7806,67,91,0.05379917,8757.10982131958,139.0811083316803,6410.237534999847,213
7807,67,91,1.8482315e-05,8758.212779521942,139.08615040779114,6411.059486150742,213
7808,67,91,6.208219e-05,8759.33331489563,139.0991153717041,6411.881187200546,213
7809,67,91,0.00060179894,8760.44764137268,139.11617827415466,6412.700330018997,213
7810,67,91,2.7714518e-06,8761.553934812546,139.12856721878052,6413.52098608017,213
7811,67,91,0.0001346562,8762.679423332214,139.14864540100098,6414.340762138367,213
7812,67,91,8.250005e-06,8763.792388439178,139.15073251724243,6415.164715051651,213
7813,67,91,0.012470057,8764.925287008286,139.1803915500641,6415.98658323288,213
7814,67,91,0.0649432,8766.049295663834,139.1943655014038,6416.809456110001,213
7815,67,91,4.216508e-06,8767.172523975372,139.21701455116272,6417.631302118301,213
7816,67,91,0.00026297497,8768.292650938034,139.21913862228394,6418.453381061554,213
7817,67,91,6.6293425e-05,8769.40544462204,139.23532581329346,6419.271267175674,213
7818,67,91,0.0021218343,8770.51815199852,139.24263978004456,6420.084918260574,213
7819,67,91,0.0011598526,8771.64036154747,139.24463367462158,6420.909049034119,213
7820,67,91,2.5517656e-06,8772.752990484238,139.24656867980957,6421.731650829315,213
7821,67,91,0.0013679004,8773.869535446167,139.24862265586853,6422.553606033325,213
7822,67,91,0.0029222618,8774.995784044266,139.25939679145813,6423.367826223373,213
7823,67,91,0.0005398471,8776.104789972305,139.28042888641357,6424.18520116806,213
7824,67,92,0.0012317532,8777.62491106987,139.69286799430847,6425.01012134552,213
7825,67,92,0.0006833171,8778.74516582489,139.72002792358398,6425.830777168274,213
7826,67,92,0.00022085937,8779.856307506561,139.7291567325592,6426.661956071854,213
7827,67,92,2.5256966e-06,8780.982871770859,139.74327754974365,6427.482216835022,213
7828,67,92,3.9746656e-06,8782.094782352448,139.74533438682556,6428.30341386795,213
7829,67,92,0.00019715048,8783.20940899849,139.76009845733643,6429.1247816085815,213
7830,67,92,0.0010140843,8784.337094068527,139.79213643074036,6429.946387529373,213
7831,67,92,7.4371255e-06,8785.468663215637,139.82357740402222,6430.775654554367,213
7832,67,92,0.00041340815,8786.584844589233,139.82571935653687,6431.60333275795,213
7833,67,92,0.00036956297,8787.699965715408,139.8492443561554,6432.4225487709045,213
7834,67,92,0.0011455929,8788.808704853058,139.85127925872803,6433.248821735382,213
7835,67,92,4.9754388e-05,8789.921511173248,139.85970640182495,6434.0723395347595,213
7836,67,92,2.6459495e-05,8791.036739587784,139.8835644721985,6434.8901245594025,213
7837,67,92,0.0017248518,8792.150971889496,139.8856873512268,6435.718233585358,213
7838,67,92,3.5035817e-05,8793.273278713226,139.90718126296997,6436.538993597031,213
7839,67,92,1.8197319e-06,8794.396432161331,139.92608332633972,6437.364590883255,213
7840,67,92,0.0004136122,8795.511759281158,139.92787528038025,6438.197246789932,213
7841,67,92,6.43897e-05,8796.6253323555,139.93384909629822,6439.020520687103,213
7842,67,92,0.00032055815,8797.743129253387,139.95467925071716,6439.836964607239,213
7843,67,92,0.00065568794,8798.863232851028,139.99793219566345,6440.659953594208,213
7844,67,92,0.00015559544,8799.991601467133,140.01660323143005,6441.484733581543,213
7845,67,92,4.913975e-05,8801.108295917511,140.04907631874084,6442.304911613464,213
7846,67,92,0.0007171707,8802.226026058197,140.0554552078247,6443.129394769669,213
7847,67,92,1.436857e-05,8803.332564592361,140.057311296463,6443.948996543884,213
7848,67,92,1.43346815e-05,8804.447350978851,140.06992936134338,6444.776456594467,213
7849,67,92,0.072324425,8805.561887979507,140.07196927070618,6445.597681760788,213
7850,68,92,0.000104157094,8806.58752155304,140.07431030273438,6446.418975114822,213
7851,68,92,0.040845264,8807.703729391098,140.07625222206116,6447.236228942871,213
7852,68,92,0.0002985504,8808.816524505615,140.08290314674377,6448.067006111145,213
7853,68,92,0.0006952694,8809.932816505432,140.1078541278839,6448.8803191185,213
7854,68,92,0.00038229482,8811.04206943512,140.12350225448608,6449.696489334106,213
7855,68,92,0.00084831665,8812.157039642334,140.12546825408936,6450.517402410507,213
7856,68,92,0.0006692972,8813.286484718323,140.15739727020264,6451.335864543915,213
7857,68,92,2.101637e-05,8814.400258302689,140.16359639167786,6452.157156467438,213
7858,68,92,0.00013994702,8815.526997089386,140.18156552314758,6452.987598657608,213
7859,68,92,0.0007901599,8816.63689827919,140.1923065185547,6453.804453611374,213
7860,68,92,0.0008608923,8817.748738527298,140.200430393219,6454.626968622208,213
7861,68,92,0.005119994,8818.884340763092,140.22508645057678,6455.442948818207,213
7862,68,92,1.2695236e-05,8819.99251961708,140.248149394989,6456.263681650162,213
7863,68,92,6.2820836e-06,8821.117469787598,140.25009942054749,6457.093408823013,213
7864,68,92,0.0025508418,8822.234971523285,140.2521014213562,6457.921592950821,213
7865,68,92,0.017731447,8823.35103726387,140.26206636428833,6458.741535186768,213
7866,68,92,5.381327e-05,8824.472259044647,140.26360058784485,6459.557521104813,213
7867,68,93,0.00031868785,8825.96358537674,140.63854455947876,6460.370792150497,213
7868,68,93,0.0005841308,8827.099401950836,140.67277646064758,6461.2004680633545,213
7869,68,93,0.0009952479,8828.210707902908,140.67489957809448,6462.022524356842,213
7870,68,93,0.00013938651,8829.326305150986,140.685138463974,6462.844623088837,213
7871,68,93,1.9180392e-05,8830.435740947723,140.68700432777405,6463.667249917984,213
7872,68,93,0.0003719715,8831.553148508072,140.68902730941772,6464.492774009705,213
7873,68,93,0.00017613318,8832.66292142868,140.70333647727966,6465.318346977234,213
7874,68,93,0.00025544528,8833.771085739136,140.7051706314087,6466.142208099365,213
7875,68,93,0.0013534457,8834.905239343643,140.7213807106018,6466.95526599884,213
7876,68,93,0.00017573716,8836.016532182693,140.72332668304443,6467.778975009918,213
7877,68,93,8.918779e-05,8837.134772539139,140.75047659873962,6468.596027851105,213
7878,68,93,0.00040597157,8838.246265888214,140.76290774345398,6469.413757801056,213
7879,68,93,7.404032e-05,8839.348247766495,140.77408266067505,6470.236605882645,213
7880,68,93,0.00018264614,8840.476016044617,140.79587483406067,6471.054412841797,213
7881,68,93,2.7184651e-05,8841.5875146389,140.81366777420044,6471.868961811066,213
7882,68,93,0.003677839,8842.701539516449,140.82001185417175,6472.688459634781,213
7883,68,93,0.0031232957,8843.81975889206,140.83869290351868,6473.507979631424,213
7884,68,93,0.005682334,8844.938611507416,140.85433387756348,6474.33092045784,213
7885,68,93,5.661347e-05,8846.051283836365,140.87173080444336,6475.150554656982,213
7886,68,93,0.00013056317,8847.172523260117,140.87385368347168,6475.974660873413,213
7887,68,93,0.00015220011,8848.27578663826,140.87815761566162,6476.7962918281555,213
7888,68,93,9.684159e-05,8849.387126922607,140.880366563797,6477.621824502945,213
7889,68,93,7.8738085e-05,8850.507888317108,140.90261960029602,6478.439092636108,213
7890,68,93,5.11158e-05,8851.620673418045,140.92114758491516,6479.25700879097,213
7891,68,93,0.0002068588,8852.73374414444,140.93150758743286,6480.0764718055725,213
7892,68,93,0.0001453651,8853.84058046341,140.9454905986786,6480.898962020874,213
7893,68,93,0.00012466586,8854.95671248436,140.95178151130676,6481.7254428863525,213
7894,68,93,4.2551772e-05,8856.064666748047,140.95552158355713,6482.544860839844,213
7895,68,93,0.00013289746,8857.20053768158,140.9903314113617,6483.358819723129,213
7896,68,93,8.6431384e-05,8858.337748527527,141.02440333366394,6484.175174713135,213
7897,68,93,1.0395178e-05,8859.465272188187,141.0338113307953,6485.004964828491,213
7898,68,93,4.0236067e-05,8860.586720943451,141.03547549247742,6485.826922893524,213
7899,68,93,9.8398505e-06,8861.706731319427,141.03755259513855,6486.65248298645,213
7900,68,93,1.8212173e-05,8862.83241224289,141.05146169662476,6487.477154970169,213
7901,68,93,5.1453688e-05,8863.952392578125,141.08173179626465,6488.293575048447,213
7902,68,93,1.0044447e-05,8865.060535669327,141.09580087661743,6489.116224050522,213
7903,68,93,3.3389126e-05,8866.187618255615,141.09796690940857,6489.931311130524,213
7904,68,93,0.002138506,8867.317657470703,141.1304647922516,6490.751976966858,213
7905,68,93,5.1403567e-05,8868.433827638626,141.13435077667236,6491.577991962433,213
7906,68,93,2.0350348e-05,8869.561305999756,141.1364016532898,6492.404607057571,213
7907,68,93,1.1482816e-05,8870.695073604584,141.16318655014038,6493.225440979004,213
7908,68,93,9.4018105e-06,8871.80674624443,141.19478058815002,6494.046476125717,213
7909,68,93,0.00038272055,8872.90938425064,141.20049452781677,6494.865175008774,213
7910,68,93,8.4278654e-05,8874.022055387497,141.2023856639862,6495.678233861923,213
7911,68,93,5.462837e-06,8875.13600897789,141.23449063301086,6496.492655754089,213
7912,68,93,5.0493227e-06,8876.24474453926,141.2491238117218,6497.3130984306335,213
7913,68,93,2.5428435e-05,8877.35193514824,141.25107169151306,6498.133985280991,213
7914,68,93,0.00017325742,8878.465786933899,141.25347757339478,6498.956089258194,213
7915,68,93,0.00042332205,8879.5891726017,141.26872372627258,6499.780522346497,213
7916,68,93,5.2989567e-06,8880.708791971207,141.2805049419403,6500.594077348709,213
7917,68,93,4.135537e-05,8881.818470478058,141.28471183776855,6501.412459611893,213
7918,68,93,3.2554806e-05,8882.929477214813,141.30352878570557,6502.233167648315,213
7919,68,93,0.00026009177,8884.038374185562,141.30652475357056,6503.060296535492,213
7920,68,93,4.468062e-06,8885.152474164963,141.31576490402222,6503.883131504059,213
7921,68,93,9.248195e-05,8886.276814222336,141.31783890724182,6504.704035758972,213
7922,68,93,1.1340251e-05,8887.382106781006,141.32644891738892,6505.524007558823,213
7923,68,93,0.0001557054,8888.500066518784,141.33986282348633,6506.345613479614,213
7924,68,93,2.9607101e-05,8889.60939693451,141.34171986579895,6507.159558534622,213
7925,68,94,4.6938246e-07,8891.094183444977,141.7248089313507,6507.975987434387,213
7926,68,94,0.0001591984,8892.216160774231,141.73580598831177,6508.799695253372,213
7927,68,94,8.080764e-05,8893.328521966934,141.74653792381287,6509.618255138397,213
7928,68,94,0.00012600186,8894.44728755951,141.74814701080322,6510.435755968094,213
7929,68,94,0.00047840617,8895.565734624863,141.75875115394592,6511.260486841202,213
7930,68,94,8.5825064e-05,8896.668167352676,141.76075506210327,6512.080995798111,213
7931,68,94,2.6435278e-05,8897.774829387665,141.76281309127808,6512.897888660431,213
7932,68,94,0.00062107056,8898.895723104477,141.765212059021,6513.730888605118,213
7933,68,94,4.3675376e-05,8900.012637853622,141.76699709892273,6514.555841445923,213
7934,68,94,1.3059743e-05,8901.125783920288,141.76869821548462,6515.387124300003,213
7935,68,94,0.00033719093,8902.236096143723,141.7774202823639,6516.203882455826,213
7936,68,94,0.00025615323,8903.355409860611,141.79200220108032,6517.030942440033,213
7937,68,94,2.3507784e-05,8904.467409133911,141.79413533210754,6517.845918416977,213
7938,68,94,0.00021426499,8905.580981731415,141.79611730575562,6518.676776409149,213
7939,68,94,0.00049701874,8906.694887638092,141.83045840263367,6519.492101192474,213
7940,68,94,0.0002905934,8907.813152313232,141.84663939476013,6520.310896158218,213
7941,68,94,0.002036182,8908.934807538986,141.856130361557,6521.129581212997,213
7942,68,94,0.0002899005,8910.048042058945,141.86659836769104,6521.949436426163,213
7943,68,94,0.00014057453,8911.163678407669,141.89229536056519,6522.772505283356,213
7944,68,94,0.0016695982,8912.286002874374,141.89434432983398,6523.597363233566,213
7945,68,94,0.00015681105,8913.397637844086,141.8963861465454,6524.421894311905,213
7946,68,94,0.00063387863,8914.523612737656,141.91808414459229,6525.245087146759,213
7947,68,94,1.4603066e-05,8915.64620065689,141.93120908737183,6526.065593242645,213
7948,68,94,0.00018680759,8916.759773015976,141.93316006660461,6526.882350444794,213
7949,68,94,6.110608e-05,8917.887655735016,141.93528819084167,6527.702988147736,213
7950,68,94,1.915968e-05,8918.999909877777,141.9608771800995,6528.522448062897,213
7951,68,94,4.595425e-05,8920.118099689484,141.98778700828552,6529.340124845505,213
7952,68,94,0.0008066547,8921.229560613632,141.99826216697693,6530.165776729584,213
7953,68,94,0.000107112224,8922.340366363525,142.01873326301575,6530.989612579346,213
7954,68,94,1.9140534e-05,8923.446789741516,142.02060914039612,6531.817986726761,213
7955,68,94,0.0002976178,8924.557262659073,142.02900314331055,6532.638338804245,213
7956,68,94,0.0005405039,8925.673362255096,142.0467312335968,6533.454375982285,213
7957,68,94,9.8977216e-05,8926.787832736969,142.07016038894653,6534.275771141052,213
7958,68,94,4.3398486e-06,8927.923292636871,142.1283314228058,6535.092038869858,213
7959,68,94,0.000688329,8929.03017449379,142.13954257965088,6535.914207696915,213
7960,68,94,0.00019902695,8930.142627239227,142.1468105316162,6536.739586830139,213
7961,68,94,0.00037326076,8931.25233387947,142.17417240142822,6537.555626869202,213
7962,68,94,5.3285767e-05,8932.373191595078,142.17631554603577,6538.37139582634,213
7963,68,94,7.2020875e-06,8933.478667497635,142.201420545578,6539.184975147247,213
7964,68,94,4.602856e-05,8934.597262144089,142.21389174461365,6540.008166313171,213
7965,68,94,0.00023051261,8935.714060544968,142.21600079536438,6540.835421323776,213
7966,68,94,6.1403393e-06,8936.832740545273,142.24489188194275,6541.653788089752,213
7967,69,94,5.233971e-07,8937.857427358627,142.24759578704834,6542.472734212875,213
7968,69,94,1.3309286e-05,8938.977204561234,142.2497799396515,6543.29524230957,213
7969,69,94,0.00052221195,8940.091266870499,142.25522780418396,6544.118665218353,213
7970,69,94,3.7295064e-05,8941.212008953094,142.26950979232788,6544.947081327438,213
7971,69,94,1.959703e-05,8942.331312656403,142.2817256450653,6545.762039422989,213
7972,69,94,0.0002637945,8943.438460111618,142.2857027053833,6546.57745718956,213
7973,69,94,8.61503e-05,8944.56353020668,142.30477261543274,6547.398456335068,213
7974,69,94,1.0340474e-05,8945.677121162415,142.32678651809692,6548.223246335983,213
7975,69,94,0.00016605438,8946.810713529587,142.32892560958862,6549.058077335358,213
7976,69,94,0.00010935027,8947.941336154938,142.34103178977966,6549.879006147385,213
7977,69,94,0.00062150654,8949.141590833664,142.34298276901245,6550.785781145096,213
7978,69,94,7.811386e-06,8950.255880832672,142.34707069396973,6551.611138343811,213
7979,69,94,5.8815433e-05,8951.363231658936,142.36244678497314,6552.428307294846,213
7980,69,94,0.00012216376,8952.489362478256,142.3646047115326,6553.258657217026,213
7981,69,94,3.5390178e-07,8953.615979194641,142.3813316822052,6554.0876252651215,213
7982,69,94,0.00032099022,8954.729932546616,142.3869047164917,6554.910531282425,213
7983,69,94,1.8185163e-05,8955.851629972458,142.4100317955017,6555.731006145477,213
7984,69,94,1.0356235e-06,8956.972862243652,142.45408272743225,6556.543466091156,213
7985,69,94,0.0006151377,8958.085077047348,142.45591568946838,6557.3731162548065,213
7986,69,94,1.0475622e-05,8959.200475215912,142.46527647972107,6558.198909282684,213
7987,69,94,0.00024790934,8960.322796821594,142.47472047805786,6559.022041320801,213
7988,69,94,9.481842e-06,8961.43227815628,142.4985954761505,6559.841931343079,213
7989,69,94,0.003117058,8962.53858590126,142.51355648040771,6560.664479255676,213
7990,69,94,6.233765e-06,8963.666209697723,142.51582145690918,6561.48539018631,213
7991,69,94,2.7381378e-05,8964.777104616165,142.52698230743408,6562.314312458038,213
7992,69,94,1.4083218e-05,8965.907719612122,142.52875018119812,6563.139612436295,213
7993,69,94,1.8845265e-05,8967.027439594269,142.5475389957428,6563.966251134872,213
7994,69,94,0.0016725613,8968.160433769226,142.57302689552307,6564.795891046524,213
7995,69,94,7.5063167e-07,8969.281612157822,142.57716989517212,6565.622888088226,213
7996,69,94,4.654051e-05,8970.396388053894,142.5904450416565,6566.442494153976,213
7997,69,94,1.2018753e-05,8971.508788824081,142.59431505203247,6567.262591123581,213
7998,69,94,6.997557e-06,8972.629781007767,142.61660313606262,6568.085366010666,213
7999,69,94,1.4811387e-05,8973.741436481476,142.6292440891266,6568.902163028717,213
8000,69,94,3.4644938e-07,8974.865311145782,142.65675902366638,6569.726142883301,213
8001,69,94,2.9092082e-06,8976.0058157444,142.65887713432312,6570.555125951767,213
8002,69,94,5.1036085e-07,8977.125150203705,142.67893624305725,6571.378627061844,213
8003,69,94,7.71592e-06,8978.252150297165,142.68107533454895,6572.207598209381,213
8004,69,94,6.128039e-07,8979.369995117188,142.6882152557373,6573.0353972911835,213
8005,69,94,8.955035e-05,8980.489120721817,142.70210528373718,6573.853005170822,213
8006,69,94,7.6625656e-05,8981.613253116608,142.72653126716614,6574.668625354767,213
8007,69,94,0.0004915196,8982.747043132782,142.7427122592926,6575.490362405777,213
8008,69,95,1.3037521e-05,8984.255756139755,143.13506627082825,6576.313057422638,213
8009,69,95,5.625147e-07,8985.373988866806,143.1368923187256,6577.131153583527,213
8010,69,95,7.940843e-05,8986.486850976944,143.16461324691772,6577.951400279999,213
8011,69,95,0.00036845665,8987.59709596634,143.17621541023254,6578.764824390411,213
8012,69,95,4.6267727e-05,8988.709705352783,143.19467735290527,6579.584100484848,213
8013,69,95,3.1176693e-05,8989.840030193329,143.22180032730103,6580.405962705612,213
8014,69,95,6.330009e-05,8990.957864284515,143.24131536483765,6581.228101730347,213
8015,69,95,5.8956786e-05,8992.058490753174,143.24451851844788,6582.046488761902,213
8016,69,95,5.658454e-05,8993.170785188675,143.2611186504364,6582.868903875351,213
8017,69,95,1.2572765e-06,8994.277679920197,143.26918363571167,6583.702203035355,213
8018,69,95,0.008650632,8995.402351140976,143.27106261253357,6584.515471935272,213
8019,69,95,0.00060285773,8996.516987085342,143.2995355129242,6585.333139896393,213
8020,69,95,0.00014431319,8997.647783994675,143.31202149391174,6586.160269021988,213
8021,69,95,0.0003678598,8998.763727664948,143.32884645462036,6586.975389957428,213
8022,69,95,0.0010449259,8999.882086277008,143.35183453559875,6587.797868967056,213
8023,69,95,0.0026929432,9000.990245103836,143.35891246795654,6588.622838973999,213
8024,69,95,8.495e-05,9002.127573251724,143.36102938652039,6589.455576181412,213
8025,69,95,2.5448451e-05,9003.239301204681,143.3836064338684,6590.272491931915,213
8026,69,95,0.00013150163,9004.360464334488,143.38550853729248,6591.094325065613,213
8027,69,95,1.4360787e-06,9005.463423728943,143.38749361038208,6591.92111992836,213
8028,69,95,0.00012578408,9006.571780920029,143.41042160987854,6592.739387989044,213
8029,69,95,0.00028266734,9007.680668830872,143.43708968162537,6593.560599088669,213
8030,69,95,0.00015091171,9008.802813768387,143.43967270851135,6594.387229919434,213
8031,69,95,2.188039e-05,9009.939048290253,143.468683719635,6595.209378004074,213
8032,69,95,0.0006012644,9011.075145244598,143.47085571289062,6596.034565925598,213
8033,69,95,1.7088178e-05,9012.188863992691,143.4960424900055,6596.850215911865,213
8034,69,95,1.9371566e-05,9013.30460691452,143.4982135295868,6597.66988992691,213
8035,69,95,4.30847e-05,9014.4146296978,143.52003049850464,6598.488937854767,213
8036,69,95,1.4860238e-05,9015.531561136246,143.52205753326416,6599.310204982758,213
8037,69,95,0.00014070117,9016.641482830048,143.53037571907043,6600.131919145584,213
8038,69,95,1.2997789e-05,9017.75699186325,143.54380774497986,6600.959861278534,213
8039,69,95,1.808565e-05,9018.876985549927,143.5558557510376,6601.7802221775055,213
8040,69,95,7.703982e-05,9019.99002981186,143.56695675849915,6602.60985326767,213
8041,69,95,6.643442e-05,9021.106207370758,143.58565855026245,6603.429613113403,213
8042,69,95,2.4548203e-06,9022.227520227432,143.58753061294556,6604.258747816086,213
8043,69,95,3.77817e-05,9023.354678153992,143.59699869155884,6605.075554847717,213
8044,69,95,7.0776296e-05,9024.463991880417,143.60555171966553,6605.892088890076,213
8045,69,95,5.8578066e-06,9025.58121562004,143.6074857711792,6606.723832845688,213
8046,69,95,0.00011603451,9026.704278945923,143.61398482322693,6607.547030687332,213
8047,69,95,4.1441544e-06,9027.831976652145,143.64487385749817,6608.3716406822205,213
8048,69,95,4.026592e-06,9028.946515798569,143.64674186706543,6609.192859649658,213
8049,69,95,1.2350299e-05,9030.060669898987,143.65733671188354,6610.015916585922,213
8050,69,95,1.3486479e-05,9031.177228212357,143.6918957233429,6610.838424444199,213
8051,69,95,0.0001738668,9032.289556741714,143.70669960975647,6611.65705037117,213
8052,69,95,1.2656772e-05,9033.4089782238,143.7301425933838,6612.471369504929,213
8053,69,95,2.0609823e-05,9034.527708768845,143.75150847434998,6613.293629646301,213
8054,69,95,8.476939e-06,9035.647980928421,143.77378344535828,6614.1081166267395,213
8055,69,95,0.00041158148,9036.769819021225,143.77596139907837,6614.927958488464,213
8056,69,95,1.0659964e-05,9037.905944347382,143.81686735153198,6615.7542605400085,213
8057,69,95,4.6414134e-05,9039.011440992355,143.8338704109192,6616.575380563736,213
8058,69,95,8.427413e-05,9040.124325990677,143.84454441070557,6617.405376672745,213
8059,69,95,0.0005074478,9041.23102235794,143.84664726257324,6618.2324476242065,213
8060,69,95,3.8227605e-05,9042.352444410324,143.8485291004181,6619.068423509598,213
8061,69,95,8.599476e-05,9043.466180562973,143.85742115974426,6619.895065307617,213
8062,69,95,2.2668419e-05,9044.593692779541,143.87003207206726,6620.716995000839,213
8063,69,95,8.145692e-05,9045.706825256348,143.88152313232422,6621.53791308403,213
8064,69,95,8.332361e-06,9046.828629016876,143.89022827148438,6622.36460018158,213
8065,69,95,2.5879066e-05,9047.942637205124,143.89223337173462,6623.193870067596,213
8066,69,95,0.00017656306,9049.067127943039,143.926114320755,6624.011837244034,213
8067,69,96,7.5071216e-06,9050.57246541977,144.3265082836151,6624.8333921432495,213
8068,69,96,0.0002410953,9051.688777208328,144.33292436599731,6625.648944377899,213
8069,69,96,3.2375538e-05,9052.80357336998,144.3518042564392,6626.463900089264,213
8070,69,96,0.0012430511,9053.922131061554,144.36598920822144,6627.283899068832,213
8071,69,96,0.0006388583,9055.042782783508,144.36811232566833,6628.10438990593,213
8072,69,96,0.0002016979,9056.172799110413,144.40164518356323,6628.916443824768,213
8073,69,96,0.008222668,9057.28810286522,144.40359210968018,6629.741771936417,213
8074,69,96,1.9016345e-05,9058.405247926712,144.40934205055237,6630.561377286911,213
8075,69,96,2.4359666e-05,9059.512974977493,144.4113118648529,6631.383592367172,213
8076,69,96,7.509888e-06,9060.628630638123,144.43500399589539,6632.199333190918,213
8077,69,96,0.00086569996,9061.741018533707,144.46186685562134,6633.017818450928,213
8078,69,96,4.770065e-06,9062.864270448685,144.4654757976532,6633.838620424271,213
8079,69,96,3.7600526e-05,9063.987045764923,144.49530386924744,6634.65459728241,213
8080,69,96,0.0002761007,9065.097244501114,144.5186688899994,6635.471920251846,213
8081,69,96,0.00065507117,9066.221450805664,144.52993988990784,6636.302250146866,213
8082,69,96,6.822254e-05,9067.331863164902,144.53746676445007,6637.115123271942,213
8083,69,96,8.3826526e-05,9068.453605890274,144.57423782348633,6637.930197477341,213
8084,70,96,1.9432704e-05,9069.496768712997,144.57658195495605,6638.749943494797,213
8085,70,96,3.1105133e-06,9070.615171909332,144.59018993377686,6639.578162431717,213
8086,70,96,4.7932725e-05,9071.749962568283,144.5924301147461,6640.407621383667,213
8087,70,96,6.016052e-05,9072.869426965714,144.5945541858673,6641.227208375931,213
8088,70,96,7.185737e-05,9073.992375135422,144.60579919815063,6642.043320178986,213
8089,70,96,0.0075029535,9075.104405641556,144.60790729522705,6642.865069150925,213
8090,70,96,0.00029610225,9076.210169553757,144.6144802570343,6643.690926074982,213
8091,70,96,0.0002470303,9077.32398557663,144.64477825164795,6644.509686231613,213
8092,70,96,0.00020784867,9078.443377017975,144.66274404525757,6645.335399389267,213
8093,70,96,0.00028318126,9079.55514907837,144.68086910247803,6646.158974409103,213
8094,70,96,2.7476026e-05,9080.66759443283,144.68766617774963,6646.980916500092,213
8095,70,96,0.00044427,9081.787680625916,144.7177562713623,6647.801634311676,213
8096,70,96,0.005732346,9082.900570869446,144.71974325180054,6648.632619142532,213
8097,70,96,0.00027075282,9084.01597237587,144.73154139518738,6649.4520671367645,213
8098,70,96,5.7608293e-05,9085.125997543335,144.73445844650269,6650.274796962738,213
8099,70,96,1.49008e-06,9086.251774787903,144.74289345741272,6651.089548110962,213
8100,70,96,0.00023369465,9087.366968393326,144.7450454235077,6651.919899940491,213
8101,70,96,0.0006698344,9088.489988803864,144.74685430526733,6652.751267910004,213
8102,70,96,5.4199936e-05,9089.61376452446,144.75566625595093,6653.57688498497,213
8103,70,96,2.192564e-05,9090.72737455368,144.77169609069824,6654.39368891716,213
8104,70,96,0.00016725005,9091.840160608292,144.77355098724365,6655.2158370018005,213
8105,70,96,2.4832729e-05,9092.947475671768,144.79542899131775,6656.036469936371,213
8106,70,96,2.4349625e-05,9094.080366134644,144.82416987419128,6656.8531630039215,213
8107,70,96,6.817201e-07,9095.19703245163,144.82637000083923,6657.678493976593,213
8108,70,96,0.0004908209,9096.304529428482,144.82843685150146,6658.500493049622,213
8109,70,96,4.6542527e-06,9097.417610406876,144.83588790893555,6659.329604148865,213
8110,70,96,8.7523615e-05,9098.529428243637,144.85334396362305,6660.153463125229,213
8111,70,96,2.7412374e-05,9099.63884973526,144.85536980628967,6660.981150150299,213
8112,70,96,0.008141694,9100.749293327332,144.86005759239197,6661.802985191345,213
8113,70,96,6.266188e-05,9101.862835168839,144.86236667633057,6662.617220163345,213
8114,70,96,2.9535144e-05,9102.990686893463,144.8851716518402,6663.446187257767,213
8115,70,96,3.1963726e-05,9104.096825122833,144.900057554245,6664.261842250824,213
8116,70,96,4.199589e-05,9105.21765422821,144.92078256607056,6665.077121257782,213
8117,70,96,0.0017728097,9106.341406106949,144.9374656677246,6665.898878335953,213
8118,70,96,0.00037602906,9107.459144115448,144.97130465507507,6666.7142951488495,213
8119,70,96,1.4131365e-05,9108.578723192215,145.02658367156982,6667.531851053238,213
8120,70,96,0.00059853727,9109.699464559555,145.05053567886353,6668.34969997406,213
8121,70,96,2.1413525e-05,9110.820647001266,145.0757405757904,6669.167225122452,213
8122,70,96,3.301844e-05,9111.933808326721,145.09080362319946,6669.985821008682,213
8123,70,96,9.802144e-06,9113.05151295662,145.09281659126282,6670.805926084518,213
8124,70,96,5.3950625e-05,9114.166535615921,145.0949785709381,6671.619162797928,213
8125,70,96,1.2534914e-05,9115.285596609116,145.1132025718689,6672.45045876503,213
8126,70,96,2.8962495e-06,9116.407537460327,145.12900972366333,6673.2630887031555,213
8127,70,96,4.8411115e-05,9117.516107082367,145.1391897201538,6674.091856718063,213
8128,70,96,1.347639e-05,9118.629068374634,145.15241479873657,6674.910023927689,213
8129,70,96,2.1047385e-06,9119.746875047684,145.16892671585083,6675.730820655823,213
8130,70,96,0.0015806599,9120.863766670227,145.18797278404236,6676.5491335392,213
8131,70,96,0.004309722,9121.98319363594,145.21465587615967,6677.364061594009,213
8132,70,96,9.181612e-05,9123.10462141037,145.22566294670105,6678.190098524094,213
8133,70,96,1.1287409e-06,9124.210049152374,145.23894596099854,6679.015477895737,213
8134,70,96,1.758311e-06,9125.337595462799,145.27665281295776,6679.840577840805,213
8135,70,96,0.0004978159,9126.468751907349,145.3057758808136,6680.658088922501,213
8136,70,96,0.001026241,9127.596222877502,145.3442747592926,6681.472060680389,213
8137,70,96,0.0007220802,9128.713748931885,145.36621570587158,6682.2893805503845,213
8138,70,97,0.0012785805,9130.211781263351,145.74495267868042,6683.1120455265045,213
8139,70,97,0.00012333714,9131.329337120056,145.74683451652527,6683.938579797745,213
8140,70,97,0.00010118106,9132.438568353653,145.74880051612854,6684.757509946823,213
8141,70,97,0.0020075697,9133.551656961441,145.75731563568115,6685.577481985092,213
8142,70,97,3.960326e-05,9134.66631603241,145.7969787120819,6686.399320840836,213
8143,70,97,1.2607282e-05,9135.78598690033,145.79895687103271,6687.224651813507,213
8144,70,97,0.0007943358,9136.907713890076,145.82795691490173,6688.036676645279,213
8145,70,97,0.0004493342,9138.03448009491,145.85421991348267,6688.857177734375,213
8146,70,97,2.283559e-06,9139.172154426575,145.87845587730408,6689.684290885925,213
8147,70,97,8.214541e-06,9140.276863098145,145.8804497718811,6690.5004341602325,213
8148,70,97,0.00020361139,9141.387006282806,145.89005970954895,6691.322625160217,213
8149,70,97,1.4107509e-05,9142.500156879425,145.9105806350708,6692.13640499115,213
8150,70,97,0.000773717,9143.619198322296,145.91257667541504,6692.955281972885,213
8151,70,97,0.0021372691,9144.744347333908,145.94561982154846,6693.784432888031,213
8152,70,97,3.185965e-05,9145.852020263672,145.95609664916992,6694.603575706482,213
8153,70,97,8.646709e-05,9146.974436044693,145.98003768920898,6695.428480863571,213
8154,70,97,8.7551394e-05,9148.099524736404,146.0017066001892,6696.2482788562775,213
8155,70,97,0.00028473965,9149.216220617294,146.02589464187622,6697.072240829468,213
8156,70,97,0.009027392,9150.328203201294,146.03713750839233,6697.887718915939,213
8157,70,97,3.402784e-06,9151.44780254364,146.0589005947113,6698.719984769821,213
8158,70,97,0.0003629806,9152.562324523926,146.06974864006042,6699.543804645538,213
8159,70,97,2.6832922e-05,9153.693445444107,146.11468863487244,6700.356721639633,213
8160,70,97,7.870219e-06,9154.806462287903,146.1331205368042,6701.178058862686,213
8161,70,97,1.9988429e-05,9155.933757066727,146.15917944908142,6702.003707885742,213
8162,70,97,0.00019411733,9157.055382490158,146.2009825706482,6702.815542936325,213
8163,70,97,0.00013070386,9158.175876617432,146.2035894393921,6703.639159679413,213
8164,70,97,0.00017173305,9159.28384566307,146.20577144622803,6704.460808515549,213
8165,70,97,4.4741253e-05,9160.403138399124,146.20799040794373,6705.288462638855,213
8166,70,97,8.903379e-07,9161.522464036942,146.2284734249115,6706.106594800949,213
8167,70,97,7.7838944e-05,9162.638617038727,146.24847531318665,6706.92299079895,213
8168,70,97,1.0383019e-05,9163.761980056763,146.27582120895386,6707.738631725311,213
8169,70,97,0.0006282031,9164.886780500412,146.2778832912445,6708.557476758957,213
8170,70,97,1.6391016e-06,9166.002755880356,146.2834460735321,6709.38082575798,213
8171,70,97,6.6178305e-05,9167.132854938507,146.285471200943,6710.199134588242,213
8172,70,97,6.43832e-05,9168.244976997375,146.28734016418457,6711.021763563156,213
8173,70,97,1.0803925e-05,9169.366415023804,146.29783511161804,6711.844989538193,213
8174,70,97,0.00040990335,9170.480428218842,146.31762623786926,6712.671197652817,213
8175,70,97,9.7840115e-05,9171.593713998795,146.32765817642212,6713.487550497055,213
8176,70,97,3.6821418e-06,9172.720682144165,146.3294231891632,6714.303330421448,213
8177,70,97,7.395123e-06,9173.833094835281,146.33905410766602,6715.117598295212,213
8178,70,97,0.003888967,9174.952193975449,146.34994101524353,6715.941613197327,213
8179,70,97,5.2153993e-08,9176.075377702713,146.36212515830994,6716.765920162201,213
8180,70,97,4.037846e-05,9177.183368682861,146.3640639781952,6717.592324495316,213
8181,70,97,5.7028068e-05,9178.315943717957,146.3903591632843,6718.414600372314,213
8182,70,97,1.5347681e-06,9179.439983606339,146.41826510429382,6719.229827165604,213
8183,70,97,0.00064282544,9180.560070514679,146.43046307563782,6720.050066947937,213
8184,70,97,0.0008395195,9181.670455694199,146.43236804008484,6720.876524925232,213
8185,70,97,1.3950765e-06,9182.782134056091,146.43449902534485,6721.696613073349,213
8186,70,97,0.0018193566,9183.889309883118,146.4400770664215,6722.520611047745,213
8187,70,97,9.17126e-06,9185.001010656357,146.44507217407227,6723.343330860138,213
8188,70,97,0.00016915609,9186.105900764465,146.46090936660767,6724.156350851059,213
8189,70,97,0.0006641591,9187.217605829239,146.47153759002686,6724.981862068176,213
8190,70,97,0.0008447049,9188.344004392624,146.48996376991272,6725.798768043518,213
8191,70,97,2.1633039e-05,9189.460675954819,146.49826169013977,6726.618676185608,213
8192,70,97,3.135593e-05,9190.585901021957,146.50026154518127,6727.452792167664,213
8193,70,97,3.043506e-06,9191.703078746796,146.5023217201233,6728.281709194183,213
8194,70,97,3.7351405e-05,9192.834097623825,146.5040009021759,6729.11030626297,213
8195,70,97,7.0998045e-05,9193.947467803955,146.50921988487244,6729.928363084793,213
8196,70,97,1.6550206e-05,9195.071358442307,146.5204358100891,6730.756384134293,213
8197,70,97,1.0747314e-06,9196.188255548477,146.52272391319275,6731.579437494278,213
8198,70,97,5.563413e-06,9197.309046030045,146.55216789245605,6732.397831439972,213
8199,70,97,2.0656312e-06,9198.422065496445,146.5626299381256,6733.215527534485,213
8200,70,97,6.5427876e-06,9199.53710770607,146.57620787620544,6734.0335104465485,213
8201,70,97,6.121143e-05,9200.660265922546,146.60203194618225,6734.8497402668,213
8202,71,97,4.765865e-06,9201.683471679688,146.6042718887329,6735.66817855835,213
8203,71,97,0.012049573,9202.802315473557,146.60649871826172,6736.4889624118805,213
8204,71,97,7.804935e-05,9203.923130273819,146.63371586799622,6737.3126702308655,213
8205,71,97,1.993024e-07,9205.041549921036,146.65893602371216,6738.126072406769,213
8206,71,97,1.953797e-06,9206.152449846268,146.66823887825012,6738.956349372864,213
8207,71,98,3.6636975e-06,9207.6558740139,147.05591583251953,6739.779860258102,213
8208,71,98,0.001465887,9208.776864528656,147.07957673072815,6740.597861289978,213
8209,71,98,0.0015462522,9209.899396181107,147.1043848991394,6741.420814275742,213
8210,71,98,0.00016379576,9211.011099100113,147.12149095535278,6742.240753412247,213
8211,71,98,2.9409232e-05,9212.117328166962,147.1283679008484,6743.057723522186,213
8212,71,98,1.4408348e-05,9213.223853826523,147.13264799118042,6743.882651567459,213
8213,71,98,0.00082384254,9214.34758591652,147.14414596557617,6744.700702428818,213
8214,71,98,6.7757246e-05,9215.455899953842,147.16236400604248,6745.52121758461,213
8215,71,98,6.817171e-05,9216.579418420792,147.17828607559204,6746.347777605057,213
8216,71,98,0.032268018,9217.712409734726,147.21247005462646,6747.172697544098,213
8217,71,98,0.00011161419,9218.830528259277,147.22423601150513,6747.992075443268,213
8218,71,98,0.005466477,9219.937720537186,147.22626900672913,6748.810941457748,213
8219,71,98,0.00651093,9221.062175750732,147.24913907051086,6749.630085468292,213
8220,71,98,1.3785388e-05,9222.174353122711,147.2521779537201,6750.44938659668,213
8221,71,98,5.187141e-06,9223.296524047852,147.28362107276917,6751.277133464813,213
8222,71,98,0.00030469958,9224.409429073334,147.28591108322144,6752.096123218536,213
8223,71,98,5.7619232e-05,9225.514307498932,147.29814410209656,6752.917060375214,213
8224,71,98,2.0059153e-05,9226.641961336136,147.30023431777954,6753.737186431885,213
8225,71,98,1.222487e-05,9227.758069753647,147.30206823349,6754.562192440033,213
8226,71,98,0.00013100155,9228.868130922318,147.312664270401,6755.385526418686,213
8227,71,98,0.0012347804,9229.979689836502,147.34143829345703,6756.208171367645,213
8228,71,98,2.0190507e-06,9231.094222545624,147.34332036972046,6757.03062748909,213
8229,71,98,3.4637815e-05,9232.218233823776,147.37178540229797,6757.8495445251465,213
8230,71,98,4.8263784e-05,9233.339776039124,147.37379837036133,6758.679571628571,213
8231,71,98,0.00013710298,9234.454189300537,147.38714838027954,6759.502434492111,213
8232,71,98,0.0021524224,9235.564456224442,147.38903141021729,6760.3311223983765,213
8233,71,98,0.012908499,9236.69183087349,147.41090035438538,6761.1514983177185,213
8234,71,98,0.00065460143,9237.815648555756,147.4212474822998,6761.974649429321,213
8235,71,98,0.0049498016,9238.931743621826,147.43414640426636,6762.795169591904,213
8236,71,98,0.00012073428,9240.051574468613,147.46123957633972,6763.608576536179,213
8237,71,98,0.0016554104,9241.198517799377,147.4952836036682,6764.427497625351,213
8238,71,98,2.6206535e-06,9242.338121175766,147.514324426651,6765.2521986961365,213
8239,71,98,1.7750256e-06,9243.545860052109,147.51625442504883,6766.155919551849,213
8240,71,98,0.00013795443,9244.671638250351,147.52612257003784,6766.980979442596,213
8241,71,98,0.003649647,9245.80089712143,147.55833077430725,6767.808436393738,213
8242,71,98,7.189824e-05,9246.910022497177,147.5666139125824,6768.628209352493,213
8243,71,98,0.024330238,9248.02566576004,147.5851969718933,6769.44408249855,213
8244,71,98,0.00015481043,9249.13918876648,147.60364198684692,6770.258762359619,213
8245,71,98,0.0030437806,9250.240424394608,147.6202528476715,6771.071258544922,213
8246,71,98,0.00056317105,9251.3566467762,147.64247393608093,6771.886348724365,213
8247,71,98,0.0023554284,9252.480669736862,147.68587613105774,6772.704297542572,213
8248,71,98,0.02083741,9253.601157665253,147.70516920089722,6773.525718688965,213
8249,71,98,0.0010686745,9254.720595121384,147.71357822418213,6774.360674858093,213
8250,71,98,0.4939279,9255.836264133453,147.73837900161743,6775.18017578125,213
8251,71,98,5.4595097e-05,9256.961258649826,147.77363300323486,6775.995559692383,213
8252,71,98,0.0023420476,9258.078885555267,147.77596998214722,6776.8156015872955,213
8253,71,98,0.0030991272,9259.200736761093,147.7893898487091,6777.633057355881,213
8254,71,98,0.0023619735,9260.319895029068,147.81305694580078,6778.454348325729,213
8255,71,98,0.097760744,9261.432138681412,147.81523895263672,6779.2812395095825,213
8256,71,98,0.001194227,9262.543246269226,147.84337902069092,6780.09810256958,213
8257,71,98,9.849304e-06,9263.685011148453,147.88404512405396,6780.91633439064,213
8258,71,98,0.080952555,9264.793832302094,147.89459323883057,6781.733886241913,213
8259,71,98,0.055163402,9265.90159869194,147.89646911621094,6782.555052995682,213
8260,71,98,0.16128555,9267.014094352722,147.91684317588806,6783.374482870102,213
8261,71,98,0.015330671,9268.121715307236,147.9232361316681,6784.193953037262,213
8262,71,98,0.025122186,9269.236689567566,147.95459604263306,6785.008657217026,213
8263,71,98,0.0063500963,9270.358145236969,147.9670810699463,6785.828892469406,213
8264,71,98,0.059178304,9271.47626376152,147.9778392314911,6786.654718399048,213
8265,71,98,0.004316301,9272.605416297913,147.996187210083,6787.481620311737,213
8266,71,98,0.02238983,9273.723797559738,148.00444912910461,6788.2994992733,213
8267,71,98,0.051100235,9274.837678670883,148.0090413093567,6789.113735198975,213
8268,71,98,0.0051644356,9275.954319477081,148.03379821777344,6789.932970285416,213
8269,71,98,0.2252906,9277.064192771912,148.04677319526672,6790.7451112270355,213
8270,71,98,0.005452953,9278.166231632233,148.0509352684021,6791.564284324646,213
8271,71,98,0.026279787,9279.270049571991,148.05480337142944,6792.386783361435,213
8272,71,98,0.02651151,9280.406049489975,148.07366132736206,6793.211268424988,213
8273,71,98,0.0006456695,9281.531088590622,148.10377430915833,6794.028036355972,213
8274,71,99,0.0012797246,9283.04521036148,148.50875306129456,6794.85107755661,213
8275,71,99,1.5925322e-06,9284.158554553986,148.52566003799438,6795.6782603263855,213
8276,71,99,8.65811e-05,9285.285897016525,148.56294798851013,6796.496388673782,213
8277,71,99,5.1618947e-05,9286.38703417778,148.56656312942505,6797.3169684410095,213
8278,71,99,7.956295e-06,9287.513638496399,148.57835006713867,6798.138368606567,213
8279,71,99,2.843845e-05,9288.630569458008,148.60929489135742,6798.958903312683,213
8280,71,99,7.1864924e-05,9289.749169111252,148.61112689971924,6799.789763450623,213
8281,71,99,0.00026043798,9290.865705013275,148.62537693977356,6800.60458946228,213
8282,71,99,0.011275126,9291.989456892014,148.643474817276,6801.428598642349,213
8283,71,99,1.4141808e-05,9293.115466356277,148.6654577255249,6802.250618696213,213
8284,71,99,1.0374794e-06,9294.22594666481,148.67706871032715,6803.074072599411,213
8285,71,99,8.703607e-06,9295.330292224884,148.6812355518341,6803.900982379913,213
8286,71,99,1.3017734e-05,9296.445296049118,148.69382762908936,6804.722021341324,213
8287,71,99,3.8031633e-06,9297.562981843948,148.72229671478271,6805.537702322006,213
8288,71,99,6.374427e-05,9298.68756198883,148.74677062034607,6806.361083269119,213
8289,71,99,0.0003228812,9299.813581466675,148.77449250221252,6807.1800532341,213
8290,71,99,6.798098e-05,9300.930821180344,148.80986666679382,6807.999963998795,213
8291,71,99,0.0011246742,9302.048679590225,148.8148946762085,6808.821488142014,213
8292,71,99,2.0475643e-05,9303.165953159332,148.82240080833435,6809.6391270160675,213
8293,71,99,9.681408e-05,9304.276011705399,148.8329668045044,6810.464089155197,213
8294,71,99,0.023150122,9305.384842157364,148.83484077453613,6811.297507047653,213
8295,71,99,0.0014600062,9306.492954492569,148.8492136001587,6812.111585855484,213
8296,71,99,0.00013639905,9307.612930774689,148.87152862548828,6812.9335198402405,213
8297,71,99,0.004840011,9308.727759599686,148.88778066635132,6813.763003826141,213
8298,71,99,0.00014940255,9309.836596488953,148.88988876342773,6814.5811059474945,213
8299,71,99,0.0049509713,9310.95173239708,148.89564085006714,6815.403604984283,213
8300,71,99,3.2054197e-06,9312.071556091309,148.92821192741394,6816.224609851837,213
8301,71,99,0.0016865073,9313.196564912796,148.95302176475525,6817.044741630554,213
8302,71,99,0.0010899833,9314.31626033783,148.95505166053772,6817.869152545929,213
8303,71,99,0.00048204287,9315.427564382553,148.96673965454102,6818.688121557236,213
8304,71,99,0.023422573,9316.545592308044,148.98714971542358,6819.515967607498,213
8305,71,99,3.8739527e-05,9317.66146492958,148.98909068107605,6820.346883296967,213
8306,71,99,0.0009802647,9318.770606994629,149.00136756896973,6821.166768312454,213
8307,71,99,0.014056198,9319.893224477768,149.0119664669037,6821.992965221405,213
8308,71,99,0.037549514,9321.019501686096,149.04409551620483,6822.815565109253,213
8309,71,99,5.1243194e-05,9322.135977983475,149.0463445186615,6823.645898103714,213
8310,71,99,0.0013917076,9323.25741481781,149.05614161491394,6824.465920209885,213
8311,71,99,5.945511e-05,9324.378118753433,149.08283853530884,6825.285669565201,213
8312,71,99,0.0017850931,9325.497489213943,149.10625171661377,6826.103863477707,213
8313,71,99,0.023990784,9326.61344408989,149.1278898715973,6826.9261910915375,213
8314,71,99,0.000112882844,9327.725576162338,149.1433207988739,6827.7422749996185,213
8315,71,99,6.1463484e-06,9328.840420007706,149.15396666526794,6828.560437202454,213
8316,71,99,0.000113100345,9329.959573030472,149.18468070030212,6829.377248287201,213
8317,71,99,0.002234728,9331.065468072891,149.18688464164734,6830.200239181519,213
8318,71,99,0.04052349,9332.181791305542,149.1920747756958,6831.017059087753,213
8319,72,99,0.00041217217,9333.212789297104,149.1944386959076,6831.836252212524,213
8320,72,99,0.08985751,9334.33689403534,149.21213150024414,6832.6564700603485,213
8321,72,99,0.0011326155,9335.460210323334,149.2368986606598,6833.484777927399,213
8322,72,99,0.03560994,9336.588115215302,149.25864052772522,6834.306569814682,213
8323,72,99,7.95385e-06,9337.719261407852,149.28289937973022,6835.1346299648285,213
8324,72,99,0.00037120003,9338.837623596191,149.3017933368683,6835.957223892212,213
8325,72,99,0.008227001,9339.946598291397,149.31755948066711,6836.773960113525,213
8326,72,99,0.0008130531,9341.069187879562,149.33432745933533,6837.594763755798,213
8327,72,99,0.000114323935,9342.189898490906,149.3574914932251,6838.4200184345245,213
8328,72,99,0.010434832,9343.31650853157,149.38373446464539,6839.244497537613,213
8329,72,99,0.0031588285,9344.440178871155,149.40143537521362,6840.067123413086,213
8330,72,99,0.0017439544,9345.548964262009,149.42311143875122,6840.892528533936,213
8331,72,99,0.00021966378,9346.662882328033,149.42653632164001,6841.715510606766,213
8332,72,99,0.00013705993,9347.780560731888,149.44936537742615,6842.538886785507,213
8333,72,100,0.0001768459,9349.298657894135,149.84661149978638,6843.3562688827515,213
8334,72,100,0.001116801,9350.409915685654,149.85214853286743,6844.180345058441,213
8335,72,100,0.0043786354,9351.53407382965,149.87918162345886,6844.997174978256,213
8336,72,100,0.00016197105,9352.65067601204,149.88119459152222,6845.8090188503265,213
8337,72,100,5.8985224e-06,9353.766340255737,149.88986563682556,6846.6223068237305,213
8338,72,100,0.00015371546,9354.886419296265,149.891845703125,6847.445584774017,213
8339,72,100,1.5405916e-05,9356.007408380508,149.90651154518127,6848.266129732132,213
8340,72,100,5.7423855e-05,9357.112444162369,149.9126636981964,6849.094198942184,213
8341,72,100,4.82369e-06,9358.222427845001,149.9147276878357,6849.915083885193,213
8342,72,100,1.3963782e-05,9359.33291554451,149.9363317489624,6850.730926990509,213
8343,72,100,0.00042906852,9360.439644575119,149.9561698436737,6851.547230005264,213
8344,72,100,0.0010972263,9361.550710439682,149.9765660762787,6852.363213777542,213
8345,72,100,0.00042635243,9362.654815673828,149.98808407783508,6853.184160709381,213
8346,72,100,1.8272938e-05,9363.767745494843,150.0118532180786,6854.010755777359,213
8347,72,100,1.5363452e-05,9364.886966228485,150.03643822669983,6854.827987670898,213
8348,72,100,3.7151018e-05,9366.005280971527,150.05846524238586,6855.652644634247,213
8349,72,100,0.000120798795,9367.115892410278,150.07954239845276,6856.473339796066,213
8350,72,100,0.00013788776,9368.241147518158,150.08152627944946,6857.300776720047,213
8351,72,100,9.586021e-06,9369.362121105194,150.09775924682617,6858.1224365234375,213
8352,72,100,5.1314615e-05,9370.485017061234,150.10575222969055,6858.948175668716,213
8353,72,100,9.164138e-07,9371.606044769287,150.12510418891907,6859.771614789963,213
8354,72,100,6.252191e-05,9372.72618174553,150.12928915023804,6860.598440885544,213
8355,72,100,0.0001547153,9373.841744661331,150.148264169693,6861.415185928345,213
8356,72,100,4.7476282e-05,9374.954872846603,150.15031719207764,6862.239049911499,213
8357,72,100,2.8368937e-05,9376.066592931747,150.1668062210083,6863.059822797775,213
8358,72,100,0.016521307,9377.18144774437,150.16978216171265,6863.878772735596,213
8359,72,100,0.00026646774,9378.294249296188,150.18262100219727,6864.702750682831,213
8360,72,100,2.8497627e-06,9379.403579711914,150.18505001068115,6865.523839712143,213
8361,72,100,6.590869e-06,9380.524849176407,150.20570015907288,6866.345651626587,213
8362,72,100,4.1436797e-05,9381.634454965591,150.21264028549194,6867.17046380043,213
8363,72,100,2.2934471e-05,9382.748780727386,150.2145562171936,6867.99107670784,213
8364,72,100,0.059032176,9383.872153043747,150.21640920639038,6868.811911821365,213
8365,72,100,2.013448e-06,9384.999618291855,150.23596334457397,6869.631588935852,213
8366,72,100,2.5629474e-06,9386.107788085938,150.23830723762512,6870.456666946411,213
8367,72,100,6.5197004e-05,9387.224330425262,150.25451827049255,6871.279215097427,213
8368,72,100,3.1570497e-05,9388.34572148323,150.25863122940063,6872.107431173325,213
8369,72,100,8.102437e-07,9389.463829517365,150.27782011032104,6872.931974172592,213
8370,72,100,0.0003755335,9390.567826509476,150.27986693382263,6873.743945121765,213
8371,72,100,0.00042488164,9391.686500787735,150.30099892616272,6874.561820030212,213
8372,72,100,0.00027709163,9392.807064294815,150.31850004196167,6875.380825042725,213
8373,72,100,0.001062743,9393.933986663818,150.33491706848145,6876.201589107513,213
8374,72,100,3.4665853e-05,9395.03987455368,150.33815622329712,6877.019467115402,213
8375,72,100,0.0008350752,9396.154437303543,150.3514142036438,6877.84722328186,213
8376,72,100,0.00011780303,9397.267060995102,150.35348510742188,6878.667188167572,213
8377,72,100,0.00047234754,9398.374951839447,150.3602020740509,6879.48912024498,213
8378,72,100,0.29663774,9399.506600618362,150.36207699775696,6880.322516441345,213
8379,72,100,0.0005526765,9400.622834682465,150.3677840232849,6881.1448855400085,213
8380,72,100,0.0006326958,9401.737311601639,150.3723030090332,6881.970171451569,213
8381,72,100,0.011620854,9402.862228155136,150.37410807609558,6882.793962240219,213
8382,72,100,0.0022598696,9403.99259185791,150.41100311279297,6883.612610340118,213
8383,72,100,0.0011371347,9405.111874818802,150.4186291694641,6884.441609144211,213
8384,72,100,0.028518759,9406.224383592606,150.43335437774658,6885.259753227234,213
8385,72,100,0.01948421,9407.348757266998,150.43546628952026,6886.079309225082,213
8386,72,100,0.026422866,9408.470950841904,150.45462918281555,6886.894287347794,213
8387,72,100,0.0038997708,9409.587234973907,150.45656514167786,6887.716767311096,213
8388,72,100,0.046146687,9410.709389448166,150.4634289741516,6888.537707328796,213
8389,72,100,0.002376792,9411.834900140762,150.47709798812866,6889.359586238861,213
8390,72,100,0.029037304,9412.959048509598,150.49514818191528,6890.187183141708,213
8391,72,100,0.001063138,9414.072390556335,150.50352120399475,6891.006786108017,213
8392,72,100,0.0019781603,9415.183943510056,150.51066398620605,6891.834393024445,213
8393,72,100,0.00024672624,9416.292380571365,150.52105593681335,6892.653615951538,213
8394,72,100,0.036038753,9417.404154777527,150.52300572395325,6893.476755142212,213
8395,72,100,9.4896095e-05,9418.520281553268,150.55642676353455,6894.293598175049,213
8396,72,100,0.10164151,9419.6301009655,150.56139278411865,6895.116166114807,213
8397,72,100,0.031073451,9420.745225906372,150.57290267944336,6895.93451333046,213
8398,72,100,0.027973007,9421.861515522003,150.5758717060089,6896.753708124161,213
8399,72,100,0.022748452,9422.981760978699,150.58668565750122,6897.577990293503,213
8400,72,100,0.00040122608,9424.100752353668,150.59607553482056,6898.3984751701355,213
8401,72,100,0.007478879,9425.218670845032,150.62022256851196,6899.218729257584,213
8402,72,100,0.002249863,9426.328180074692,150.62964057922363,6900.036567211151,213
8403,72,100,0.05049083,9427.439408302307,150.64789843559265,6900.853241205215,213
8404,72,100,0.009667047,9428.55452632904,150.6652386188507,6901.676215171814,213
8405,72,100,0.0011152053,9429.666096925735,150.67300367355347,6902.491890907288,213
8406,72,100,0.13911028,9430.7933075428,150.68017053604126,6903.311242818832,213
8407,72,100,0.05742115,9431.91965842247,150.71267652511597,6904.1306319236755,213
8408,72,100,0.006852386,9433.039539575577,150.7295184135437,6904.950760126114,213
8409,72,100,0.0067674294,9434.16654086113,150.75758934020996,6905.7711482048035,213
8410,72,100,0.010340755,9435.279578208923,150.76734018325806,6906.592037200928,213
8411,72,100,0.0003686583,9436.382654428482,150.77386116981506,6907.414708137512,213
8412,72,100,0.0031980318,9437.497194290161,150.7759792804718,6908.237715244293,213
8413,72,100,0.100509934,9438.613802671432,150.78632521629333,6909.055032253265,213
8414,72,100,0.059390895,9439.721160173416,150.79203820228577,6909.874223232269,213
8415,72,100,0.0023094239,9440.826798200607,150.79533529281616,6910.6932961940765,213
8416,72,100,0.004097136,9441.935720920563,150.8008062839508,6911.515389919281,213
8417,72,100,0.02962929,9443.059631824493,150.8028872013092,6912.347415924072,213
8418,72,100,0.0002688133,9444.170830965042,150.81422019004822,6913.167418956757,213
8419,72,101,0.00079939025,9445.690158605576,151.19877338409424,6913.996537923813,213
8420,72,101,0.0011157601,9446.805791378021,151.2270152568817,6914.815963029861,213
8421,72,101,3.1475967e-05,9447.932744264603,151.26568412780762,6915.6406400203705,213
8422,72,101,0.00010084321,9449.052766084671,151.2767632007599,6916.47216796875,213
8423,72,101,0.000106793195,9450.16926407814,151.28666615486145,6917.292314052582,213
8424,72,101,0.0006940376,9451.275851726532,151.28871512413025,6918.111118078232,213
8425,72,101,0.00030780263,9452.385544776917,151.3036811351776,6918.933344125748,213
8426,72,101,3.2787895e-05,9453.50006365776,151.30828022956848,6919.76101899147,213
8427,72,101,0.00014976732,9454.60673046112,151.3177342414856,6920.579493761063,213
8428,72,101,0.0075362492,9455.719493865967,151.32625126838684,6921.403084993362,213
8429,72,101,8.179349e-05,9456.838180541992,151.33747124671936,6922.22939991951,213
8430,72,101,0.0006690022,9457.956729412079,151.33946919441223,6923.060032129288,213
8431,72,101,0.00027482325,9459.084837913513,151.36851930618286,6923.8829963207245,213
8432,72,101,1.911839e-05,9460.195082187653,151.3708221912384,6924.718224287033,213
8433,72,101,3.6268295e-05,9461.316131830215,151.37313413619995,6925.543644189835,213
8434,72,101,0.000891418,9462.43923664093,151.37511897087097,6926.374376296997,213
8435,72,101,7.4834234e-06,9463.575407505035,151.4060549736023,6927.189448356628,213
8436,73,101,0.00063812797,9464.599937915802,151.4084119796753,6928.00590634346,213
8437,73,101,2.7380796e-07,9465.727085351944,151.41031289100647,6928.821981430054,213
8438,73,101,0.04890583,9466.838546991348,151.41228699684143,6929.647927284241,213
8439,73,101,3.164504e-05,9467.953105449677,151.41402411460876,6930.473260164261,213
8440,73,101,0.0029322307,9469.076721668243,151.4204649925232,6931.291229009628,213
8441,73,101,5.6679844e-05,9470.192561626434,151.43476510047913,6932.115650892258,213
8442,73,101,0.00013298762,9471.30985569954,151.4590780735016,6932.933007955551,213
8443,73,101,6.331342e-05,9472.431677818298,151.46096205711365,6933.756231784821,213
8444,73,101,0.00065628905,9473.546101093292,151.4814910888672,6934.579751729965,213
8445,73,101,0.00017492087,9474.658290863037,151.48466110229492,6935.406293869019,213
8446,73,101,0.0001974059,9475.778083324432,151.48665809631348,6936.236159801483,213
8447,73,101,1.0299255e-05,9476.902508974075,151.51732897758484,6937.0603749752045,213
8448,73,101,3.2742207e-06,9478.026859283447,151.52082109451294,6937.877624034882,213
8449,73,101,0.012691106,9479.148165464401,151.5464630126953,6938.695031166077,213
8450,73,101,0.00013515227,9480.267501115799,151.57027888298035,6939.516144275665,213
8451,73,101,0.00010862056,9481.38061594963,151.5817220211029,6940.346740245819,213
8452,73,101,0.09418521,9482.500308513641,151.58372807502747,6941.168496131897,213
8453,73,101,5.201824e-06,9483.623054027557,151.58723402023315,6941.99313211441,213
8454,73,101,2.4650639e-05,9484.73817539215,151.6077950000763,6942.81149315834,213
8455,73,101,0.00017132789,9485.850515842438,151.609778881073,6943.630962133408,213
8456,73,101,0.000115703755,9486.976956129074,151.61761474609375,6944.451824188232,213
8457,73,101,0.0071427193,9488.105192899704,151.62205481529236,6945.277481079102,213
8458,73,101,0.040703297,9489.227815389633,151.63191676139832,6946.091492176056,213
8459,73,101,0.13678397,9490.35916519165,151.63405895233154,6946.918051242828,213
8460,73,101,0.00015932001,9491.469843864441,151.6405007839203,6947.741121292114,213
8461,73,101,0.0011606396,9492.592164039612,151.64869284629822,6948.558505296707,213
8462,73,101,0.00015719896,9493.706237316132,151.65724682807922,6949.383649110794,213
8463,73,101,2.4224259e-05,9494.818800926208,151.67457699775696,6950.213713884354,213
8464,73,101,0.003248544,9495.934074878693,151.69271206855774,6951.030268669128,213
8465,73,101,0.020194627,9497.054675340652,151.71950101852417,6951.853933811188,213
8466,73,101,0.0068563465,9498.171797990799,151.72151279449463,6952.677082777023,213
8467,73,101,0.001268567,9499.29291009903,151.7568986415863,6953.4919357299805,213
8468,73,101,0.024909697,9500.410347223282,151.75882863998413,6954.31401848793,213
8469,73,101,0.12621297,9501.527843236923,151.7915916442871,6955.131313323975,213
8470,73,101,0.0066838944,9502.632501125336,151.7942156791687,6955.953399181366,213
8471,73,101,0.0012391293,9503.746539592743,151.79613947868347,6956.776859045029,213
8472,73,101,0.07103585,9504.854716777802,151.811425447464,6957.596216201782,213
8473,73,101,0.007945845,9505.95528292656,151.8272385597229,6958.411464214325,213
8474,73,101,0.019913025,9507.07063627243,151.8610224723816,6959.229598045349,213
8475,73,101,0.0049292487,9508.18689918518,151.86457133293152,6960.052675008774,213
8476,73,101,0.15562181,9509.3043384552,151.87606835365295,6960.87269115448,213
8477,73,101,0.010515516,9510.433032274246,151.90615439414978,6961.699456214905,213
8478,73,101,0.01742623,9511.55792093277,151.91330933570862,6962.521189451218,213
8479,73,101,0.0028980025,9512.673601388931,151.9276933670044,6963.344910144806,213
8480,73,101,0.0006744389,9513.801259279251,151.96476244926453,6964.160401105881,213
8481,73,101,0.00014372994,9514.91414809227,151.96673941612244,6964.973427295685,213
8482,73,101,0.11287949,9516.026633739471,151.97326946258545,6965.787978172302,213
8483,73,101,0.032907855,9517.144133806229,151.9854953289032,6966.601068019867,213
8484,73,101,0.052847013,9518.260758638382,151.99569034576416,6967.426307916641,213
8485,73,101,0.0070899,9519.380879878998,152.01293540000916,6968.246586799622,213
8486,73,101,0.1213659,9520.507048130035,152.0148525238037,6969.074301958084,213
8487,73,101,0.013144043,9521.627541780472,152.04433250427246,6969.899696826935,213
8488,73,101,0.0036877438,9522.754799127579,152.06220364570618,6970.723006725311,213
8489,73,101,0.0008570246,9523.872316122055,152.077942609787,6971.542317867279,213
8490,73,101,0.18178053,9524.994230985641,152.09021544456482,6972.369971036911,213
8491,73,101,0.018458746,9526.100727319717,152.0918264389038,6973.19690322876,213
8492,73,101,0.17780948,9527.216701030731,152.0937786102295,6974.013117313385,213
8493,73,101,0.11698564,9528.332995891571,152.11007070541382,6974.828270196915,213
8494,73,101,0.022033768,9529.451653957367,152.11223769187927,6975.6476101875305,213
8495,73,101,0.025291236,9530.57733464241,152.13938069343567,6976.472827196121,213
8496,73,101,0.011174755,9531.682378053665,152.14129972457886,6977.2907202243805,213
8497,73,101,0.044284597,9532.80245757103,152.16678380966187,6978.106279373169,213
8498,73,101,0.13149127,9533.917750358582,152.1755928993225,6978.932157278061,213
8499,73,101,0.038768567,9535.044162750244,152.2013556957245,6979.752607345581,213
8500,73,102,0.14523812,9536.544735431671,152.58818459510803,6980.571708440781,213
8501,73,102,6.555653e-05,9537.696810245514,152.61918759346008,6981.396438360214,213
8502,73,102,7.446305e-06,9538.807881355286,152.62651252746582,6982.218157529831,213
8503,73,102,3.5575293e-05,9539.931661844254,152.62876343727112,6983.0370535850525,213
8504,73,102,0.00017046879,9541.045219659805,152.63067245483398,6983.86677479744,213
8505,73,102,0.026020749,9542.164722442627,152.640296459198,6984.690545082092,213
8506,73,102,2.8218506e-06,9543.274334192276,152.65882539749146,6985.513442993164,213
8507,73,102,0.00060747366,9544.382865667343,152.675297498703,6986.333567857742,213
8508,73,102,0.0010935701,9545.49523282051,152.68270468711853,6987.157091856003,213
8509,73,102,0.01178048,9546.60744690895,152.70139169692993,6987.981263875961,213
8510,73,102,0.0007998046,9547.730380535126,152.71866178512573,6988.806968688965,213
8511,73,102,0.00083719793,9548.855283498764,152.74810695648193,6989.6263926029205,213
8512,73,102,0.0004190402,9549.970010519028,152.77054691314697,6990.442894458771,213
8513,73,102,0.0049783736,9551.0886490345,152.7959749698639,6991.256157398224,213
8514,73,102,0.0007826101,9552.198425531387,152.80482292175293,6992.080476522446,213
8515,73,102,0.0677018,9553.327907323837,152.82688689231873,6992.898935556412,213
8516,73,102,0.002355027,9554.442474126816,152.83361101150513,6993.722752571106,213
8517,73,102,0.0008758504,9555.555817842484,152.83646202087402,6994.545755624771,213
8518,73,102,0.008913701,9556.670134067535,152.85007405281067,6995.360508680344,213
8519,73,102,0.0004630045,9557.778714179993,152.85589909553528,6996.179364681244,213
8520,73,102,0.00030006212,9558.899814128876,152.87738800048828,6997.003271818161,213
8521,73,102,1.372997e-05,9560.01059103012,152.88438510894775,6997.820396661758,213
8522,73,102,7.737224e-05,9561.138191461563,152.93398904800415,6998.637930393219,213
8523,73,102,0.00022581869,9562.257080078125,152.93596005439758,6999.457001686096,213
8524,73,102,0.07608301,9563.382099151611,152.98220705986023,7000.2713124752045,213
8525,73,102,8.554539e-05,9564.488367319107,152.98421001434326,7001.090008497238,213
8526,73,102,0.015145613,9565.6053109169,152.9928629398346,7001.904132604599,213
8527,73,102,0.14579228,9566.722932815552,153.01323676109314,7002.729001522064,213
8528,73,102,0.021563686,9567.837116241455,153.01534175872803,7003.554233551025,213
8529,73,102,0.00065158255,9568.958702087402,153.0288417339325,7004.378378391266,213
8530,73,102,0.0015698726,9570.076532363892,153.05645966529846,7005.20565366745,213
8531,73,102,0.0007606612,9571.185403585434,153.07368779182434,7006.0294415950775,213
8532,73,102,0.018498318,9572.308582782745,153.0757246017456,7006.856662750244,213
8533,73,102,0.00012777354,9573.419575929642,153.07954478263855,7007.685175657272,213
8534,73,102,0.00017815987,9574.545849561691,153.08531880378723,7008.511253833771,213
8535,73,102,0.022016786,9575.670092344284,153.10043668746948,7009.333691835403,213
8536,73,102,0.0019626112,9576.789294242859,153.10940170288086,7010.160863876343,213
8537,73,102,0.054922655,9577.902482748032,153.12332582473755,7010.9766047000885,213
8538,73,102,0.000102900245,9579.018198013306,153.1254858970642,7011.805569887161,213
8539,73,102,0.02205576,9580.128464221954,153.13333082199097,7012.6310160160065,213
8540,73,102,0.0011806914,9581.245839118958,153.1491298675537,7013.447870969772,213
8541,73,102,0.0073724436,9582.356241941452,153.15267276763916,7014.282742977142,213
8542,73,103,0.0015151552,9583.8599858284,153.54145169258118,7015.095634937286,213
8543,73,103,7.955886e-05,9584.97233581543,153.5501778125763,7015.912220001221,213
8544,73,103,0.0001135536,9586.083466768265,153.55580282211304,7016.735800027847,213
8545,73,103,9.260592e-05,9587.206562757492,153.580335855484,7017.556156158447,213
8546,73,103,0.00014607527,9588.323277711868,153.58683276176453,7018.380449295044,213
8547,73,103,2.885782e-05,9589.430048465729,153.5923557281494,7019.204084396362,213
8548,73,103,0.0007236346,9590.53286409378,153.6000747680664,7020.027003288269,213
8549,73,103,2.9505074e-05,9591.646696805954,153.6176586151123,7020.846576213837,213
8550,73,103,9.707719e-05,9592.756191015244,153.61979460716248,7021.671068191528,213
8551,73,103,0.00043027638,9593.869720935822,153.6450445652008,7022.492800235748,213
8552,73,103,5.3752352e-05,9594.994036912918,153.64716362953186,7023.31339931488,213
8553,74,103,0.00010381826,9596.008165597916,153.64949774742126,7024.124042272568,213
8554,74,103,1.3617018e-05,9597.133479833603,153.67492365837097,7024.93959736824,213
8555,74,103,0.004907309,9598.24950504303,153.67690753936768,7025.756333351135,213
8556,74,103,0.0022898596,9599.363361358643,153.68124747276306,7026.57661318779,213
8557,74,103,0.00013757788,9600.470547676086,153.70460844039917,7027.38943696022,213
8558,74,103,8.2464154e-05,9601.586163759232,153.71221041679382,7028.219007968903,213
8559,74,103,4.729053e-06,9602.69558262825,153.72246527671814,7029.032838106155,213
8560,74,103,1.8269488e-05,9603.804848194122,153.73146104812622,7029.856667995453,213
8561,74,103,0.0001362958,9604.916453123093,153.75253105163574,7030.67569899559,213
8562,74,103,0.00020592153,9606.048453092575,153.80577206611633,7031.490091085434,213
8563,74,103,0.0005116857,9607.172656297684,153.82411193847656,7032.307564020157,213
8564,74,103,5.8197467e-05,9608.291593313217,153.83590006828308,7033.1281950473785,213
8565,74,103,6.305313e-05,9609.386756896973,153.84107303619385,7033.949029922485,213
8566,74,103,0.00011889034,9610.505095720291,153.85943913459778,7034.775724887848,213
8567,74,103,1.5999617e-06,9611.61112356186,153.8612620830536,7035.5956158638,213
8568,74,103,0.00037378812,9612.722874879837,153.86881709098816,7036.4169290065765,213
8569,74,103,1.4389812e-05,9613.840618133545,153.8753740787506,7037.246506929398,213
8570,74,103,7.2543867e-06,9614.951629161835,153.88478994369507,7038.066383838654,213
8571,74,103,0.00021574431,9616.060819864273,153.89039707183838,7038.891160726547,213
8572,74,103,0.0021256795,9617.17971110344,153.92021799087524,7039.710109472275,213
8573,74,103,1.1118938e-05,9618.293859481812,153.94114303588867,7040.534563541412,213
8574,74,103,2.0585845e-05,9619.41615653038,153.95599508285522,7041.352276563644,213
8575,74,103,4.922566e-05,9620.527094125748,153.96692323684692,7042.177792549133,213
8576,74,103,1.0138419e-05,9621.648050308228,153.97273802757263,7043.003257751465,213
8577,74,103,0.0003389266,9622.774164438248,154.01708102226257,7043.821479797363,213
8578,74,103,5.7556368e-05,9623.885407209396,154.02799105644226,7044.652731895447,213
8579,74,103,6.209369e-06,9625.001455545425,154.05404090881348,7045.466226100922,213
8580,74,103,0.00019784633,9626.12175822258,154.084223985672,7046.279855012894,213
8581,74,103,9.061776e-06,9627.225118160248,154.0897970199585,7047.0977239608765,213
8582,74,103,2.5894631e-05,9628.340346813202,154.0918471813202,7047.92115187645,213
8583,74,103,2.9596213e-06,9629.450041294098,154.10126113891602,7048.741030931473,213
8584,74,103,2.8497557e-06,9630.570666313171,154.1031551361084,7049.554652690887,213
8585,74,103,1.2301005e-05,9631.682016849518,154.10522198677063,7050.378381729126,213
8586,74,103,8.8068395e-05,9632.799228429794,154.13217997550964,7051.206477642059,213
8587,74,103,0.0005671058,9633.914367437363,154.1385359764099,7052.031951904297,213
8588,74,103,4.382595e-06,9635.033906459808,154.15266108512878,7052.854573965073,213
8589,74,103,0.00016296579,9636.15581202507,154.17861819267273,7053.673494100571,213
8590,74,103,8.918485e-05,9637.27036523819,154.19779205322266,7054.49022102356,213
8591,74,103,9.5594405e-06,9638.37439417839,154.19978594779968,7055.3106372356415,213
8592,74,103,1.10887195e-05,9639.499814510345,154.22546291351318,7056.130563259125,213
8593,74,103,0.0001310477,9640.626715660095,154.2324550151825,7056.953501462936,213
8594,74,103,7.170581e-06,9641.739073514938,154.2423541545868,7057.777715444565,213
8595,74,103,9.532283e-06,9642.856379508972,154.24707102775574,7058.594106197357,213
8596,74,103,0.0005091271,9643.976405620575,154.27165722846985,7059.410537242889,213
8597,74,103,2.1028634e-06,9645.085895299911,154.27850437164307,7060.238132476807,213
8598,74,103,1.9228877e-05,9646.204170703888,154.280442237854,7061.0708963871,213
8599,74,103,4.2256353e-05,9647.31870508194,154.29351806640625,7061.892532587051,213
8600,74,103,4.6731508e-05,9648.438035488129,154.32367086410522,7062.710679769516,213
8601,74,103,1.055784e-05,9649.563539028168,154.32556581497192,7063.5335257053375,213
8602,74,103,1.0690314e-05,9650.694582939148,154.34383702278137,7064.354143619537,213
8603,74,103,5.447715e-06,9651.814903736115,154.37716507911682,7065.172218322754,213
8604,74,103,2.7641081e-05,9652.93536233902,154.4076099395752,7065.989341259003,213
8605,74,103,5.9807833e-05,9654.051020622253,154.40960097312927,7066.807004213333,213
8606,74,103,7.6170827e-06,9655.173639297485,154.42499494552612,7067.6284375190735,213
8607,74,103,4.0791787e-07,9656.28278040886,154.43544387817383,7068.4476664066315,213
8608,74,103,9.3845236e-05,9657.402740716934,154.45413088798523,7069.2707414627075,213
8609,74,103,2.4772115e-05,9658.526208400726,154.4560580253601,7070.102174520493,213
8610,74,103,0.00016339698,9659.638942241669,154.45934319496155,7070.930587530136,213
8611,74,103,0.00063133595,9660.756068706512,154.48329138755798,7071.7503135204315,213
8612,74,103,6.983511e-06,9661.878717899323,154.49665141105652,7072.577146291733,213
8613,74,103,8.910569e-06,9662.998565196991,154.5048794746399,7073.404257059097,213
8614,74,103,8.68286e-06,9664.10335111618,154.50675463676453,7074.22923207283,213
8615,74,103,1.9428753e-05,9665.224680185318,154.52886152267456,7075.044605970383,213
8616,74,103,2.8329423e-06,9666.32953619957,154.53087663650513,7075.868803977966,213
8617,74,103,0.00018898926,9667.445037841797,154.54603052139282,7076.6901659965515,213
8618,74,103,0.00014719962,9668.55156493187,154.5489466190338,7077.509735107422,213
8619,74,103,1.9308498e-05,9669.66609787941,154.5617744922638,7078.336799144745,213
8620,74,103,8.121078e-07,9670.77852010727,154.56678342819214,7079.157064199448,213
8621,74,103,7.578639e-05,9671.901995658875,154.5690884590149,7079.9766681194305,213
8622,74,103,4.5377852e-05,9673.01864862442,154.58438849449158,7080.795942306519,213
8623,74,103,2.1592983e-05,9674.142117977142,154.6024374961853,7081.613072156906,213
8624,74,103,6.8967875e-06,9675.267761468887,154.61290645599365,7082.43906211853,213
8625,74,103,3.747797e-05,9676.380625486374,154.63076758384705,7083.264783143997,213
8626,74,103,0.004417526,9677.493019342422,154.63923048973083,7084.084587097168,213
8627,74,103,2.0449756e-05,9678.60384440422,154.64651536941528,7084.910659074783,213
8628,74,103,8.591287e-05,9679.717631816864,154.65268445014954,7085.729927062988,213
8629,74,103,0.00033284802,9680.82004904747,154.65459442138672,7086.551362037659,213
8630,74,103,2.0706371e-05,9681.931277990341,154.6728584766388,7087.370459318161,213
8631,74,103,0.00011024879,9683.062544584274,154.67474150657654,7088.201110601425,213
8632,74,103,0.0002981688,9684.185749053955,154.6768045425415,7089.027532815933,213
8633,74,103,6.606047e-05,9685.293671369553,154.68290448188782,7089.845864772797,213
8634,74,103,7.9962365e-06,9686.419442176819,154.69731831550598,7090.6649849414825,213
8635,74,103,6.0321516e-05,9687.522907495499,154.7058563232422,7091.481089830399,213
8636,74,103,2.3411136e-05,9688.640589475632,154.72214937210083,7092.299607038498,213
8637,74,103,8.3335595e-05,9689.766075849533,154.75805926322937,7093.122333049774,213
8638,74,103,8.761203e-05,9690.883166313171,154.7600462436676,7093.946260929108,213
8639,74,103,0.00012878106,9691.986694335938,154.76798224449158,7094.761039733887,213
8640,74,103,1.0458321e-05,9693.09970998764,154.76978707313538,7095.5903906822205,213
8641,74,103,2.2406196e-06,9694.226842164993,154.77164506912231,7096.411422967911,213
8642,74,104,1.5468346e-05,9695.719039678574,155.15241479873657,7097.239830732346,213
8643,74,104,3.5366276e-05,9696.836032867432,155.15658569335938,7098.065755844116,213
8644,74,104,0.002596178,9697.961818695068,155.19523572921753,7098.883984565735,213
8645,74,104,4.647179e-06,9699.08399105072,155.22223782539368,7099.708536624908,213
8646,74,104,2.1872187e-05,9700.210791826248,155.23866987228394,7100.530655860901,213
8647,74,104,3.341996e-05,9701.336582899094,155.25887393951416,7101.342619895935,213
8648,74,104,6.6956105e-05,9702.44937133789,155.2731809616089,7102.165287971497,213
8649,74,104,7.9943966e-05,9703.569258451462,155.28211998939514,7102.980134010315,213
8650,74,104,5.959865e-06,9704.697920084,155.28393697738647,7103.806307792664,213
8651,74,104,0.00014139946,9705.818005800247,155.3047490119934,7104.627696990967,213
8652,74,104,2.257997e-05,9706.930349588394,155.312077999115,7105.445123910904,213
8653,74,104,0.00014942136,9708.063862085342,155.31401109695435,7106.272917747498,213
8654,74,104,3.7288623e-06,9709.17356801033,155.33878898620605,7107.08803153038,213
8655,74,104,7.6135344e-05,9710.285746097565,155.3493480682373,7107.912046670914,213
8656,74,104,0.0013660229,9711.400613069534,155.35367608070374,7108.72910284996,213
8657,74,104,7.543654e-07,9712.515805721283,155.36874103546143,7109.5435128211975,213
8658,74,104,0.00028217147,9713.623060703278,155.37933588027954,7110.357321023941,213
8659,74,104,0.0004919946,9714.729833841324,155.38431000709534,7111.178510189056,213
8660,74,104,2.6051544e-05,9715.851162910461,155.38630604743958,7112.0047652721405,213
8661,74,104,2.5935291e-05,9716.959997415543,155.40322303771973,7112.822817325592,213
8662,74,104,1.6751994e-05,9718.078882217407,155.40523099899292,7113.64328122139,213
8663,74,104,0.0001226372,9719.180711507797,155.4088110923767,7114.461790084839,213
8664,74,104,2.4109157e-05,9720.283141851425,155.41189098358154,7115.28125500679,213
8665,74,104,8.433103e-05,9721.394219636917,155.42549395561218,7116.103936910629,213
8666,74,104,6.673056e-05,9722.50780749321,155.42765092849731,7116.92084479332,213
8667,74,104,9.352801e-06,9723.63869214058,155.43894290924072,7117.739858865738,213
8668,74,104,3.4782774e-05,9724.76380944252,155.44998288154602,7118.562889814377,213
8669,74,104,1.7449418e-05,9725.884597301483,155.48388981819153,7119.38054394722,213
8670,75,104,0.000109312445,9726.915947437286,155.4862129688263,7120.199758052826,213
8671,75,104,1.4083467e-05,9728.029100179672,155.5059459209442,7121.014228343964,213
8672,75,104,8.075396e-05,9729.143330097198,155.5372030735016,7121.835875988007,213
8673,75,104,1.7729499e-05,9730.256487131119,155.5392360687256,7122.649886131287,213
8674,75,104,0.00016027577,9731.381039857864,155.56117010116577,7123.475291252136,213
8675,75,104,6.251722e-06,9732.495299577713,155.56307911872864,7124.297336339951,213
8676,75,104,1.3184337e-05,9733.61729335785,155.56499123573303,7125.114717245102,213
8677,75,104,2.5350037e-06,9734.736854791641,155.57176232337952,7125.942486286163,213
8678,75,104,0.0006127097,9735.862745523453,155.58338117599487,7126.759197473526,213
8679,75,104,0.001637374,9736.988482236862,155.60394525527954,7127.588510274887,213
8680,75,104,5.198582e-05,9738.103170156479,155.61529636383057,7128.410282373428,213
8681,75,104,1.8971905e-05,9739.236147880554,155.63963556289673,7129.230642318726,213
8682,75,104,2.1342676e-05,9740.370485782623,155.6686065196991,7130.052656412125,213
8683,75,104,3.4122295e-06,9741.48929977417,155.6733922958374,7130.880222320557,213
8684,75,104,0.000103988044,9742.616256713867,155.67943716049194,7131.708255290985,213
8685,75,104,6.978683e-06,9743.739622831345,155.68893027305603,7132.53206038475,213
8686,75,104,6.1466824e-07,9744.872372865677,155.69081330299377,7133.359416484833,213
8687,75,104,7.772271e-06,9745.98807644844,155.71149039268494,7134.175710439682,213
8688,75,104,7.3437295e-06,9747.10088634491,155.71896529197693,7134.99813747406,213
8689,75,104,8.568104e-07,9748.228168487549,155.7210192680359,7135.811669588089,213
8690,75,104,1.3317722e-06,9749.34065914154,155.72319746017456,7136.628593683243,213
8691,75,104,3.590201e-05,9750.4560546875,155.7456374168396,7137.449397563934,213
8692,75,104,4.5387587e-05,9751.558529615402,155.74753642082214,7138.269988536835,213
8693,75,104,5.192701e-06,9752.675783157349,155.74977731704712,7139.086635828018,213
8694,75,104,2.46972e-06,9753.795042514801,155.76459527015686,7139.906402587891,213
8695,75,104,3.1292262e-07,9754.910612106323,155.77189922332764,7140.730666637421,213
8696,75,104,1.4850476e-05,9756.031141519547,155.78735423088074,7141.549986839294,213
8697,75,104,1.8402402e-06,9757.141601324081,155.79210233688354,7142.373136043549,213
8698,75,104,3.8552457e-06,9758.26427769661,155.79402232170105,7143.195468187332,213
8699,75,104,1.1870738e-05,9759.390613079071,155.79570245742798,7144.017940044403,213
8700,75,104,5.153574e-06,9760.52467918396,155.8286964893341,7144.841094970703,213
8701,75,104,2.682196e-07,9761.636546134949,155.83052849769592,7145.670555114746,213
8702,75,104,0.00025993705,9762.766660451889,155.85484170913696,7146.494454860687,213
8703,75,104,1.8588817e-06,9763.880265951157,155.87321662902832,7147.306912660599,213
8704,75,104,1.5087389e-07,9764.994398355484,155.8763086795807,7148.131302833557,213
8705,75,104,1.455969e-05,9766.126537322998,155.87833261489868,7148.952750921249,213
8706,75,104,5.209407e-06,9767.249161481857,155.89112663269043,7149.772807836533,213
8707,75,104,2.5145007e-06,9768.361782073975,155.90295457839966,7150.591420888901,213
8708,75,104,9.126954e-08,9769.481793403625,155.90517568588257,7151.420912027359,213
8709,75,104,2.8870772e-07,9770.600590705872,155.90701580047607,7152.243695020676,213
8710,75,104,8.132423e-06,9771.727719068527,155.9195327758789,7153.064974069595,213
8711,75,104,2.7939667e-08,9772.843200683594,155.93194770812988,7153.886786937714,213
8712,75,104,8.0093606e-08,9773.948309898376,155.94158959388733,7154.702997922897,213
8713,75,104,1.8541063e-05,9775.064500570297,155.94547963142395,7155.526108980179,213
8714,75,104,4.205316e-06,9776.179767370224,155.95299458503723,7156.345524072647,213
8715,75,104,1.4677269e-06,9777.28755569458,155.96248650550842,7157.162270784378,213
8716,75,104,1.0989575e-07,9778.401027679443,155.98474955558777,7157.980606794357,213
8717,75,104,2.719447e-07,9779.523308515549,156.03444051742554,7158.795028686523,213
8718,75,104,6.728483e-05,9780.644963979721,156.03648042678833,7159.612969636917,213
8719,75,104,1.5068235e-06,9781.766518354416,156.06766724586487,7160.425085544586,213
8720,75,104,6.891779e-08,9782.887235403061,156.06965804100037,7161.251053571701,213
8721,75,104,5.879333e-06,9784.002922296524,156.0752830505371,7162.068341493607,213
8722,75,104,2.8578765e-05,9785.12084388733,156.07712411880493,7162.89178943634,213
8723,75,104,0.0043919454,9786.231117725372,156.08156204223633,7163.714145421982,213
8724,75,104,1.2665939e-07,9787.354902744293,156.08375215530396,7164.533787488937,213
8725,75,104,7.692638e-07,9788.472428560257,156.10439014434814,7165.35889840126,213
8726,75,104,0.0013288566,9789.588363170624,156.1062150001526,7166.17950630188,213
8727,75,104,6.011891e-06,9790.703088283539,156.12260103225708,7166.992018461227,213
8728,75,104,6.072184e-07,9791.820057630539,156.13635206222534,7167.814699411392,213
8729,75,104,1.6763797e-08,9792.933634519577,156.13816094398499,7168.634328365326,213
8730,75,104,6.8730185e-07,9794.068617105484,156.1768970489502,7169.45090341568,213
8731,75,104,2.215769e-05,9795.189653396606,156.17873907089233,7170.2770302295685,213
8732,75,104,6.891779e-08,9796.306007623672,156.2009401321411,7171.092014312744,213
8733,75,104,1.3038511e-08,9797.429725170135,156.223140001297,7171.913679122925,213
8734,75,104,1.7695044e-07,9798.53807759285,156.23013591766357,7172.739909887314,213
8735,75,104,1.19651495e-05,9799.654480695724,156.250874042511,7173.561962842941,213
8736,75,104,8.5681606e-08,9800.771199464798,156.25841999053955,7174.38175368309,213
8737,75,104,1.628967e-05,9801.880661725998,156.26039910316467,7175.199453830719,213
8738,75,104,2.4604765e-06,9802.99895977974,156.26244807243347,7176.017022848129,213
8739,75,104,8.381883e-08,9804.114302873611,156.27994298934937,7176.835054636002,213
8740,75,104,8.840323e-05,9805.228785514832,156.281800031662,7177.660328865051,213
8741,75,104,0.00010665691,9806.356197595596,156.3051950931549,7178.483519554138,213
8742,75,104,7.841644e-07,9807.477550029755,156.33112025260925,7179.296984434128,213
8743,75,104,5.2347994e-05,9808.589995861053,156.33305621147156,7180.11945939064,213
8744,75,104,7.8975444e-07,9809.711367607117,156.34494924545288,7180.945208311081,213
8745,75,104,2.9446403e-06,9810.830844163895,156.3470323085785,7181.761969089508,213
8746,75,104,2.9949235e-06,9811.941489696503,156.34878849983215,7182.582986116409,213
8747,75,104,1.3857782e-06,9813.046237945557,156.36631536483765,7183.4002850055695,213
8748,75,104,1.527366e-07,9814.168592691422,156.38454723358154,7184.2242312431335,213
8749,75,104,9.126378e-05,9815.294399738312,156.40953421592712,7185.0442481040955,213
8750,75,104,1.4528448e-06,9816.416526794434,156.41141724586487,7185.870975017548,213
8751,75,104,1.3503835e-06,9817.536683797836,156.41340041160583,7186.69135093689,213
8752,75,104,4.784689e-06,9818.658405065536,156.4191174507141,7187.5189390182495,213
8753,75,104,1.6856577e-06,9819.781713962555,156.421133518219,7188.35006403923,213
8754,75,104,7.332427e-06,9820.909986019135,156.45579147338867,7189.171253204346,213
8755,75,104,4.3694894e-05,9822.017661333084,156.47581243515015,7189.9927632808685,213
8756,75,104,4.1497087e-06,9823.12389087677,156.47836828231812,7190.807453393936,213
8757,75,104,0.00031811325,9824.23904967308,156.49771213531494,7191.629399299622,213
8758,75,104,1.0565205e-05,9825.354790449142,156.4996693134308,7192.448494434357,213
8759,75,104,8.453483e-06,9826.478909492493,156.51170134544373,7193.264797210693,213
8760,75,104,1.2665963e-07,9827.589774608612,156.52247047424316,7194.087002277374,213
8761,75,104,1.8197001e-06,9828.730187654495,156.55331659317017,7194.914184331894,213
8762,75,104,1.7564237e-06,9829.90902209282,156.60882759094238,7195.732022285461,213
8763,75,104,1.4025418e-06,9831.030128002167,156.6206295490265,7196.556118249893,213
8764,75,104,8.549462e-07,9832.137328147888,156.6423945426941,7197.371362447739,213
8765,75,104,1.3651327e-05,9833.249049186707,156.6533145904541,7198.195501327515,213
8766,75,104,5.2964774e-06,9834.363457918167,156.65522241592407,7199.017221450806,213
8767,75,104,0.00033125505,9835.490602970123,156.67403030395508,7199.845830440521,213
8768,75,104,4.4180733e-06,9836.59976887703,156.68990111351013,7200.668689489365,213
8769,75,104,9.420394e-06,9837.729581356049,156.7286491394043,7201.493310451508,213
8770,75,104,8.065051e-07,9838.841554641724,156.73649406433105,7202.312725543976,213
8771,75,104,0.0022552032,9839.958213329315,156.74600911140442,7203.140428781509,213
8772,75,104,1.0058264e-07,9841.0767660141,156.76208114624023,7203.956253767014,213
8773,75,104,4.0977778e-07,9842.205085992813,156.79611921310425,7204.781618833542,213
8774,75,104,2.6077027e-08,9843.330488920212,156.8134253025055,7205.5970957279205,213
8775,75,104,1.0318868e-06,9844.451880216599,156.8152072429657,7206.420936822891,213
8776,75,104,2.4117082e-05,9845.563182353973,156.81735920906067,7207.2464056015015,213
8777,75,104,1.329912e-06,9846.67841911316,156.83194422721863,7208.067755460739,213
8778,75,104,1.2069751e-06,9847.791471719742,156.8612141609192,7208.88568854332,213
8779,75,104,5.289857e-07,9848.900254487991,156.86543107032776,7209.713211774826,213
8780,75,104,2.7380833e-07,9850.02059674263,156.86742305755615,7210.532344579697,213
8781,75,104,3.1569798e-06,9851.145626306534,156.87500500679016,7211.353741407394,213
8782,75,104,4.6048008e-05,9852.268478393555,156.88921093940735,7212.1761791706085,213
8783,75,104,6.5352015e-06,9853.384511709213,156.9091238975525,7212.989604234695,213
8784,75,104,1.397452e-05,9854.50564622879,156.92128801345825,7213.812126398087,213
8785,75,104,5.4016667e-08,9855.627388477325,156.94860100746155,7214.631242513657,213
8786,75,104,1.3783558e-07,9856.741235733032,156.95298504829407,7215.455273628235,213
8787,76,104,5.252605e-07,9857.756894111633,156.9550540447235,7216.268300533295,213
8788,76,104,5.1408597e-07,9858.8758020401,156.95705819129944,7217.097293376923,213
8789,76,104,2.0768164e-06,9859.986476182938,156.96332335472107,7217.918539047241,213
8790,76,104,2.8795253e-06,9861.102833509445,156.97754430770874,7218.737406015396,213
8791,76,104,5.830052e-07,9862.222767829895,156.9978404045105,7219.5533838272095,213
8792,76,104,1.6763775e-07,9863.33148241043,156.99975633621216,7220.375285863876,213
8793,76,104,3.567164e-05,9864.447012424469,157.02280044555664,7221.191014766693,213
8794,76,104,2.7617445e-05,9865.559200048447,157.03674745559692,7222.012024879456,213
8795,76,104,4.4703455e-08,9866.671478271484,157.05700945854187,7222.832045078278,213
8796,76,104,3.9325256e-05,9867.791563034058,157.058988571167,7223.6568439006805,213
8797,76,104,4.5448203e-07,9868.914436340332,157.0610945224762,7224.485057115555,213
8798,76,104,2.8777185e-06,9870.032919883728,157.09047842025757,7225.304880142212,213
8799,76,104,7.2643076e-08,9871.163123607635,157.09237337112427,7226.133652210236,213
8800,76,104,1.4286229e-06,9872.285263061523,157.09427523612976,7226.963263273239,213
8801,76,104,1.1697198e-06,9873.406057596207,157.11203718185425,7227.793966293335,213
8802,76,104,1.19209155e-07,9874.531115293503,157.1267762184143,7228.614226102829,213
8803,76,104,1.4323396e-06,9875.661751031876,157.14419317245483,7229.435750007629,213
8804,76,104,1.509148e-05,9876.777277946472,157.14615321159363,7230.253259181976,213
8805,76,104,3.4645018e-07,9877.90717291832,157.1683530807495,7231.074312210083,213
8806,76,104,1.9053791e-06,9879.021285533905,157.18826699256897,7231.89599442482,213
8807,76,104,3.5038862e-05,9880.133091688156,157.1938169002533,7232.7213723659515,213
8808,76,104,0.00022053297,9881.253239393234,157.20365500450134,7233.546327352524,213
8809,76,104,1.508739e-07,9882.363285541534,157.20545411109924,7234.363898515701,213
8810,76,104,8.997222e-06,9883.48532128334,157.22457313537598,7235.178427457809,213
8811,76,104,3.6880243e-07,9884.610877752304,157.22685027122498,7236.002101421356,213
8812,76,105,7.450575e-08,9886.114498853683,157.61342024803162,7236.824147462845,213
8813,76,105,3.4626675e-05,9887.232595920563,157.62700819969177,7237.644213676453,213
8814,76,105,1.0635437e-05,9888.358335494995,157.63762712478638,7238.463579654694,213
8815,76,105,6.244252e-05,9889.476203680038,157.642498254776,7239.286165475845,213
8816,76,105,0.00020362201,9890.61137843132,157.64439225196838,7240.125883340836,213
8817,76,105,4.277006e-05,9891.726507663727,157.64654207229614,7240.954430341721,213
8818,76,105,5.2876167e-05,9892.829726219177,157.66002702713013,7241.784386396408,213
8819,76,105,5.343629e-06,9893.938282728195,157.66211199760437,7242.606201410294,213
8820,76,105,0.00050034246,9895.053562879562,157.66389203071594,7243.421897172928,213
8821,76,105,4.2224333e-06,9896.172175884247,157.68937301635742,7244.239789962769,213
8822,76,105,2.1031663e-05,9897.287244796753,157.69962215423584,7245.063091993332,213
8823,76,105,0.0013925662,9898.42571091652,157.74035620689392,7245.880837917328,213
8824,76,105,9.232059e-06,9899.557873487473,157.77184104919434,7246.698150873184,213
8825,76,105,1.478137e-05,9900.67772936821,157.80352902412415,7247.516551733017,213
8826,76,105,1.6856597e-05,9901.802981615067,157.82055401802063,7248.341414690018,213
8827,76,105,2.272535e-05,9902.920149803162,157.83403897285461,7249.158873796463,213
8828,76,105,0.00011398148,9904.038283586502,157.86074876785278,7249.982227802277,213
8829,76,105,0.0011546813,9905.159924983978,157.8865978717804,7250.7985508441925,213
8830,76,105,1.7761398e-05,9906.272941589355,157.888356924057,7251.617682933807,213
8831,76,105,9.872011e-08,9907.39852809906,157.91680693626404,7252.434667110443,213
8832,76,105,8.671883e-05,9908.516184329987,157.92898297309875,7253.258987188339,213
8833,76,105,2.803115e-06,9909.641836643219,157.95140099525452,7254.074981212616,213
8834,76,105,1.1068183e-05,9910.763887882233,157.97355008125305,7254.893812417984,213
8835,76,105,0.00028241173,9911.895090341568,158.00087714195251,7255.717999219894,213
8836,76,105,6.498773e-05,9913.022615671158,158.0194022655487,7256.53808927536,213
8837,76,105,5.129936e-05,9914.14287519455,158.05330634117126,7257.360837221146,213
8838,76,105,1.7168137e-05,9915.259673833847,158.07147121429443,7258.180412530899,213
8839,76,105,0.0009851754,9916.376631975174,158.08676433563232,7259.00336265564,213
8840,76,105,8.785457e-06,9917.503260612488,158.08884835243225,7259.835297822952,213
8841,76,105,6.6861844e-06,9918.61623954773,158.1038384437561,7260.658255815506,213
8842,76,105,2.4354611e-05,9919.731124639511,158.10592246055603,7261.4861879348755,213
8843,76,105,0.00028405778,9920.85078072548,158.10809540748596,7262.320830821991,213
8844,76,105,1.863958e-05,9921.967408657074,158.11468243598938,7263.135601758957,213
8845,76,105,4.8799525e-06,9923.100456237793,158.13421726226807,7263.959869623184,213
8846,76,105,2.0503365e-05,9924.245369911194,158.19253516197205,7264.781188488007,213
8847,76,105,0.0004299016,9925.371510744095,158.22788214683533,7265.603982448578,213
8848,76,105,5.1931034e-05,9926.48368883133,158.24208331108093,7266.4246644973755,213
8849,76,105,3.4904588e-06,9927.589944601059,158.24505138397217,7267.243841409683,213
8850,76,105,0.0020983762,9928.712663888931,158.27504920959473,7268.061265468597,213
8851,76,105,9.989351e-06,9929.835078239441,158.27721214294434,7268.897098302841,213
8852,76,105,7.994775e-05,9930.944864749908,158.28103613853455,7269.717382192612,213
8853,76,105,0.00020482675,9932.052246332169,158.28583025932312,7270.536805152893,213
8854,76,105,1.8514163e-06,9933.1793653965,158.31425714492798,7271.349987983704,213
8855,76,105,8.503743e-06,9934.286263465881,158.3325650691986,7272.173756837845,213
8856,76,105,1.4900871e-06,9935.396413087845,158.33742117881775,7272.993616104126,213
8857,76,105,0.00026887137,9936.5240650177,158.33930897712708,7273.819327116013,213
8858,76,105,3.8258673e-05,9937.636012554169,158.34179782867432,7274.640149354935,213
8859,76,105,1.1715704e-06,9938.758846759796,158.36234784126282,7275.467016220093,213
8860,76,105,2.1885478e-06,9939.89786529541,158.36470484733582,7276.28501701355,213
8861,76,105,7.204135e-06,9941.031525373459,158.36659979820251,7277.10960316658,213
8862,76,105,9.2103555e-06,9942.148896694183,158.36844968795776,7277.9350571632385,213
8863,76,105,6.094015e-06,9943.264119386673,158.38674569129944,7278.75287938118,213
8864,76,105,1.829548e-05,9944.387182235718,158.40829968452454,7279.571104764938,213
8865,76,105,7.589892e-06,9945.503622055054,158.410329580307,7280.389327764511,213
8866,76,105,1.1115458e-05,9946.630752325058,158.4121537208557,7281.211708545685,213
8867,76,105,9.30544e-06,9947.73951625824,158.41406869888306,7282.03498840332,213
8868,76,105,8.149679e-05,9948.858928203583,158.43384075164795,7282.852983474731,213
8869,76,105,3.6152658e-06,9949.98378610611,158.45678997039795,7283.671628475189,213
8870,76,105,1.811532e-05,9951.100981235504,158.46770405769348,7284.498947620392,213
8871,76,105,8.717063e-07,9952.213779449463,158.4695339202881,7285.322402477264,213
8872,76,105,1.5941834e-05,9953.321745634079,158.49640893936157,7286.139222383499,213
8873,76,105,2.7194505e-07,9954.436797380447,158.5170350074768,7286.959702253342,213
8874,76,105,2.598292e-06,9955.546756744385,158.52654814720154,7287.785550355911,213
8875,76,105,5.7923917e-06,9956.673646211624,158.5628490447998,7288.604353189468,213
8876,76,105,1.5189928e-05,9957.797947406769,158.57023906707764,7289.432591199875,213
8877,76,105,5.667359e-06,9958.895888090134,158.57891297340393,7290.255074262619,213
8878,76,105,2.6290607e-05,9960.004950761795,158.588054895401,7291.077203273773,213
8879,76,105,4.0752166e-06,9961.115855455399,158.5902440547943,7291.8894991874695,213
8880,76,105,7.3083436e-05,9962.225107908249,158.59217500686646,7292.708022117615,213
8881,76,105,6.4645164e-06,9963.339587211609,158.61164212226868,7293.531812906265,213
8882,76,105,1.5739074e-06,9964.45634484291,158.61348032951355,7294.355574131012,213
8883,76,105,0.0003434401,9965.575353384018,158.634619474411,7295.172136068344,213
8884,76,105,1.3605766e-05,9966.690720558167,158.64225959777832,7295.9948172569275,213
8885,76,105,0.0005069746,9967.819360256195,158.65988755226135,7296.811403274536,213
8886,76,105,1.583247e-07,9968.934824466705,158.67080450057983,7297.642343521118,213
8887,76,105,0.00012258826,9970.04590845108,158.67359828948975,7298.461072444916,213
8888,76,105,9.048634e-06,9971.157056093216,158.67544031143188,7299.286774396896,213
8889,76,105,0.000107985965,9972.281334638596,158.6971414089203,7300.111841201782,213
8890,76,105,0.00023814342,9973.393877267838,158.7051854133606,7300.933318376541,213
8891,76,105,1.1009183e-05,9974.5220682621,158.72753643989563,7301.756040096283,213
8892,76,105,0.00010220641,9975.634311676025,158.735844373703,7302.583770990372,213
8893,76,105,1.8905143e-06,9976.76380109787,158.7856903076172,7303.407879114151,213
8894,76,105,4.1649906e-05,9977.884827375412,158.80107641220093,7304.233745098114,213
8895,76,105,3.2110931e-06,9979.005076169968,158.8058853149414,7305.068141222,213
8896,76,105,1.4874191e-05,9980.12147974968,158.82803344726562,7305.884893417358,213
8897,76,105,2.5234745e-05,9981.24151468277,158.82993531227112,7306.704632520676,213
8898,76,105,3.1023905e-05,9982.35506939888,158.83248829841614,7307.52842259407,213
8899,76,105,4.256547e-05,9983.478507757187,158.86961317062378,7308.346853733063,213
8900,76,105,1.821613e-06,9984.5906291008,158.88377213478088,7309.167573928833,213
8901,76,105,2.7186237e-05,9985.7098031044,158.88570713996887,7309.995461940765,213
8902,76,105,3.4457058e-05,9986.835531234741,158.91101121902466,7310.814252853394,213
8903,76,106,7.028958e-05,9988.320031404495,159.2870373725891,7311.627128839493,213
8904,76,106,2.4575987e-05,9989.454342603683,159.31757950782776,7312.454694986343,213
8905,77,106,0.0009772413,9990.478326797485,159.3199324607849,7313.273587942123,213
8906,77,106,1.4775105e-05,9991.592719316483,159.32222032546997,7314.096654653549,213
8907,77,106,0.00015263297,9992.720145463943,159.34592032432556,7314.917818546295,213
8908,77,106,5.598901e-06,9993.837718725204,159.38195323944092,7315.735679626465,213
8909,77,106,0.00071673683,9994.955704927444,159.41371631622314,7316.554944515228,213
8910,77,106,9.774233e-05,9996.074117898941,159.42325139045715,7317.37789940834,213
8911,77,106,5.488422e-05,9997.18717622757,159.43627333641052,7318.197157382965,213
8912,77,106,9.9846e-06,9998.30419921875,159.4446222782135,7319.01901268959,213
8913,77,106,0.0003194165,9999.430281162262,159.46324729919434,7319.838563680649,213
8914,77,106,0.0001112433,10000.55101275444,159.46994042396545,7320.656897783279,213
8915,77,106,1.8799388e-05,10001.67265868187,159.48027849197388,7321.47657585144,213
8916,77,106,9.647218e-06,10002.790869951248,159.49833846092224,7322.29502081871,213
8917,77,106,4.6228683e-06,10003.903904676437,159.50032663345337,7323.11722278595,213
8918,77,106,1.704991e-05,10005.016829013824,159.50771069526672,7323.936156988144,213
8919,77,106,1.8761662e-05,10006.127977848053,159.51376581192017,7324.756022930145,213
8920,77,106,1.5179886e-06,10007.235120773315,159.52085280418396,7325.570998907089,213
8921,77,106,0.0005196715,10008.354459524155,159.5284767150879,7326.38856959343,213
8922,77,106,3.2073358e-06,10009.468291521072,159.54456162452698,7327.202424526215,213
8923,77,106,3.5988967e-05,10010.5931661129,159.55170679092407,7328.021870613098,213
8924,77,106,6.3393713e-06,10011.706233501434,159.55375790596008,7328.842800855637,213
8925,77,106,4.417857e-06,10012.82543849945,159.56220078468323,7329.661539077759,213
8926,77,106,9.565463e-05,10013.946303129196,159.5673246383667,7330.490626811981,213
8927,77,106,6.8091886e-06,10015.051095485687,159.57166481018066,7331.311414718628,213
8928,77,106,5.214272e-05,10016.17288017273,159.58250188827515,7332.135079622269,213
8929,77,106,0.00020624085,10017.276005983353,159.59154391288757,7332.953930854797,213
8930,77,106,7.7113054e-07,10018.400007009506,159.59934282302856,7333.782265901566,213
8931,77,106,1.3938974e-05,10019.536320924759,159.63808393478394,7334.604367733002,213
8932,77,106,0.0001276228,10020.66207242012,159.64020490646362,7335.434888839722,213
8933,77,106,4.263387e-06,10021.777509450912,159.67195796966553,7336.256140947342,213
8934,77,106,2.5945105e-06,10022.886871814728,159.67387294769287,7337.070526838303,213
8935,77,106,0.0027579193,10024.00154709816,159.6806869506836,7337.892481803894,213
8936,77,106,1.4118375e-06,10025.125133514404,159.68260979652405,7338.713070869446,213
8937,77,106,3.866467e-06,10026.239446163177,159.7003378868103,7339.530560731888,213
8938,77,106,2.2307411e-05,10027.357729673386,159.71737670898438,7340.346708774567,213
8939,77,106,1.4397846e-06,10028.464320659637,159.7266218662262,7341.162367582321,213
8940,77,106,1.9269988e-05,10029.58492732048,159.74857902526855,7341.990718841553,213
8941,77,106,1.2628059e-05,10030.708091259003,159.7506890296936,7342.818221092224,213
8942,77,106,0.00013654036,10031.837540626526,159.78834581375122,7343.640165090561,213
8943,77,106,1.5527961e-05,10032.953125953674,159.80888676643372,7344.462985038757,213
8944,77,106,3.209611e-05,10034.074433326721,159.81090092658997,7345.2840411663055,213
8945,77,106,1.4528306e-06,10035.178145170212,159.82462096214294,7346.110696077347,213
8946,77,106,1.881229e-06,10036.296164751053,159.82675695419312,7346.938316345215,213
8947,77,106,1.3615456e-06,10037.419644117355,159.84403586387634,7347.763115167618,213
8948,77,106,3.1925218e-05,10038.547968864441,159.86563277244568,7348.590091943741,213
8949,77,106,2.0302781e-07,10039.66048502922,159.8678057193756,7349.407980918884,213
8950,77,106,8.605341e-07,10040.777371406555,159.8698375225067,7350.236905097961,213
8951,77,106,7.6368366e-08,10041.900576114655,159.88033747673035,7351.063937187195,213
8952,77,106,0.0019848696,10043.0220246315,159.91022658348083,7351.878463029861,213
8953,77,106,2.0860637e-06,10044.129619836807,159.92113852500916,7352.690332889557,213
8954,77,106,1.4174494e-06,10045.250831127167,159.9353096485138,7353.513810873032,213
8955,77,106,0.00023761598,10046.379470348358,159.93732357025146,7354.340232849121,213
8956,77,106,1.3429279e-06,10047.489684581757,159.94404244422913,7355.162479877472,213
8957,77,106,0.00012924017,10048.615018367767,159.9599645137787,7355.9875247478485,213
8958,77,106,1.7042694e-06,10049.739861011505,159.99892950057983,7356.802326917648,213
8959,77,106,9.954589e-05,10050.860035896301,160.0123805999756,7357.625299215317,213
8960,77,106,6.388754e-07,10051.968768835068,160.0142695903778,7358.449913263321,213
8961,77,106,0.00029947126,10053.095247268677,160.01624059677124,7359.275059461594,213
8962,77,106,7.804428e-07,10054.208878278732,160.03213167190552,7360.09685254097,213
8963,77,106,1.1622633e-06,10055.333040237427,160.05800867080688,7360.923145294189,213
8964,77,106,1.5366255e-06,10056.45308804512,160.05994963645935,7361.750355243683,213
8965,77,106,2.9438019e-05,10057.569241762161,160.0627965927124,7362.566289186478,213
8966,77,106,2.3096713e-07,10058.680217504501,160.08486652374268,7363.385458230972,213
8967,77,106,2.3606719e-05,10059.78742647171,160.08705043792725,7364.204977273941,213
8968,77,106,1.3038135e-06,10060.90865778923,160.08902740478516,7365.030673027039,213
8969,77,106,7.5126695e-06,10062.023825883865,160.0953233242035,7365.853581905365,213
8970,77,106,5.7644065e-06,10063.139063119888,160.11652731895447,7366.67067193985,213
8971,77,106,1.1641374e-06,10064.245067596436,160.12742733955383,7367.485862731934,213
8972,77,106,2.3486382e-06,10065.364273786545,160.1381733417511,7368.30922460556,213
8973,77,106,2.4586825e-07,10066.489629030228,160.15578746795654,7369.130526542664,213
8974,77,106,3.7252892e-08,10067.602149963379,160.16300535202026,7369.944908857346,213
8975,77,106,1.1548383e-07,10068.733320713043,160.1747694015503,7370.766658782959,213
8976,77,106,1.7054947e-05,10069.843361377716,160.18899059295654,7371.587543964386,213
8977,77,106,1.797854e-05,10070.955924034119,160.19212460517883,7372.40815615654,213
8978,77,106,1.6812572e-05,10072.078367233276,160.2072775363922,7373.233852148056,213
8979,77,106,7.7298864e-07,10073.198496103287,160.20929670333862,7374.057774066925,213
8980,77,106,1.7700093e-05,10074.319282531738,160.22529554367065,7374.881085157394,213
8981,77,106,1.5459923e-07,10075.438267946243,160.22724556922913,7375.702935934067,213
8982,77,106,3.6524698e-06,10076.558784484863,160.2292366027832,7376.52236199379,213
8983,77,106,7.1711287e-07,10077.67967247963,160.25055241584778,7377.347575902939,213
8984,77,106,0.00034907833,10078.79087805748,160.2587354183197,7378.166127681732,213
8985,77,106,2.94274e-06,10079.895579338074,160.27563643455505,7378.98278260231,213
8986,77,106,8.5307937e-07,10081.006939888,160.29906034469604,7379.796268463135,213
8987,77,106,1.523576e-06,10082.12711930275,160.3008713722229,7380.618654489517,213
8988,77,106,6.9177804e-05,10083.239659070969,160.32365036010742,7381.432609319687,213
8989,77,106,1.094919e-05,10084.350759744644,160.33856320381165,7382.254141330719,213
8990,77,106,4.2282838e-05,10085.461522817612,160.3533272743225,7383.07223534584,213
8991,77,106,2.436285e-05,10086.574662685394,160.37123322486877,7383.895330429077,213
8992,77,106,1.4863587e-06,10087.681636333466,160.3729362487793,7384.725965499878,213
8993,77,106,2.8125848e-07,10088.808322668076,160.39421319961548,7385.548250198364,213
8994,77,106,2.9726762e-06,10089.919295310974,160.3963532447815,7386.366031169891,213
8995,77,106,3.1530013e-05,10091.029644966125,160.4070281982422,7387.182928085327,213
8996,77,106,7.535235e-06,10092.136982679367,160.41443824768066,7388.003720283508,213
8997,77,106,1.0430803e-07,10093.244053125381,160.4206953048706,7388.824608325958,213
8998,77,106,3.4996958e-06,10094.372604608536,160.4601023197174,7389.643032312393,213
8999,77,106,2.5367754e-06,10095.485907316208,160.46981930732727,7390.467700242996,213
9000,77,106,3.883475e-06,10096.608956575394,160.47198629379272,7391.295001268387,213
9001,77,106,0.0013187896,10097.725793123245,160.48547840118408,7392.112915992737,213
9002,77,106,4.284399e-05,10098.838030099869,160.48758554458618,7392.934084892273,213
9003,77,106,4.4939698e-06,10099.953273057938,160.49785470962524,7393.754290819168,213
9004,77,106,1.49011585e-08,10101.08479809761,160.5208706855774,7394.579067707062,213
9005,77,106,2.1234112e-07,10102.199328660965,160.53117275238037,7395.407712697983,213
9006,77,106,2.026518e-06,10103.328075408936,160.55892372131348,7396.235193967819,213
9007,77,106,1.600355e-05,10104.450532197952,160.56076979637146,7397.0558841228485,213
9008,77,106,5.8420883e-06,10105.573459148407,160.5684368610382,7397.879131317139,213
9009,77,106,2.6077025e-08,10106.679100513458,160.57428002357483,7398.705339431763,213
9010,77,106,2.6842867e-05,10107.804028272629,160.59879207611084,7399.521722316742,213
9011,77,106,1.5866506e-05,10108.920880556107,160.6008050441742,7400.3465003967285,213
9012,77,106,2.2163349e-05,10110.03490781784,160.6243760585785,7401.164494514465,213
9013,77,106,0.0015198668,10111.153478860855,160.65309190750122,7401.979978561401,213
9014,77,106,1.1576332e-05,10112.279304981232,160.666916847229,7402.809511423111,213
9015,77,106,4.0861373e-06,10113.413066625595,160.70679473876953,7403.627952337265,213
9016,77,106,5.7825706e-05,10114.529779672623,160.72798776626587,7404.451940536499,213
9017,77,107,3.7647947e-05,10116.046461820602,161.11878085136414,7405.27645945549,213
9018,77,107,3.7382728e-05,10117.1636698246,161.13164377212524,7406.0989553928375,213
9019,77,107,5.3790045e-06,10118.28112244606,161.13363671302795,7406.926141262054,213
9020,77,107,0.00017045297,10119.400610685349,161.14568281173706,7407.74374127388,213
9021,77,107,0.0014107408,10120.530541419983,161.17489576339722,7408.562463283539,213
9022,78,107,2.344958e-06,10121.604357481003,161.17728281021118,7409.42472243309,213
9023,78,107,3.249932e-05,10122.779223680496,161.2370479106903,7410.257487535477,213
9024,78,107,8.287242e-06,10123.907457828522,161.26363801956177,7411.082676649094,213
9025,78,107,6.7738188e-06,10125.02430152893,161.26566791534424,7411.8997576236725,213
9026,78,107,1.8719356e-06,10126.145751476288,161.28130292892456,7412.72580075264,213
9027,78,107,6.8036206e-05,10127.26560664177,161.28819298744202,7413.539511680603,213
9028,78,107,5.842723e-05,10128.377744674683,161.29182505607605,7414.367850780487,213
9029,78,107,2.2107233e-05,10129.496927499771,161.30039715766907,7415.187932729721,213
9030,78,107,9.334134e-06,10130.608974456787,161.30246305465698,7416.007682800293,213
9031,78,107,1.4733247e-06,10131.730421543121,161.30452513694763,7416.841322660446,213
9032,78,107,1.832892e-05,10132.845674037933,161.30663514137268,7417.663408756256,213
9033,78,107,7.5610487e-06,10133.962909460068,161.32318902015686,7418.482771873474,213
9034,78,107,0.00023074078,10135.092469930649,161.33639407157898,7419.307727813721,213
9035,78,107,0.00399869,10136.211760997772,161.3384621143341,7420.1323828697205,213
9036,78,107,5.178112e-07,10137.330751419067,161.34065198898315,7420.960065603256,213
9037,78,107,5.0790595e-06,10138.453900575638,161.35450387001038,7421.778204679489,213
9038,78,107,3.320791e-05,10139.588340520859,161.3849868774414,7422.606360673904,213
9039,78,107,3.895455e-05,10140.713686943054,161.40533995628357,7423.425130605698,213
9040,78,107,3.9356808e-05,10141.8373401165,161.4184958934784,7424.254187583923,213
9041,78,107,3.0919773e-07,10142.946627140045,161.43282294273376,7425.072982788086,213
9042,78,107,1.1101083e-06,10144.071798801422,161.43465209007263,7425.894414663315,213
9043,78,107,0.0003573287,10145.19574713707,161.4590470790863,7426.716815471649,213
9044,78,107,5.811403e-07,10146.32234454155,161.46900916099548,7427.542843580246,213
9045,78,107,1.992994e-06,10147.427109956741,161.47587609291077,7428.372948646545,213
9046,78,107,1.5179983e-06,10148.551985025406,161.49149918556213,7429.202781677246,213
9047,78,107,7.2057123e-06,10149.682014226913,161.51620411872864,7430.036898612976,213
9048,78,107,6.519221e-07,10150.810972452164,161.5400252342224,7430.858199596405,213
9049,78,107,8.388349e-05,10151.92929649353,161.56197714805603,7431.67968249321,213
9050,78,107,3.9895144e-06,10153.070453643799,161.5640082359314,7432.506336450577,213
9051,78,107,2.0544462e-06,10154.192100763321,161.58055329322815,7433.323891401291,213
9052,78,107,3.352735e-07,10155.312063932419,161.59293246269226,7434.150304555893,213
9053,78,107,7.669249e-06,10156.41856265068,161.59521555900574,7434.972210645676,213
9054,78,107,7.878839e-07,10157.52953505516,161.59709548950195,7435.798645496368,213
9055,78,107,1.4972526e-05,10158.645238637924,161.59912133216858,7436.625771522522,213
9056,78,107,0.0001277573,10159.773226499557,161.60107517242432,7437.455496549606,213
9057,78,107,2.1209637e-05,10160.891297578812,161.602863073349,7438.283874511719,213
9058,78,107,3.738047e-06,10161.998805999756,161.60694217681885,7439.10774064064,213
9059,78,107,7.7857817e-07,10163.119580030441,161.63511300086975,7439.926431417465,213
9060,78,107,1.1231502e-06,10164.24065709114,161.63720798492432,7440.748735666275,213
9061,78,107,1.5627338e-06,10165.356695652008,161.65709400177002,7441.571056604385,213
9062,78,107,2.01348e-06,10166.468249797821,161.678612947464,7442.3910167217255,213
9063,78,107,6.668226e-07,10167.585736989975,161.68785881996155,7443.210055589676,213
9064,78,107,0.00056717306,10168.702187538147,161.70398592948914,7444.03716135025,213
9065,78,107,1.9946292e-05,10169.81243777275,161.70585179328918,7444.869338274002,213
9066,78,107,1.23181735e-05,10170.929565429688,161.7075228691101,7445.69649720192,213
9067,78,107,2.5441286e-05,10172.053864479065,161.7132008075714,7446.51456451416,213
9068,78,107,3.3713627e-07,10173.166625499725,161.71524786949158,7447.331928491592,213
9069,78,107,7.450701e-06,10174.278228759766,161.72227787971497,7448.158449649811,213
9070,78,107,3.460632e-06,10175.38578748703,161.72415280342102,7448.985174655914,213
9071,78,107,9.3875633e-07,10176.511625051498,161.72597098350525,7449.803795576096,213
9072,78,107,0.0003359605,10177.630893230438,161.72804498672485,7450.634877443314,213
9073,78,107,1.572033e-06,10178.749910116196,161.7315080165863,7451.454159259796,213
9074,78,107,4.337593e-06,10179.864638090134,161.74708604812622,7452.275721073151,213
9075,78,107,5.1967214e-07,10180.972937107086,161.75880217552185,7453.090065956116,213
9076,78,107,1.182765e-06,10182.078788518906,161.77401328086853,7453.910879611969,213
9077,78,107,8.4562015e-07,10183.19644999504,161.79927515983582,7454.724665403366,213
9078,78,107,3.11405e-06,10184.300390481949,161.8068151473999,7455.551827430725,213
9079,78,107,4.861434e-07,10185.424569368362,161.80872201919556,7456.3821432590485,213
9080,78,107,1.0883985e-05,10186.552145004272,161.8107750415802,7457.206128120422,213
9081,78,107,2.765952e-06,10187.670903682709,161.82647895812988,7458.0356612205505,213
9082,78,107,1.3639996e-05,10188.78863453865,161.8283360004425,7458.86085319519,213
9083,78,107,8.8474314e-07,10189.902208566666,161.83031511306763,7459.689185380936,213
9084,78,107,1.8853762e-05,10191.027466773987,161.83215594291687,7460.515496492386,213
9085,78,107,6.3776344e-05,10192.148617506027,161.83397793769836,7461.336977481842,213
9086,78,107,0.00035123265,10193.27362704277,161.84769296646118,7462.154302358627,213
9087,78,107,4.091772e-06,10194.403195381165,161.84953784942627,7462.975748300552,213
9088,78,107,1.938974e-06,10195.527537584305,161.86529088020325,7463.805123329163,213
9089,78,107,1.3952655e-05,10196.63537478447,161.86728692054749,7464.628369569778,213
9090,78,107,9.015153e-07,10197.766550540924,161.88918471336365,7465.453696727753,213
9091,78,107,1.4629837e-05,10198.881321668625,161.8967206478119,7466.276122808456,213
9092,78,107,3.0081046e-06,10199.993597269058,161.91329264640808,7467.097927093506,213
9093,78,107,8.415385e-06,10201.11669921875,161.914936542511,7467.924138069153,213
9094,78,107,2.408956e-05,10202.229755163193,161.9195363521576,7468.742798089981,213
9095,78,107,8.79456e-06,10203.349349021912,161.93433928489685,7469.560834169388,213
9096,78,107,0.00017090984,10204.472326755524,161.95305132865906,7470.3805940151215,213
9097,78,107,4.1272174e-06,10205.583567619324,161.95507836341858,7471.20179104805,213
9098,78,107,2.2351738e-08,10206.696900844574,161.95696544647217,7472.018219232559,213
9099,78,107,2.6634898e-06,10207.81107211113,161.9588384628296,7472.84273815155,213
9100,78,107,5.8871643e-05,10208.933312177658,161.973979473114,7473.665128231049,213
9101,78,107,3.539025e-08,10210.047930002213,161.98601961135864,7474.490078449249,213
9102,78,107,1.8700363e-06,10211.169697523117,162.0127944946289,7475.304648637772,213
9103,78,107,2.8814122e-06,10212.283550739288,162.01474237442017,7476.126657485962,213
9104,78,107,2.4995156e-06,10213.413571834564,162.0467164516449,7476.947061300278,213
9105,78,107,1.666982e-06,10214.536309957504,162.0486524105072,7477.765780210495,213
9106,78,107,4.1722947e-07,10215.658336639404,162.070805311203,7478.5869154930115,213
9107,78,107,4.3447526e-05,10216.776469230652,162.07279133796692,7479.404426336288,213
9108,78,107,2.8312098e-07,10217.900391101837,162.0803873538971,7480.230092287064,213
9109,78,107,3.8183768e-07,10219.016303777695,162.08896017074585,7481.053930282593,213
9110,78,107,0.0004400257,10220.140825510025,162.09118008613586,7481.880768299103,213
9111,78,107,6.5330455e-06,10221.25543999672,162.10384607315063,7482.700436115265,213
9112,78,107,2.272419e-07,10222.368830680847,162.10576510429382,7483.525436162949,213
9113,78,107,5.8351134e-06,10223.490576028824,162.11522817611694,7484.352581977844,213
9114,78,107,6.519254e-08,10224.60015130043,162.1187822818756,7485.179722070694,213
9115,78,107,1.0034907e-05,10225.719509840012,162.14857029914856,7485.997781991959,213
9116,78,107,9.4179495e-06,10226.83588385582,162.15665531158447,7486.826465129852,213
9117,78,107,3.1664953e-08,10227.960320949554,162.15972232818604,7487.6583340168,213
9118,78,107,2.1420315e-07,10229.086175203323,162.17538213729858,7488.4765188694,213
9119,78,107,2.6263254e-07,10230.19819688797,162.1874761581421,7489.304306030273,213
9120,78,107,2.0041368e-06,10231.323762178421,162.18946838378906,7490.1334400177,213
9121,78,107,0.0002091665,10232.44051194191,162.191424369812,7490.954533815384,213
9122,78,107,1.2665946e-07,10233.555718183517,162.2059304714203,7491.781579017639,213
9123,78,107,1.1362122e-07,10234.677758693695,162.22060537338257,7492.605918169022,213
9124,78,107,3.6522858e-06,10235.786790847778,162.22421646118164,7493.429412126541,213
9125,78,107,1.2479687e-07,10236.921830177307,162.24308347702026,7494.2577612400055,213
9126,78,107,7.4880077e-06,10238.041796684265,162.25947666168213,7495.076549291611,213
9127,78,107,5.625102e-07,10239.174213409424,162.2735915184021,7495.895599365234,213
9128,78,107,3.0265453e-06,10240.286668777466,162.28116250038147,7496.716495513916,213
9129,78,107,4.140139e-06,10241.395695924759,162.28764843940735,7497.531817674637,213
9130,78,107,1.0039572e-06,10242.508437395096,162.289395570755,7498.356507539749,213
9131,78,107,9.312973e-07,10243.620554208755,162.29125261306763,7499.1854927539825,213
9132,78,107,5.305249e-05,10244.731744289398,162.29603457450867,7500.002306938171,213
9133,78,107,6.75497e-06,10245.855545759201,162.29804348945618,7500.837774038315,213
9134,78,107,4.3771973e-07,10246.98358631134,162.30466556549072,7501.669901847839,213
9135,78,107,6.6929415e-06,10248.108419179916,162.31318354606628,7502.502439022064,213
9136,78,107,1.9037818e-05,10249.225204706192,162.31975269317627,7503.32763004303,213
9137,78,107,3.0174783e-07,10250.34421801567,162.32675552368164,7504.146917104721,213
9138,78,107,4.155137e-06,10251.46360373497,162.34123849868774,7504.967580080032,213
9139,79,107,7.244721e-06,10252.49387049675,162.34343552589417,7505.785872936249,213
9140,79,107,4.1124476e-06,10253.609498262405,162.34955549240112,7506.606272220612,213
9141,79,107,3.5017436e-07,10254.728188753128,162.35176062583923,7507.428391933441,213
9142,79,107,1.9100416e-05,10255.853528738022,162.3918206691742,7508.24443769455,213
9143,79,107,1.584542e-05,10256.967451572418,162.41784858703613,7509.062990665436,213
9144,79,107,9.46706e-05,10258.081182479858,162.43181467056274,7509.879303693771,213
9145,79,107,2.3002199e-06,10259.193043231964,162.4470796585083,7510.699381828308,213
9146,79,107,1.2479674e-07,10260.302491903305,162.46162867546082,7511.522537946701,213
9147,79,107,2.6728217e-06,10261.41868185997,162.4779155254364,7512.341721057892,213
9148,79,107,1.3038513e-08,10262.538691282272,162.4798755645752,7513.167367219925,213
9149,79,107,4.0978172e-08,10263.647928714752,162.4836916923523,7513.987908363342,213
9150,79,107,3.352759e-08,10264.765886306763,162.48552680015564,7514.816783428192,213
9151,79,107,1.881261e-07,10265.889753103256,162.5207917690277,7515.635891199112,213
9152,79,107,2.7380815e-07,10267.010894298553,162.55061674118042,7516.455678939819,213
9153,79,107,6.705508e-08,10268.125916481018,162.56983470916748,7517.270910978317,213
9154,79,107,2.2388374e-06,10269.237353801727,162.58032774925232,7518.086760997772,213
9155,79,107,0.00015006635,10270.357389211655,162.5963876247406,7518.905373811722,213
9156,79,107,1.011407e-06,10271.471368312836,162.59816551208496,7519.720731973648,213
9157,79,107,0.0009490904,10272.600333690643,162.61951160430908,7520.547486066818,213
9158,79,107,7.4505664e-08,10273.72604060173,162.63449954986572,7521.3683841228485,213
9159,79,107,3.1308293e-06,10274.84178352356,162.64264559745789,7522.195117950439,213
9160,79,107,5.901677e-05,10275.955146312714,162.64809775352478,7523.024146080017,213
9161,79,107,1.0393387e-06,10277.065299272537,162.6502776145935,7523.845100879669,213
9162,79,107,2.719439e-07,10278.176691293716,162.65995359420776,7524.670361995697,213
9163,79,107,5.0291366e-08,10279.281341314316,162.661967754364,7525.491708278656,213
9164,79,107,5.736842e-07,10280.394295930862,162.6787989139557,7526.311530351639,213
9165,79,107,4.2840577e-07,10281.495478153229,162.6809959411621,7527.133538484573,213
9166,79,107,1.4826088e-06,10282.617488145828,162.68301677703857,7527.961271762848,213
9167,79,107,1.1156868e-06,10283.739859580994,162.68492770195007,7528.78271484375,213
9168,79,107,4.57961e-06,10284.856786966324,162.69366693496704,7529.595191955566,213
9169,79,107,4.6300065e-06,10285.964874744415,162.69975876808167,7530.411737918854,213
9170,79,107,8.811859e-06,10287.098362922668,162.70171880722046,7531.242113113403,213
9171,79,107,9.406258e-07,10288.21557211876,162.72088193893433,7532.058753013611,213
9172,79,107,2.4214378e-08,10289.33409833908,162.73079204559326,7532.878360033035,213
9173,79,107,5.0104927e-07,10290.445101499557,162.73274302482605,7533.707053184509,213
9174,79,107,1.825388e-07,10291.561359882355,162.74835515022278,7534.521799087524,213
9175,79,107,1.1268756e-06,10292.673088550568,162.75130200386047,7535.347137212753,213
9176,79,107,8.24583e-06,10293.800832271576,162.77389001846313,7536.1664271354675,213
9177,79,107,4.2462584e-06,10294.911041975021,162.7846019268036,7536.988383054733,213
9178,79,107,2.4902538e-06,10296.029361248016,162.78666806221008,7537.815076828003,213
9179,79,107,3.725289e-08,10297.152683258057,162.8214840888977,7538.638762712479,213
9180,79,107,1.19209126e-07,10298.265499353409,162.83264899253845,7539.45459985733,213
9181,79,107,9.700207e-05,10299.38104224205,162.83476090431213,7540.273931026459,213
9182,79,107,1.927767e-06,10300.495526075363,162.85162901878357,7541.099417209625,213
9183,79,107,1.0784463e-06,10301.610764980316,162.85598611831665,7541.924029350281,213
9184,79,107,6.7358806e-06,10302.725815296173,162.8616180419922,7542.745286464691,213
9185,79,107,5.9408423e-05,10303.8499417305,162.86376094818115,7543.57030248642,213
9186,79,107,1.9851912e-05,10304.964666843414,162.8809130191803,7544.393071651459,213
9187,79,107,1.9352112e-06,10306.088827848434,162.9117419719696,7545.211623430252,213
9188,79,107,5.7741957e-08,10307.218148708344,162.91377115249634,7546.039557218552,213
9189,79,107,2.0116474e-07,10308.32729434967,162.92370200157166,7546.850592374802,213
9190,79,107,4.4330727e-07,10309.4449031353,162.9399070739746,7547.662659168243,213
9191,79,107,8.3333856e-05,10310.56810927391,162.9419810771942,7548.488854169846,213
9192,79,107,1.8383846e-06,10311.686133623123,162.95466017723083,7549.303057193756,213
9193,79,107,3.3841407e-06,10312.800572156906,162.95633721351624,7550.133552074432,213
9194,79,107,1.5738585e-06,10313.911218643188,162.9635500907898,7550.949541091919,213
9195,79,107,1.2963472e-06,10315.023422241211,162.9680211544037,7551.772353172302,213
9196,79,107,2.2350293e-06,10316.155997276306,162.969957113266,7552.601227045059,213
9197,79,107,3.0733554e-07,10317.277737140656,162.99638414382935,7553.421548128128,213
9198,79,107,1.3783527e-07,10318.388431549072,162.99824404716492,7554.251652240753,213
9199,79,107,3.9115523e-08,10319.505170822144,163.01048803329468,7555.065644264221,213
9200,79,107,6.28263e-05,10320.609714746475,163.01533699035645,7555.888715267181,213
9201,79,107,1.5087384e-07,10321.720224618912,163.01721096038818,7556.708361148834,213
9202,79,107,4.6565557e-07,10322.844028949738,163.02230095863342,7557.527797222137,213
9203,79,107,9.313225e-09,10323.961049556732,163.04323601722717,7558.350674152374,213
9204,79,108,7.264311e-08,10325.48403096199,163.4380030632019,7559.1794419288635,213
9205,79,108,4.840373e-06,10326.602169513702,163.439954996109,7560.011358976364,213
9206,79,108,0.00012396424,10327.712243318558,163.444669008255,7560.831393003464,213
9207,79,108,3.801354e-06,10328.820013999939,163.4511330127716,7561.654264211655,213
9208,79,108,2.173558e-06,10329.930643081665,163.45781207084656,7562.475160121918,213
9209,79,108,2.9252276e-05,10331.050748825073,163.45965194702148,7563.298650026321,213
9210,79,108,9.950565e-06,10332.160820960999,163.4655728340149,7564.121318817139,213
9211,79,108,1.2241212e-05,10333.287347078323,163.46753692626953,7564.951417922974,213
9212,79,108,1.7973848e-06,10334.402401924133,163.47605109214783,7565.768761634827,213
9213,79,108,7.655298e-07,10335.515499830246,163.48173117637634,7566.5949647426605,213
9214,79,108,4.434637e-06,10336.629963874817,163.48367428779602,7567.420959711075,213
9215,79,108,5.9399892e-05,10337.73350429535,163.48791813850403,7568.238452672958,213
9216,79,108,7.096544e-07,10338.849630594254,163.507080078125,7569.057905912399,213
9217,79,108,1.193916e-06,10339.982673406601,163.5382740497589,7569.8762810230255,213
9218,79,108,0.0001124844,10341.105377435684,163.54461407661438,7570.701287746429,213
9219,79,108,6.5750817e-07,10342.215736627579,163.5570101737976,7571.516039609909,213
9220,79,108,1.1175867e-08,10343.326570749283,163.56265115737915,7572.340224504471,213
9221,79,108,1.6763803e-08,10344.442298173904,163.56482315063477,7573.167795419693,213
9222,79,108,6.4144965e-06,10345.566320896149,163.58549308776855,7573.99382352829,213
9223,79,108,1.4092376e-05,10346.676671743393,163.59811401367188,7574.81627035141,213
9224,79,108,4.6373275e-06,10347.79293847084,163.60725498199463,7575.63981628418,213
9225,79,108,5.364046e-06,10348.906070232391,163.6093430519104,7576.463947296143,213
9226,79,108,2.4569663e-05,10350.022553920746,163.6115481853485,7577.284387350082,213
9227,79,108,3.6876356e-06,10351.134775161743,163.6328842639923,7578.10080742836,213
9228,79,108,0.00036466407,10352.256049633026,163.6346640586853,7578.928179502487,213
9229,79,108,8.944872e-05,10353.369442939758,163.64411401748657,7579.755608558655,213
9230,79,108,1.6036768e-06,10354.484148025513,163.6461329460144,7580.579829692841,213
9231,79,108,6.146699e-07,10355.59571814537,163.64837193489075,7581.399804592133,213
9232,79,108,4.431518e-05,10356.711376428604,163.6597878932953,7582.21683883667,213
9233,79,108,5.010441e-07,10357.838396787643,163.68432903289795,7583.037549734116,213
9234,79,108,9.4245304e-05,10358.953403711319,163.68640995025635,7583.862978935242,213
9235,79,108,9.449206e-06,10360.062146663666,163.6883430480957,7584.692025899887,213
9236,79,108,1.89989e-07,10361.180264234543,163.70216298103333,7585.510161161423,213
9237,79,108,2.9595676e-06,10362.313972473145,163.7042109966278,7586.335363149643,213
9238,79,108,1.5327381e-05,10363.440198898315,163.72088193893433,7587.1485249996185,213
9239,79,108,1.1175867e-08,10364.561940670013,163.73728489875793,7587.971935033798,213
9240,79,108,3.5819296e-05,10365.692368268967,163.77802777290344,7588.806656837463,213
9241,79,108,5.792788e-07,10366.812557935715,163.78276777267456,7589.631091594696,213
9242,79,108,4.1536734e-07,10367.934318780899,163.80026960372925,7590.4486837387085,213
9243,79,108,7.035788e-06,10369.049673080444,163.80743074417114,7591.265940666199,213
9244,79,108,0.0052804416,10370.171257257462,163.8093318939209,7592.095912694931,213
9245,79,108,7.599425e-07,10371.294257879257,163.83395981788635,7592.914418697357,213
9246,79,108,2.4083998e-05,10372.41661453247,163.8412048816681,7593.734546661377,213
9247,79,108,3.7979946e-05,10373.535078763962,163.861811876297,7594.550566673279,213
9248,79,108,2.6138254e-05,10374.65502500534,163.87193489074707,7595.372339725494,213
9249,79,108,3.1961144e-06,10375.769280433655,163.8740518093109,7596.199423789978,213
9250,79,108,1.8570116e-06,10376.886984825134,163.87606382369995,7597.028915405273,213
9251,79,108,4.5167108e-06,10378.005185842514,163.8893027305603,7597.846166133881,213
9252,79,108,0.0019599309,10379.121563911438,163.91037774085999,7598.667687177658,213
9253,79,108,1.0989589e-07,10380.236496210098,163.93201756477356,7599.487752199173,213
9254,79,108,6.556392e-07,10381.34284543991,163.93459153175354,7600.310350179672,213
9255,79,108,1.2312985e-05,10382.461333990097,163.95547151565552,7601.128673315048,213
9256,80,108,8.6239703e-07,10383.485933542252,163.95779943466187,7601.950562238693,213
9257,80,108,2.2351728e-08,10384.60251045227,163.9599723815918,7602.771052360535,213
9258,80,108,5.052622e-06,10385.719288349152,163.9762773513794,7603.587009429932,213
9259,80,108,4.0582454e-06,10386.830106019974,164.0053403377533,7604.405529499054,213
9260,80,108,0.0008565939,10387.945540189743,164.01808714866638,7605.225175380707,213
9261,80,108,3.2183682e-06,10389.069977998734,164.02022624015808,7606.056448459625,213
9262,80,108,5.5692186e-07,10390.195237636566,164.0255343914032,7606.878885507584,213
9263,80,108,2.775331e-07,10391.305559158325,164.03571844100952,7607.7013375759125,213
9264,80,108,1.1634277e-05,10392.430871248245,164.05110931396484,7608.523881435394,213
9265,80,108,2.8049637e-06,10393.543003320694,164.05563235282898,7609.345988273621,213
9266,80,108,5.0849656e-07,10394.663120508194,164.06538438796997,7610.169637203217,213
9267,80,108,2.4380804e-06,10395.781511306763,164.07884454727173,7610.9959444999695,213
9268,80,108,1.3652835e-06,10396.908440589905,164.1089906692505,7611.813729524612,213
9269,80,108,4.89818e-06,10398.033653020859,164.1374316215515,7612.637309551239,213
9270,80,108,3.3899977e-07,10399.16790151596,164.17353057861328,7613.454122543335,213
9271,80,108,2.6635735e-07,10400.281728506088,164.18478655815125,7614.272083520889,213
9272,80,108,7.4505735e-08,10401.396119117737,164.1868314743042,7615.091616392136,213
9273,80,108,0.00055333256,10402.514738082886,164.19838738441467,7615.907313108444,213
9274,80,108,1.5198946e-06,10403.654383182526,164.2047061920166,7616.732823133469,213
9275,80,108,1.5492207e-05,10404.780460596085,164.2067403793335,7617.55459022522,213
9276,80,108,1.2442238e-06,10405.894526958466,164.2218053340912,7618.37437415123,213
9277,80,108,0.0006011434,10407.001038074493,164.23159313201904,7619.1969339847565,213
9278,80,108,4.4703293e-07,10408.106122970581,164.23372602462769,7620.010755062103,213
9279,80,108,9.871864e-07,10409.221067667007,164.23583388328552,7620.84431385994,213
9280,80,108,3.578181e-05,10410.340440750122,164.24706888198853,7621.668419837952,213
9281,80,108,1.4192816e-06,10411.46046257019,164.2518928050995,7622.489234924316,213
9282,80,108,3.1588063e-06,10412.596359729767,164.28140568733215,7623.3100209236145,213
9283,80,108,2.477254e-06,10413.708072900772,164.2925145626068,7624.129285812378,213
9284,80,108,3.743898e-07,10414.88135099411,164.3619246482849,7624.948970794678,213
9285,80,108,2.5704412e-07,10416.020939826965,164.39747762680054,7625.772056818008,213
9286,80,108,0.00018666143,10417.137746572495,164.39945650100708,7626.591108083725,213
9287,80,108,2.7980346e-05,10418.247133255005,164.40723848342896,7627.4162521362305,213
9288,80,108,1.7936546e-06,10419.362892866135,164.4090006351471,7628.237153530121,213
9289,80,108,0.0029932673,10420.478434801102,164.41124057769775,7629.064203500748,213
9290,80,108,7.80438e-07,10421.598742246628,164.41324877738953,7629.8891723155975,213
9291,80,108,3.151303e-06,10422.716719150543,164.42195987701416,7630.712566375732,213
9292,80,108,1.9765715e-05,10423.832516908646,164.42396092414856,7631.540018320084,213
9293,80,108,5.1408813e-07,10424.94276714325,164.42980098724365,7632.363481521606,213
9294,80,108,2.0302767e-07,10426.066739797592,164.43751287460327,7633.194693803787,213
9295,80,108,1.165988e-06,10427.182145118713,164.439208984375,7634.019116640091,213
9296,80,108,6.146723e-08,10428.29581952095,164.4480950832367,7634.846595525742,213
9297,80,108,5.915568e-05,10429.417566537857,164.46927905082703,7635.666462659836,213
9298,80,108,5.960414e-07,10430.534456729889,164.4815468788147,7636.479398727417,213
9299,80,108,4.6938294e-07,10431.651827096939,164.48354578018188,7637.307295799255,213
9300,80,108,7.8602216e-07,10432.774017333984,164.50936579704285,7638.12201666832,213
9301,80,108,1.4602888e-06,10433.88890838623,164.5169219970703,7638.947834730148,213
9302,80,108,4.054524e-06,10435.007553577423,164.52838921546936,7639.768443107605,213
9303,80,108,0.00012656419,10436.117696762085,164.53799438476562,7640.590961933136,213
9304,80,108,0.00018145076,10437.23173046112,164.53987431526184,7641.412995100021,213
9305,80,108,1.2423487e-06,10438.343925952911,164.55325841903687,7642.239292144775,213
9306,80,108,3.1169122e-05,10439.467054605484,164.58017945289612,7643.062226295471,213
9307,80,108,1.1175869e-08,10440.572964906693,164.58928751945496,7643.882581233978,213
9308,80,108,0.00015297592,10441.689083576202,164.59949564933777,7644.701082229614,213
9309,80,108,6.258414e-07,10442.811941862106,164.61455059051514,7645.515329360962,213
9310,80,108,2.6449356e-07,10443.94238948822,164.6292495727539,7646.347303390503,213
9311,80,108,4.6565842e-07,10445.06930565834,164.6313235759735,7647.181877374649,213
9312,80,108,5.383007e-07,10446.188667535782,164.63321471214294,7648.005105257034,213
9313,80,108,4.4703462e-08,10447.310366392136,164.647540807724,7648.831796169281,213
9314,80,108,7.208362e-07,10448.430317163467,164.64956092834473,7649.65190410614,213
9315,80,108,3.7252899e-09,10449.546527862549,164.6514708995819,7650.482499837875,213
9316,80,108,3.8983093e-05,10450.655077457428,164.65369391441345,7651.309850931168,213
9317,80,108,2.4575465e-05,10451.77883553505,164.65602588653564,7652.141272783279,213
9318,80,108,3.9987763e-06,10452.900970220566,164.67061686515808,7652.964684724808,213
9319,80,108,4.8428728e-08,10454.033287286758,164.69717478752136,7653.786408662796,213
9320,80,108,3.3878164e-06,10455.163545131683,164.72227883338928,7654.609726905823,213
9321,80,108,1.4472434e-06,10456.26988530159,164.72433400154114,7655.430083036423,213
9322,80,108,2.4138533e-06,10457.3909637928,164.75349497795105,7656.251981019974,213
9323,80,108,1.4901158e-08,10458.503235816956,164.7812077999115,7657.068157911301,213
9324,80,108,3.3527588e-08,10459.625787734985,164.79463386535645,7657.889772176743,213
9325,80,109,1.823219e-05,10461.168518543243,165.22177577018738,7658.711270093918,213
9326,80,109,2.1035617e-05,10462.276271104813,165.22697472572327,7659.528373241425,213
9327,80,109,0.0010655809,10463.399294614792,165.24545073509216,7660.351850271225,213
9328,80,109,2.7677308e-06,10464.513630628586,165.24826574325562,7661.163718223572,213
9329,80,109,1.1656228e-05,10465.629044532776,165.25042366981506,7661.986747264862,213
9330,80,109,7.3399137e-06,10466.740010261536,165.26108074188232,7662.806798219681,213
9331,80,109,2.5927343e-06,10467.859840154648,165.27332091331482,7663.63259935379,213
9332,80,109,2.2090076e-06,10468.978630304337,165.2754180431366,7664.447679281235,213
9333,80,109,3.5814912e-06,10470.09226179123,165.29362511634827,7665.2677273750305,213
9334,80,109,3.6264075e-06,10471.21355009079,165.30100321769714,7666.097238540649,213
9335,80,109,7.0965905e-07,10472.323109388351,165.31806707382202,7666.910099506378,213
9336,80,109,3.5927053e-05,10473.44325876236,165.3200101852417,7667.7253205776215,213
9337,80,109,2.350605e-06,10474.560219049454,165.33748412132263,7668.540041685104,213
9338,80,109,6.332987e-08,10475.6771337986,165.36700320243835,7669.3637816905975,213
9339,80,109,6.7054174e-07,10476.803927183151,165.38494324684143,7670.186685800552,213
9340,80,109,0.00033425953,10477.921128511429,165.3940052986145,7671.009766578674,213
9341,80,109,5.411963e-06,10479.034457921982,165.40378427505493,7671.833132505417,213
9342,80,109,3.1979166e-06,10480.15046286583,165.4060251712799,7672.654695510864,213
9343,80,109,0.00025464187,10481.259053230286,165.410138130188,7673.476816415787,213
9344,80,109,4.4006316e-05,10482.378488063812,165.4266231060028,7674.296179294586,213
9345,80,109,4.6958197e-05,10483.493917703629,165.44094729423523,7675.116720199585,213
9346,80,109,5.2154043e-08,10484.611752986908,165.44309830665588,7675.939107179642,213
9347,80,109,2.0116511e-07,10485.730193376541,165.4662482738495,7676.762187242508,213
9348,80,109,6.351568e-07,10486.847868680954,165.4700162410736,7677.589214086533,213
9349,80,109,2.106512e-06,10487.989257335663,165.50773119926453,7678.4165959358215,213
9350,80,109,1.2609736e-06,10489.111656188965,165.5095500946045,7679.229398012161,213
9351,80,109,8.361633e-05,10490.233676195145,165.51186203956604,7680.055086135864,213
9352,80,109,2.7380645e-07,10491.35202050209,165.51408100128174,7680.885693073273,213
9353,80,109,5.3504755e-06,10492.460438966751,165.51610207557678,7681.707289218903,213
9354,80,109,2.8105e-06,10493.564283132553,165.52987003326416,7682.523739337921,213
9355,80,109,1.0821688e-06,10494.696447372437,165.56373286247253,7683.339725255966,213
9356,80,109,1.2160839e-05,10495.799268245697,165.5658049583435,7684.157171964645,213
9357,80,109,6.519252e-08,10496.917973518372,165.58758306503296,7684.982479095459,213
9358,80,109,1.0710054e-06,10498.024921655655,165.5894899368286,7685.810450077057,213
9359,80,109,6.761342e-07,10499.148152828217,165.60821104049683,7686.630714893341,213
9360,80,109,1.734078e-06,10500.277073383331,165.64375185966492,7687.450831890106,213
9361,80,109,9.31302e-07,10501.396427631378,165.66843175888062,7688.276137828827,213
9362,80,109,1.6577515e-07,10502.511444091797,165.68924069404602,7689.091608762741,213
9363,80,109,5.3546582e-06,10503.630509614944,165.70488572120667,7689.916407823563,213
9364,80,109,1.4006679e-06,10504.74796462059,165.72395062446594,7690.7341895103455,213
9365,80,109,1.0989589e-07,10505.85291814804,165.73368382453918,7691.552290439606,213
9366,80,109,4.3598793e-06,10506.971180438995,165.74616980552673,7692.375424146652,213
9367,80,109,6.07219e-07,10508.097773313522,165.761944770813,7693.196561098099,213
9368,80,109,3.7252864e-08,10509.219561100006,165.790180683136,7694.016107082367,213
9369,80,109,2.2070967e-06,10510.330414533615,165.79720759391785,7694.836640119553,213
9370,80,109,5.587928e-08,10511.44805431366,165.80682349205017,7695.65712928772,213
9371,80,109,1.844013e-07,10512.57205080986,165.80864357948303,7696.482253074646,213
9372,80,109,1.955771e-07,10513.687357902527,165.81993055343628,7697.302754163742,213
9373,81,109,4.0713985e-06,10514.711294174194,165.8223695755005,7698.116440296173,213
9374,81,109,4.2467846e-07,10515.825169563293,165.84292244911194,7698.934980392456,213
9375,81,109,8.735574e-07,10516.940904140472,165.84894943237305,7699.7587332725525,213
9376,81,109,6.053509e-07,10518.058327436447,165.88054728507996,7700.580247402191,213
9377,81,109,3.1456962e-06,10519.18010020256,165.88532137870789,7701.409390449524,213
9378,81,109,8.959157e-07,10520.288830041885,165.89285516738892,7702.234244346619,213
9379,81,109,8.301876e-06,10521.412141084671,165.90347027778625,7703.067575454712,213
9380,81,109,2.4939002e-06,10522.523530006409,165.91858839988708,7703.886378288269,213
9381,81,109,2.7939661e-08,10523.63851928711,165.94271731376648,7704.703032493591,213
9382,81,109,3.9578017e-06,10524.749584674835,165.9447464942932,7705.521656513214,213
9383,81,109,3.3414021e-06,10525.8659055233,165.95530438423157,7706.338816404343,213
9384,81,109,5.546073e-06,10526.992739200592,165.97964549064636,7707.156705379486,213
9385,81,109,5.774093e-07,10528.11971783638,165.98140144348145,7707.972516536713,213
9386,81,109,1.2852216e-07,10529.230778694153,165.99454045295715,7708.789167642593,213
9387,81,109,9.666986e-07,10530.350178718567,166.0011694431305,7709.610018968582,213
9388,81,110,6.7799704e-07,10531.872514486313,166.39628648757935,7710.434051990509,213
9389,81,110,1.18235575e-05,10532.980212450027,166.4030966758728,7711.260456085205,213
9390,81,110,1.319424e-05,10534.099615335464,166.4083616733551,7712.0817239284515,213
9391,81,110,2.3246816e-05,10535.214587926865,166.43285465240479,7712.896467208862,213
9392,81,110,1.588456e-05,10536.328910112381,166.44429755210876,7713.715682029724,213
9393,81,110,2.8658616e-05,10537.449346065521,166.46558451652527,7714.532236814499,213
9394,81,110,1.0337551e-06,10538.560092926025,166.47182846069336,7715.348026037216,213
9395,81,110,5.1222396e-05,10539.684732198715,166.47400856018066,7716.172632932663,213
9396,81,110,2.1083528e-05,10540.812249422073,166.50182366371155,7716.984561920166,213
9397,81,110,5.7861715e-05,10541.930991888046,166.52336168289185,7717.805613994598,213
9398,81,110,0.0017354984,10543.059808969498,166.52521681785583,7718.637243032455,213
9399,81,110,4.197129e-05,10544.169934034348,166.52712297439575,7719.45968079567,213
9400,81,110,2.0318812e-05,10545.286410808563,166.55748581886292,7720.278745889664,213
9401,81,110,1.7130524e-05,10546.396032094955,166.5795979499817,7721.093105792999,213
9402,81,110,7.5744993e-06,10547.524337530136,166.59538173675537,7721.920219898224,213
9403,81,110,4.2651805e-06,10548.6413230896,166.60727262496948,7722.744575738907,213
9404,81,110,7.562288e-07,10549.749811410904,166.63107061386108,7723.55900478363,213
9405,81,110,7.538762e-05,10550.86752986908,166.63973355293274,7724.382234811783,213
9406,81,110,2.340923e-05,10551.997388362885,166.64188146591187,7725.210200786591,213
9407,81,110,1.6186103e-06,10553.116986513138,166.65139937400818,7726.0350086688995,213
9408,81,110,6.258351e-05,10554.232165575027,166.65346240997314,7726.859253644943,213
9409,81,110,6.6879686e-05,10555.349335670471,166.66292238235474,7727.681924819946,213
9410,81,110,2.0737578e-05,10556.45616197586,166.66866040229797,7728.498911857605,213
9411,81,110,3.6840763e-06,10557.57254242897,166.6851065158844,7729.3207721710205,213
9412,81,110,3.875552e-05,10558.693302631378,166.711927652359,7730.145200967789,213
9413,81,110,2.2901728e-05,10559.819852590561,166.71629858016968,7730.961261749268,213
9414,81,110,8.099318e-06,10560.955303430557,166.71821665763855,7731.78866481781,213
9415,81,110,0.00070604257,10562.081764698029,166.73747873306274,7732.61328291893,213
9416,81,110,0.00014014593,10563.197385072708,166.74692678451538,7733.430325984955,213
9417,81,110,0.00016586613,10564.324384450912,166.76026368141174,7734.2469799518585,213
9418,81,110,5.2167957e-06,10565.434797525406,166.7861795425415,7735.06188416481,213
9419,81,110,2.3638146e-05,10566.552021980286,166.80108547210693,7735.880447149277,213
9420,81,110,7.677934e-06,10567.67806315422,166.82835245132446,7736.704694271088,213
9421,81,110,1.1063951e-06,10568.796427726746,166.85669350624084,7737.522271156311,213
9422,81,110,5.0305927e-05,10569.919159173965,166.89235973358154,7738.346013307571,213
9423,81,110,2.8498346e-07,10571.035828828812,166.92871761322021,7739.158148288727,213
9424,81,110,3.913715e-05,10572.149167776108,166.95818877220154,7739.985536336899,213
9425,81,110,9.499481e-08,10573.261952877045,166.97033071517944,7740.801107406616,213
9426,81,110,4.8609622e-06,10574.388077497482,167.00774669647217,7741.622844457626,213
9427,81,110,3.0396952e-06,10575.514501571655,167.02711176872253,7742.4436955451965,213
9428,81,110,8.940688e-08,10576.62947678566,167.06498789787292,7743.266539573669,213
9429,81,110,6.1721958e-06,10577.743482351303,167.09066581726074,7744.082519769669,213
9430,81,110,2.0934824e-06,10578.864120960236,167.11462688446045,7744.909238815308,213
9431,81,110,1.9185191e-07,10579.976885557175,167.11657285690308,7745.7350108623505,213
9432,81,110,3.0674444e-05,10581.089312791824,167.1358208656311,7746.551403999329,213
9433,81,110,1.862645e-09,10582.204979896545,167.1432228088379,7747.369199991226,213
9434,81,110,1.610662e-05,10583.328461408615,167.14854669570923,7748.187854766846,213
9435,81,110,0.0001189811,10584.438124895096,167.16339778900146,7749.009464740753,213
9436,81,110,1.6607351e-05,10585.549415826797,167.1750807762146,7749.835906982422,213
9437,81,110,8.924383e-06,10586.67161154747,167.19659876823425,7750.660146951675,213
9438,81,110,1.8440147e-07,10587.790129899979,167.20589470863342,7751.484668970108,213
9439,81,110,1.5459933e-07,10588.905390501022,167.21931862831116,7752.300492048264,213
9440,81,110,9.778639e-07,10590.017824411392,167.2410066127777,7753.119750022888,213
9441,81,110,1.7472194e-05,10591.137925863266,167.26658058166504,7753.9415011405945,213
9442,81,110,2.4864944e-06,10592.255111932755,167.28648447990417,7754.759395122528,213
9443,81,110,1.3038513e-08,10593.36061167717,167.29885935783386,7755.575889348984,213
9444,81,110,1.4031832e-05,10594.480026483536,167.3304522037506,7756.391912460327,213
9445,81,110,0.0016542817,10595.597978830338,167.33249735832214,7757.208482503891,213
9446,81,110,3.5390244e-08,10596.714817285538,167.347722530365,7758.029282569885,213
9447,81,110,1.8626444e-08,10597.840198993683,167.36673855781555,7758.860504627228,213
9448,81,110,5.028362e-06,10598.962362289429,167.36863350868225,7759.684416770935,213
9449,81,110,0.000103107064,10600.082513809204,167.4012575149536,7760.503727912903,213
9450,81,110,5.5879312e-08,10601.194781541824,167.40835046768188,7761.329447031021,213
9451,81,110,7.878863e-07,10602.305335521698,167.43212842941284,7762.145879983902,213
9452,81,110,0.00082802394,10603.428518295288,167.45871758460999,7762.964525938034,213
9453,81,110,3.4831254e-07,10604.545928955078,167.46035242080688,7763.783332109451,213
9454,81,110,3.1851133e-07,10605.667290449142,167.48330640792847,7764.601579904556,213
9455,81,110,1.09895915e-07,10606.76474571228,167.4855194091797,7765.421533823013,213
9456,81,110,5.904474e-07,10607.870347499847,167.50303745269775,7766.241414785385,213
9457,81,110,1.100403e-05,10608.995810508728,167.5119194984436,7767.071774721146,213
9458,81,110,4.0977932e-07,10610.110756635666,167.53787755966187,7767.890763759613,213
9459,81,110,7.7189085e-05,10611.232828855515,167.55851244926453,7768.711765766144,213
9460,81,110,2.644946e-07,10612.350026845932,167.5604054927826,7769.527644872665,213
9461,81,110,3.4941445e-06,10613.466521024704,167.57280158996582,7770.348760843277,213
9462,81,110,1.1864603e-06,10614.595932483673,167.58250451087952,7771.180147647858,213
9463,81,110,3.8421654e-06,10615.716158151627,167.60897254943848,7772.005621671677,213
9464,81,110,1.7800545e-05,10616.838835954666,167.63285756111145,7772.830214738846,213
9465,81,110,8.7694025e-06,10617.964203596115,167.65973734855652,7773.651925802231,213
9466,81,110,0.0009673817,10619.078721046448,167.66789436340332,7774.467122793198,213
9467,81,110,0.00012383133,10620.181945562363,167.6702823638916,7775.296055793762,213
9468,81,110,7.264304e-08,10621.30907869339,167.71183133125305,7776.111796617508,213
9469,81,110,2.2351738e-08,10622.437958955765,167.74348640441895,7776.933329820633,213
9470,81,111,1.2479251e-06,10623.955270528793,168.13375854492188,7777.757072925568,213
9471,81,111,5.228455e-05,10625.066696166992,168.1459355354309,7778.573700904846,213
9472,81,111,0.00013938117,10626.17921948433,168.17930555343628,7779.389739751816,213
9473,81,111,6.543682e-05,10627.30489039421,168.19053864479065,7780.213760614395,213
9474,81,111,6.647218e-05,10628.414553165436,168.20501255989075,7781.027890443802,213
9475,81,111,6.409037e-05,10629.53377699852,168.2118136882782,7781.842700719833,213
9476,81,111,1.838114e-05,10630.651324510574,168.22363567352295,7782.657381772995,213
9477,81,111,1.5784184e-05,10631.764914512634,168.2262167930603,7783.48211479187,213
9478,81,111,0.00016441681,10632.891746282578,168.25463962554932,7784.30841588974,213
9479,81,111,0.0004462822,10634.010695457458,168.28980469703674,7785.124179840088,213
9480,81,111,1.4177077e-05,10635.122830629349,168.29882955551147,7785.949895858765,213
9481,81,111,3.9931715e-06,10636.226675748825,168.3008325099945,7786.770969629288,213
9482,81,111,1.1995255e-06,10637.339007854462,168.3207185268402,7787.590089797974,213
9483,81,111,0.00039100138,10638.46033525467,168.34193634986877,7788.418955087662,213
9484,81,111,7.2744033e-06,10639.569723129272,168.35376715660095,7789.241112232208,213
9485,81,111,7.5250205e-07,10640.687465667725,168.355886220932,7790.067027568817,213
9486,81,111,2.5101643e-05,10641.810122728348,168.3717381954193,7790.88837146759,213
9487,81,111,5.1833176e-06,10642.9262008667,168.37357807159424,7791.710683345795,213
9488,81,111,1.415875e-05,10644.049205303192,168.39996719360352,7792.538243532181,213
9489,81,111,9.68554e-07,10645.181902647018,168.42221999168396,7793.362873315811,213
9490,82,111,3.2037343e-07,10646.208643913269,168.42458486557007,7794.184749364853,213
9491,82,111,2.9528519e-05,10647.340427398682,168.44497394561768,7795.006705522537,213
9492,82,111,9.887592e-06,10648.464599370956,168.46862602233887,7795.828803777695,213
9493,82,111,1.5283173e-05,10649.583991527557,168.47484803199768,7796.652234792709,213
9494,82,111,4.783094e-06,10650.705110311508,168.49725604057312,7797.476624965668,213
9495,82,111,1.0430803e-07,10651.813746213913,168.50312113761902,7798.300395965576,213
9496,82,111,0.00013685934,10652.936336755753,168.52699422836304,7799.114666938782,213
9497,82,111,3.5841185e-05,10654.05934715271,168.5291302204132,7799.940949678421,213
9498,82,111,1.0010062e-05,10655.18941783905,168.56077933311462,7800.7679307460785,213
9499,82,111,2.5728108e-05,10656.30267071724,168.58352637290955,7801.586306810379,213
9500,82,111,2.2961163e-05,10657.409030914307,168.58812427520752,7802.4123294353485,213
9501,82,111,3.3600384e-06,10658.517666101456,168.5994791984558,7803.230542421341,213
9502,82,111,7.367569e-06,10659.637266397476,168.6013572216034,7804.054215192795,213
9503,82,111,2.2779755e-06,10660.759078502655,168.62614130973816,7804.876254320145,213
9504,82,111,8.224608e-06,10661.884205818176,168.65054631233215,7805.693673610687,213
9505,82,111,5.2297264e-06,10663.004435062408,168.6567394733429,7806.515358686447,213
9506,82,111,1.3224758e-07,10664.119527816772,168.6740324497223,7807.339990615845,213
9507,82,111,5.704037e-05,10665.23768568039,168.69601941108704,7808.163498878479,213
9508,82,111,3.0135507e-06,10666.3498005867,168.69816541671753,7808.987486839294,213
9509,82,111,8.449283e-06,10667.455871343613,168.70443153381348,7809.807669878006,213
9510,82,111,2.2416789e-05,10668.561633348465,168.7065875530243,7810.630576848984,213
9511,82,111,0.00010263262,10669.675159931183,168.7115194797516,7811.449265956879,213
9512,82,111,3.7920117e-06,10670.801241874695,168.73024559020996,7812.266937017441,213
9513,82,111,1.6018312e-06,10671.926304578781,168.76449966430664,7813.086349964142,213
9514,82,111,1.8141204e-06,10673.045324802399,168.77794361114502,7813.913023948669,213
9515,82,111,2.804785e-05,10674.161577224731,168.79769659042358,7814.732548713684,213
9516,82,111,6.966245e-07,10675.284128427505,168.7998447418213,7815.554887771606,213
9517,82,111,7.5102703e-06,10676.406709194183,168.83446168899536,7816.371862411499,213
9518,82,111,1.3969806e-07,10677.526900529861,168.84994459152222,7817.197739362717,213
9519,82,111,2.2835331e-06,10678.644618272781,168.86582946777344,7818.014565229416,213
9520,82,111,1.62182e-05,10679.762593746185,168.87142539024353,7818.83097743988,213
9521,82,111,4.820282e-06,10680.880182504654,168.88766837120056,7819.649995326996,213
9522,82,111,0.0010601715,10681.99256014824,168.90075635910034,7820.474871397018,213
9523,82,111,4.363588e-06,10683.114013910294,168.90631532669067,7821.303022384644,213
9524,82,111,8.594455e-06,10684.233662843704,168.91275835037231,7822.124540567398,213
9525,82,111,2.0302778e-07,10685.359772205353,168.93781542778015,7822.943559646606,213
9526,82,111,9.313224e-09,10686.48203253746,168.9397873878479,7823.772166728973,213
9527,82,111,9.145424e-07,10687.58566904068,168.9463894367218,7824.591503858566,213
9528,82,111,5.513405e-07,10688.702289819717,168.96739053726196,7825.4119181633,213
9529,82,111,0.00010826865,10689.817050218582,168.9844183921814,7826.2366943359375,213
9530,82,111,1.67638e-08,10690.93001794815,168.9916214942932,7827.058505296707,213
9531,82,111,3.7252899e-09,10692.05003452301,168.9938223361969,7827.889182329178,213
9532,82,111,6.927606e-05,10693.165237665176,169.00451731681824,7828.716984033585,213
9533,82,111,4.616966e-06,10694.288353443146,169.01472926139832,7829.535038948059,213
9534,82,111,2.0022762e-06,10695.399768590927,169.0244882106781,7830.361165046692,213
9535,82,111,6.519248e-08,10696.51800942421,169.0263752937317,7831.185195207596,213
9536,82,111,5.544245e-06,10697.638162851334,169.03673839569092,7832.003008365631,213
9537,82,111,4.5261953e-07,10698.744779109955,169.03862047195435,7832.829027414322,213
9538,82,111,1.313139e-06,10699.864574193954,169.0405764579773,7833.649505138397,213
9539,82,111,0.0034951984,10700.990821123123,169.04252743721008,7834.475937843323,213
9540,82,111,1.09895836e-07,10702.113277435303,169.0502655506134,7835.300316810608,213
9541,82,111,1.5306505e-05,10703.222247123718,169.05192852020264,7836.123727083206,213
9542,82,111,1.1678409e-06,10704.347234010696,169.07228636741638,7836.943919181824,213
9543,82,111,4.935306e-06,10705.480811357498,169.0744013786316,7837.7639281749725,213
9544,82,111,5.3457103e-07,10706.60193324089,169.09020853042603,7838.593837976456,213
9545,82,111,0.0002239796,10707.768783807755,169.1597764492035,7839.413963794708,213
9546,82,111,6.013473e-06,10708.899782657623,169.1758975982666,7840.235208749771,213
9547,82,111,2.8516301e-06,10710.026753425598,169.17775654792786,7841.065932512283,213
9548,82,111,1.411816e-05,10711.193719387054,169.2424726486206,7841.88179063797,213
9549,82,111,0.00012609783,10712.349940776825,169.29947066307068,7842.699754714966,213
9550,82,111,0.001505881,10713.477353572845,169.33809566497803,7843.513716459274,213
9551,82,111,8.381897e-08,10714.595115423203,169.34441566467285,7844.337077379227,213
9552,82,111,1.5459884e-07,10715.71032834053,169.3578236103058,7845.1656041145325,213
9553,82,111,5.0323906e-06,10716.840939283371,169.3713035583496,7845.984200954437,213
9554,82,111,0.00012500951,10717.950833797455,169.3919017314911,7846.805240869522,213
9555,82,111,2.7409964e-05,10719.054200172424,169.40067863464355,7847.628062009811,213
9556,82,111,9.2386364e-07,10720.170616865158,169.41650676727295,7848.445403814316,213
9557,82,111,3.7625134e-07,10721.285638332367,169.4241099357605,7849.2651336193085,213
9558,82,111,9.909873e-06,10722.409888982773,169.454274892807,7850.084623336792,213
9559,82,111,1.3615733e-06,10723.530794143677,169.45623898506165,7850.911499261856,213
9560,82,111,0.0001477842,10724.65275812149,169.46579599380493,7851.739173412323,213
9561,82,111,9.313225e-09,10725.764118671417,169.46778321266174,7852.558200120926,213
9562,82,111,1.972443e-06,10726.87834739685,169.48540234565735,7853.374632835388,213
9563,82,111,1.4435103e-06,10727.995015382767,169.50376725196838,7854.1989278793335,213
9564,82,111,1.30385125e-08,10729.109723329544,169.50860834121704,7855.023318052292,213
9565,82,111,3.1476086e-06,10730.218770503998,169.51120114326477,7855.8408670425415,213
9566,82,111,5.107898e-05,10731.351019620895,169.53856801986694,7856.657879829407,213
9567,82,111,9.122926e-06,10732.467267274857,169.5430190563202,7857.471918821335,213
9568,82,111,3.0919807e-07,10733.580327749252,169.5449869632721,7858.2874257564545,213
9569,82,111,2.087923e-06,10734.708781003952,169.57265877723694,7859.107038736343,213
9570,82,111,6.0340076e-06,10735.83900642395,169.57475090026855,7859.928838014603,213
9571,82,112,5.134877e-06,10737.371180534363,169.9882311820984,7860.755100011826,213
9572,82,112,6.0380844e-05,10738.485478878021,170.00135397911072,7861.576411962509,213
9573,82,112,0.0033592633,10739.599970817566,170.00735712051392,7862.403513908386,213
9574,82,112,3.9690913e-06,10740.71555352211,170.01749801635742,7863.2291758060455,213
9575,82,112,4.971124e-06,10741.84174823761,170.04064106941223,7864.051738977432,213
9576,82,112,7.455806e-05,10742.953826904297,170.04265117645264,7864.874980926514,213
9577,82,112,0.00087765907,10744.068524360657,170.05769109725952,7865.694803714752,213
9578,82,112,3.48423e-05,10745.184636354446,170.0751850605011,7866.514892816544,213
9579,82,112,5.2339595e-07,10746.29708147049,170.09958815574646,7867.331119775772,213
9580,82,112,7.3268848e-06,10747.41527748108,170.13744521141052,7868.148120641708,213
9581,82,112,4.9571743e-05,10748.529694318771,170.14210104942322,7868.9652144908905,213
9582,82,112,5.6296252e-05,10749.645529985428,170.1608121395111,7869.790691375732,213
9583,82,112,0.02194728,10750.754822015762,170.16305708885193,7870.61673617363,213
9584,82,112,0.00022868284,10751.871150493622,170.17854595184326,7871.443990468979,213
9585,82,112,3.128986e-06,10752.98218178749,170.19135904312134,7872.269106388092,213
9586,82,112,5.007527e-05,10754.097692966461,170.19351816177368,7873.096249580383,213
9587,82,112,0.00037608252,10755.211312294006,170.19613814353943,7873.920907497406,213
9588,82,112,0.0005044977,10756.328419685364,170.22241115570068,7874.7405643463135,213
9589,82,112,0.000107546555,10757.454350709915,170.25035119056702,7875.557367563248,213
9590,82,112,1.1298516e-05,10758.56513428688,170.26816129684448,7876.374247550964,213
9591,82,112,3.0135873e-06,10759.683007717133,170.27024817466736,7877.203555583954,213
9592,82,112,0.00014563165,10760.795892238617,170.28446316719055,7878.029870510101,213
9593,82,112,0.0002091479,10761.93038892746,170.31808423995972,7878.855094432831,213
9594,82,112,0.058073733,10763.03918671608,170.3353021144867,7879.673737287521,213
9595,82,112,9.6537315e-06,10764.147832155228,170.33759427070618,7880.50000834465,213
9596,82,112,0.016811289,10765.249160051346,170.34337830543518,7881.326209306717,213
9597,82,112,0.14922272,10766.368268489838,170.36595726013184,7882.1476056575775,213
9598,82,112,0.0080151735,10767.486679315567,170.36794114112854,7882.974041700363,213
9599,82,112,0.0003746571,10768.59549832344,170.38235902786255,7883.796055555344,213
9600,82,112,0.00013638208,10769.714614152908,170.39605402946472,7884.619254350662,213
9601,82,112,6.637661e-05,10770.828809261322,170.41217017173767,7885.443692207336,213
9602,82,112,0.0006811666,10771.939592599869,170.4141721725464,7886.264853239059,213
9603,82,112,0.067232706,10773.048865795135,170.422523021698,7887.091897249222,213
9604,82,112,0.046755835,10774.160528182983,170.4322009086609,7887.907072067261,213
9605,82,112,0.037944015,10775.282808303833,170.43436789512634,7888.73054599762,213
9606,82,112,0.18940891,10776.38980269432,170.44104671478271,7889.547338962555,213
9607,83,112,0.0013936795,10777.4098238945,170.44331884384155,7890.368016958237,213
9608,83,112,0.04311403,10778.533116579056,170.4452998638153,7891.182764053345,213
9609,83,112,0.005533039,10779.644758462906,170.44726586341858,7892.002063989639,213
9610,83,112,0.20726773,10780.767107009888,170.46030187606812,7892.820543050766,213
9611,83,112,0.2555508,10781.881780385971,170.46225380897522,7893.639992952347,213
9612,83,112,0.001727981,10782.997718811035,170.47295880317688,7894.4590101242065,213
9613,83,112,0.05546099,10784.117058753967,170.48784565925598,7895.27344918251,213
9614,83,112,0.020230621,10785.227772951126,170.50493550300598,7896.092663049698,213
9615,83,112,0.070368744,10786.338997602463,170.5170295238495,7896.919816017151,213
9616,83,112,0.11259921,10787.475785017014,170.56016850471497,7897.74628329277,213
9617,83,112,0.080044,10788.603130102158,170.562073469162,7898.573457479477,213
9618,83,112,0.030752344,10789.72600030899,170.58845829963684,7899.39156126976,213
9619,83,112,0.07175153,10790.8348903656,170.5973982810974,7900.215239048004,213
9620,83,112,0.10060381,10791.96080994606,170.6299171447754,7901.0418610572815,213
9621,83,112,0.013370531,10793.082658290863,170.65376114845276,7901.865144968033,213
9622,83,112,0.00033995273,10794.21331858635,170.6853141784668,7902.688985109329,213
9623,83,112,0.11381173,10795.323459863663,170.69840025901794,7903.506932735443,213
9624,83,112,0.011517234,10796.42789888382,170.72106623649597,7904.324039697647,213
9625,83,112,0.018702485,10797.544331073761,170.72326827049255,7905.151485919952,213
9626,83,112,0.059305355,10798.65940117836,170.73708534240723,7905.970203876495,213
9627,83,112,0.013057062,10799.775862693787,170.74598336219788,7906.792762041092,213
9628,83,112,0.080896586,10800.89539384842,170.7590034008026,7907.61856508255,213
9629,83,112,0.04756208,10802.002497673035,170.76354336738586,7908.434298992157,213
9630,83,112,0.007029013,10803.122798204422,170.78425335884094,7909.249073982239,213
9631,83,112,0.19889405,10804.233009576797,170.78634643554688,7910.0769739151,213
9632,83,112,0.083754726,10805.349644184113,170.80962443351746,7910.897193670273,213
9633,83,112,0.00051672716,10806.469583034515,170.8232455253601,7911.721741914749,213
9634,83,112,0.0396654,10807.588640928268,170.8254315853119,7912.540603876114,213
9635,83,112,0.1907183,10808.705547094345,170.84358859062195,7913.360171794891,213
9636,83,112,0.075961,10809.825070142746,170.87969374656677,7914.180411577225,213
9637,83,113,0.10258443,10811.31465601921,171.2740397453308,7914.993793487549,213
9638,83,113,1.6763507e-06,10812.438467502594,171.29305267333984,7915.818690299988,213
9639,83,113,0.000425649,10813.558692455292,171.3082447052002,7916.637504339218,213
9640,83,113,3.19069e-05,10814.681205511093,171.32756280899048,7917.46237039566,213
9641,83,113,0.00011634831,10815.800307512283,171.3360559940338,7918.283094406128,213
9642,83,113,2.4399699e-06,10816.914165735245,171.35097098350525,7919.105321407318,213
9643,83,113,0.0011073573,10818.027132511139,171.3790590763092,7919.920684576035,213
9644,83,113,0.001849363,10819.153691291809,171.40187907218933,7920.735694646835,213
9645,83,113,2.1550297e-06,10820.273093223572,171.40484499931335,7921.563491821289,213
9646,83,113,0.012962732,10821.389624118805,171.43540906906128,7922.382604837418,213
9647,83,113,0.00452096,10822.519304037094,171.46072506904602,7923.208756685257,213
9648,83,113,0.005195928,10823.655734300613,171.46297907829285,7924.037332773209,213
9649,83,113,3.2863616e-05,10824.772408008575,171.4702341556549,7924.864633560181,213
9650,83,113,0.043597706,10825.89309835434,171.47232913970947,7925.690511703491,213
9651,83,113,0.00091091514,10827.005573034286,171.49233412742615,7926.507511615753,213
9652,83,113,4.136472e-05,10828.121319055557,171.52431511878967,7927.321912527084,213
9653,83,113,1.0237294e-05,10829.237691402435,171.5316710472107,7928.1401624679565,213
9654,83,113,0.0001624084,10830.34891986847,171.5337450504303,7928.957518577576,213
9655,83,113,0.027376695,10831.467057228088,171.55490803718567,7929.7780957221985,213
9656,83,113,0.0049541136,10832.575328826904,171.55668306350708,7930.596158981323,213
9657,83,113,0.0061606853,10833.694677591324,171.58686995506287,7931.418104171753,213
9658,83,113,0.00014707455,10834.819351911545,171.61591696739197,7932.2352430820465,213
9659,83,113,0.021482857,10835.955539226532,171.64249682426453,7933.06214594841,213
9660,83,113,0.00087793823,10837.067554473877,171.64684581756592,7933.87908577919,213
9661,83,113,0.09760546,10838.178206682205,171.65339875221252,7934.705540895462,213
9662,83,113,0.006599324,10839.288221359253,171.66898679733276,7935.533343791962,213
9663,83,113,0.0055024,10840.398029088974,171.67832374572754,7936.355881929398,213
9664,83,113,0.00015562832,10841.515524864197,171.68058562278748,7937.180001974106,213
9665,83,113,0.0004010253,10842.62168931961,171.6878697872162,7937.994698047638,213
9666,83,113,0.00045404187,10843.743969202042,171.69472360610962,7938.814091205597,213
9667,83,113,0.006828443,10844.865898132324,171.70268177986145,7939.630073070526,213
9668,83,113,0.0028600784,10845.984131097794,171.72451972961426,7940.4529848098755,213
9669,83,113,0.04373925,10847.102801561356,171.732914686203,7941.27467083931,213
9670,83,113,0.09409079,10848.225134849548,171.75969767570496,7942.095908880234,213
9671,83,113,0.08954207,10849.351691007614,171.78076148033142,7942.915291070938,213
9672,83,113,0.13020866,10850.455602169037,171.78275656700134,7943.736479759216,213
9673,83,113,0.0047416626,10851.579865932465,171.7926905155182,7944.55081987381,213
9674,83,113,0.001223322,10852.69564628601,171.7945795059204,7945.37522983551,213
9675,83,113,0.030230705,10853.82641363144,171.81986951828003,7946.198923826218,213
9676,83,113,0.10714326,10854.941519260406,171.82712769508362,7947.028151750565,213
9677,83,113,0.0026449645,10856.069338560104,171.82940864562988,7947.847270727158,213
9678,83,113,0.014789861,10857.18976020813,171.85400557518005,7948.661995887756,213
9679,83,113,0.0002076365,10858.31238746643,171.86017560958862,7949.480890750885,213
9680,83,113,0.007775833,10859.430792570114,171.86235451698303,7950.304706811905,213
9681,83,113,0.056608703,10860.550785541534,171.8643615245819,7951.136914730072,213
9682,83,113,0.12618487,10861.666150093079,171.8805923461914,7951.958085775375,213
9683,83,113,0.0028856779,10862.779495716095,171.88616943359375,7952.775573015213,213
9684,83,113,0.006169021,10863.885764837265,171.898841381073,7953.593172073364,213
9685,83,113,0.00799782,10864.99217581749,171.90484929084778,7954.407866001129,213
9686,83,113,0.037619587,10866.107914924622,171.91780829429626,7955.233150005341,213
9687,83,113,0.13696975,10867.223271846771,171.9416162967682,7956.046371936798,213
9688,83,113,0.006056407,10868.340966939926,171.96620631217957,7956.861018180847,213
9689,83,113,0.0010086908,10869.453290462494,171.98492813110352,7957.684551000595,213
9690,83,113,0.13621217,10870.573603630066,171.9917402267456,7958.502560138702,213
9691,83,113,0.0010367065,10871.680276632309,171.99370408058167,7959.328534126282,213
9692,83,113,0.022891182,10872.803617238998,172.01279997825623,7960.149918079376,213
9693,83,113,0.0047556004,10873.91808128357,172.02665901184082,7960.9681050777435,213
9694,83,113,0.12502009,10875.043379068375,172.05719804763794,7961.793349027634,213
9695,83,113,0.008420161,10876.158260583878,172.083416223526,7962.6101360321045,213
9696,83,113,0.0045028785,10877.275684833527,172.10658025741577,7963.421869754791,213
9697,83,113,0.062590905,10878.401185750961,172.14237546920776,7964.245239019394,213
9698,83,113,0.06855739,10879.521515846252,172.16022562980652,7965.067370891571,213
9699,83,113,0.04083647,10880.644523620605,172.16213369369507,7965.895052909851,213
9700,83,113,0.24699426,10881.760710477829,172.17610478401184,7966.711971998215,213
9701,83,113,0.0076578916,10882.88196182251,172.21041464805603,7967.534508943558,213
9702,83,113,0.13826397,10883.988235712051,172.22511053085327,7968.356831550598,213
9703,83,113,0.03575286,10885.099118709564,172.23020768165588,7969.175726652145,213
9704,83,113,0.0025325795,10886.214237689972,172.24355173110962,7969.993760585785,213
9705,83,113,0.0039498094,10887.348301649094,172.24543070793152,7970.82310461998,213
9706,83,114,0.00036419847,10888.854016780853,172.64123439788818,7971.642446756363,213
9707,83,114,0.003743869,10889.974174976349,172.67203950881958,7972.461652755737,213
9708,83,114,3.3503668e-05,10891.082382917404,172.68324446678162,7973.286874055862,213
9709,83,114,8.7853296e-05,10892.205847978592,172.70769143104553,7974.102623939514,213
9710,83,114,0.00044809852,10893.31210398674,172.70945048332214,7974.922945737839,213
9711,83,114,0.00019112024,10894.429259061813,172.724276304245,7975.74672794342,213
9712,83,114,2.4336485e-05,10895.556919336319,172.72625041007996,7976.57066822052,213
9713,83,114,7.436937e-05,10896.678568601608,172.72798037528992,7977.401146173477,213
9714,83,114,5.3113938e-05,10897.790384054184,172.7327332496643,7978.225983142853,213
9715,83,114,0.00010203032,10898.895276546478,172.7347490787506,7979.045827865601,213
9716,83,114,0.034046076,10900.018582820892,172.74997520446777,7979.871666908264,213
9717,83,114,1.4283597e-05,10901.123859643936,172.7576642036438,7980.695031881332,213
9718,83,114,1.0453133e-05,10902.241498470306,172.77298426628113,7981.518975019455,213
9719,83,114,0.00063306215,10903.35354423523,172.78700232505798,7982.3397080898285,213
9720,83,114,0.00018684869,10904.47109246254,172.79804348945618,7983.167629957199,213
9721,83,114,8.865852e-05,10905.581385612488,172.80029249191284,7983.985646009445,213
9722,83,114,0.0049819597,10906.705141067505,172.80220651626587,7984.818079948425,213
9723,83,114,0.0008009401,10907.816418647766,172.81646871566772,7985.638250827789,213
9724,83,114,0.00027458774,10908.921466827393,172.82820677757263,7986.4584608078,213
9725,84,114,0.032499824,10909.948895215988,172.8305287361145,7987.275723695755,213
9726,84,114,0.00016737464,10911.066007614136,172.8617238998413,7988.101536512375,213
9727,84,114,5.3026615e-06,10912.183419942856,172.8638939857483,7988.919736623764,213
9728,84,114,3.7539736e-05,10913.301760911942,172.8656620979309,7989.748010396957,213
9729,84,114,0.015725197,10914.420029640198,172.8849880695343,7990.56311750412,213
9730,84,114,2.5126317e-06,10915.54304265976,172.89561700820923,7991.386023521423,213
9731,84,114,1.3656714e-05,10916.654814004898,172.9081530570984,7992.207759380341,213
9732,84,114,0.00034840062,10917.770102739334,172.9190390110016,7993.04100227356,213
9733,84,114,5.4935244e-05,10918.894359350204,172.92112588882446,7993.8597412109375,213
9734,84,114,8.4318366e-05,10920.014922618866,172.92305898666382,7994.688938379288,213
9735,84,114,3.422595e-05,10921.138955116272,172.95370602607727,7995.505197525024,213
9736,84,114,0.00011000953,10922.244853019714,172.95609593391418,7996.3298144340515,213
9737,84,114,0.002020937,10923.375361204147,172.98060989379883,7997.154994249344,213
9738,84,114,0.0007898179,10924.491662740707,172.9848427772522,7997.982739210129,213
9739,84,114,7.95806e-06,10925.616413354874,173.00055766105652,7998.8040182590485,213
9740,84,114,9.7930366e-05,10926.728567361832,173.01420068740845,7999.618587255478,213
9741,84,114,5.095146e-05,10927.851943731308,173.03126454353333,8000.438323020935,213
9742,84,114,0.00026605694,10928.965205192566,173.03800249099731,8001.254467010498,213
9743,84,114,0.00039813027,10930.08563542366,173.05748653411865,8002.079238176346,213
9744,84,114,0.015015737,10931.207102775574,173.0708146095276,8002.907288074493,213
9745,84,114,0.00052271737,10932.319829463959,173.08771061897278,8003.731167078018,213
9746,84,114,0.00015738052,10933.43456864357,173.0915777683258,8004.557522058487,213
9747,84,114,4.55986e-05,10934.562485218048,173.1194667816162,8005.379261016846,213
9748,84,114,0.0001525301,10935.670220851898,173.12379264831543,8006.201231718063,213
9749,84,115,0.0016314221,10937.17965888977,173.52926659584045,8007.016508579254,213
9750,84,115,4.568764e-06,10938.309838533401,173.56992173194885,8007.835017681122,213
9751,84,115,0.00011998317,10939.430270910263,173.57530069351196,8008.66587138176,213
9752,84,115,0.00022965037,10940.54743719101,173.59336185455322,8009.484407663345,213
9753,84,115,2.5219313e-06,10941.669072151184,173.5953118801117,8010.305011749268,213
9754,84,115,3.368689e-05,10942.796602010727,173.62639498710632,8011.12214589119,213
9755,84,115,2.9186792e-06,10943.922790765762,173.64874982833862,8011.948029994965,213
9756,84,115,8.304999e-06,10945.039587974548,173.65645170211792,8012.773846149445,213
9757,84,115,1.6982698e-05,10946.152778625488,173.6663806438446,8013.59407043457,213
9758,84,115,2.8587603e-05,10947.268307447433,173.67398476600647,8014.421497344971,213
9759,84,115,2.6851874e-05,10948.385982513428,173.68078064918518,8015.248224258423,213
9760,84,115,2.9038627e-05,10949.508268356323,173.68263864517212,8016.08486199379,213
9761,84,115,6.161765e-05,10950.640889644623,173.70744276046753,8016.910443782806,213
9762,84,115,0.00013298364,10951.759412050247,173.7106637954712,8017.734340906143,213
9763,84,115,1.8092082e-05,10952.871217250824,173.72546291351318,8018.556478738785,213
9764,84,115,2.8478648e-06,10953.987934112549,173.73137283325195,8019.384304523468,213
9765,84,115,3.609732e-05,10955.107351064682,173.77427577972412,8020.2016813755035,213
9766,84,115,4.164736e-06,10956.227563142776,173.7764377593994,8021.018522262573,213
9767,84,115,6.531075e-06,10957.341697454453,173.78397369384766,8021.843578338623,213
9768,84,115,1.3077011e-05,10958.458678245544,173.8069076538086,8022.661316394806,213
9769,84,115,1.1724464e-05,10959.575501203537,173.8089416027069,8023.481397390366,213
9770,84,115,0.0027367412,10960.686830759048,173.81578850746155,8024.311730384827,213
9771,84,115,0.000112015725,10961.827600955963,173.8633575439453,8025.130962610245,213
9772,84,115,0.00017814577,10962.963579654694,173.89596843719482,8025.949326515198,213
9773,84,115,6.0162967e-07,10964.08564400673,173.9283106327057,8026.7729914188385,213
9774,84,115,0.00066606957,10965.203113555908,173.93679571151733,8027.59703040123,213
9775,84,115,2.0302784e-07,10966.323795080185,173.97317171096802,8028.412305355072,213
9776,84,115,5.196766e-07,10967.447629451752,173.97545957565308,8029.235577344894,213
9777,84,115,0.00036664528,10968.559684991837,173.99501156806946,8030.054977178574,213
9778,84,115,6.189163e-05,10969.67719912529,173.9970326423645,8030.87867307663,213
9779,84,115,5.965933e-05,10970.796040773392,173.99885869026184,8031.700395107269,213
9780,84,115,9.51684e-06,10971.91412782669,174.02265667915344,8032.52031993866,213
9781,84,115,2.4605058e-06,10973.018179655075,174.02822756767273,8033.345374107361,213
9782,84,115,0.00022896417,10974.142575025558,174.03017044067383,8034.162838459015,213
9783,84,115,0.00023784401,10975.268335103989,174.06445145606995,8034.990530490875,213
9784,84,115,6.384625e-05,10976.390710115433,174.0846664905548,8035.820329666138,213
9785,84,115,7.932237e-06,10977.504342317581,174.09240055084229,8036.64385175705,213
9786,84,115,1.1539889e-05,10978.617289304733,174.1141073703766,8037.465253829956,213
9787,84,115,0.00035984747,10979.737455368042,174.13155937194824,8038.291590690613,213
9788,84,115,2.5718495e-05,10980.847482681274,174.1343514919281,8039.109001874924,213
9789,84,115,2.844397e-05,10981.970059871674,174.1684124469757,8039.924050807953,213
9790,84,115,3.914821e-06,10983.0833568573,174.1857304573059,8040.743490695953,213
9791,84,115,3.72808e-05,10984.184985637665,174.19855737686157,8041.570702552795,213
9792,84,115,4.870502e-06,10985.303237438202,174.20045518875122,8042.397804737091,213
9793,84,115,9.363377e-06,10986.420169115067,174.20241928100586,8043.22044968605,213
9794,84,115,6.854447e-07,10987.538779735565,174.22781109809875,8044.033929824829,213
9795,84,115,4.9911225e-05,10988.647871255875,174.232901096344,8044.857127666473,213
9796,84,115,2.8239861e-05,10989.7787463665,174.26470112800598,8045.679455757141,213
9797,84,115,2.4349609e-05,10990.887301921844,174.2671341896057,8046.500988006592,213
9798,84,115,6.069492e-05,10992.018538951874,174.30007529258728,8047.316404104233,213
9799,84,115,2.8961924e-06,10993.142419099808,174.32876634597778,8048.135022163391,213
9800,84,115,5.6639627e-05,10994.276598930359,174.33098030090332,8048.958920001984,213
9801,84,115,4.861489e-07,10995.39747929573,174.33310341835022,8049.7853808403015,213
9802,84,115,2.495929e-07,10996.529593229294,174.35697531700134,8050.599361896515,213
9803,84,115,4.698858e-06,10997.641028165817,174.35970735549927,8051.424206733704,213
9804,84,115,0.0011708746,10998.752801656723,174.38025331497192,8052.247730731964,213
9805,84,115,0.00013743484,10999.877867937088,174.4175283908844,8053.063591957092,213
9806,84,115,3.3154885e-07,11000.998509168625,174.44367146492004,8053.8860630989075,213
9807,84,115,1.4440647e-05,11002.12968802452,174.4717824459076,8054.715120077133,213
9808,84,115,0.0015724708,11003.258124828339,174.4879994392395,8055.540498018265,213
9809,84,115,8.340305e-05,11004.369894266129,174.49076342582703,8056.354392051697,213
9810,84,115,7.889214e-06,11005.5351729393,174.55216145515442,8057.173628330231,213
9811,84,115,1.3391931e-06,11006.665642023087,174.5542914867401,8058.024461269379,213
9812,84,115,0.00050310016,11007.786333084106,174.57600355148315,8058.848347425461,213
9813,84,115,1.6950047e-07,11008.899529218674,174.5843014717102,8059.675005674362,213
9814,84,115,5.1829825e-06,11010.015459775925,174.59525847434998,8060.493241786957,213
9815,84,115,2.7482793e-05,11011.141007900238,174.6254506111145,8061.310407876968,213
9816,84,115,2.0302706e-07,11012.24850153923,174.62964057922363,8062.128949165344,213
9817,84,115,3.539024e-08,11013.362721681595,174.63161444664001,8062.952459096909,213
9818,84,115,5.3271344e-07,11014.483610630035,174.64034342765808,8063.781059026718,213
9819,84,115,3.7252778e-07,11015.610567331314,174.6762523651123,8064.598373174667,213
9820,84,115,2.1371927e-05,11016.727190732956,174.68200159072876,8065.427047014236,213
9821,84,115,0.00020370806,11017.844975948334,174.68421959877014,8066.262152194977,213
9822,84,115,3.2295443e-06,11018.967635631561,174.7012324333191,8067.082300901413,213
9823,84,115,4.5294573e-06,11020.090598344803,174.71119928359985,8067.904307842255,213
9824,84,116,3.0300367e-05,11021.590368270874,175.09697437286377,8068.724875926971,213
9825,84,116,4.0008317e-06,11022.726571083069,175.12397527694702,8069.546980857849,213
9826,84,116,0.0011758751,11023.840528726578,175.1334433555603,8070.365265846252,213
9827,84,116,0.0042520324,11024.96381187439,175.13575053215027,8071.186487674713,213
9828,84,116,0.00010001885,11026.0900349617,175.13765168190002,8072.012376785278,213
9829,84,116,0.00016673509,11027.21309876442,175.15206170082092,8072.834904909134,213
9830,84,116,0.00050836056,11028.339630365372,175.16030883789062,8073.6546268463135,213
9831,84,116,2.2220274e-06,11029.456554889679,175.16257286071777,8074.4789707660675,213
9832,84,116,4.4029224e-05,11030.585164546967,175.17646503448486,8075.297092914581,213
9833,84,116,0.0001978215,11031.712823867798,175.17839312553406,8076.125500679016,213
9834,84,116,8.349538e-05,11032.837369918823,175.19837832450867,8076.941829919815,213
9835,84,116,4.229287e-05,11033.952115774155,175.21363425254822,8077.769113779068,213
9836,84,116,0.00013707578,11035.075268507004,175.22100520133972,8078.586840867996,213
9837,84,116,0.0005863945,11036.185364484787,175.2231740951538,8079.410609960556,213
9838,84,116,7.696959e-06,11037.295581579208,175.23832416534424,8080.2280559539795,213
9839,84,116,0.0002760116,11038.410952329636,175.2440161705017,8081.056986093521,213
9840,84,116,1.6371603e-05,11039.52217411995,175.25233602523804,8081.877850055695,213
9841,84,116,3.607804e-06,11040.634001255035,175.2666721343994,8082.705013036728,213
9842,85,116,5.2472195e-05,11041.65683054924,175.26927018165588,8083.52136182785,213
9843,85,116,6.886461e-05,11042.769639730453,175.27818512916565,8084.335505723953,213
9844,85,116,2.901707e-05,11043.887639760971,175.28580832481384,8085.161508798599,213
9845,85,116,6.246804e-06,11045.002593755722,175.28791117668152,8085.989124774933,213
9846,85,116,0.00017959437,11046.125420808792,175.30797219276428,8086.805780887604,213
9847,85,116,4.496106e-06,11047.247010469437,175.32053422927856,8087.621159791946,213
9848,85,116,4.8453086e-05,11048.363733768463,175.3379681110382,8088.44246673584,213
9849,85,116,1.3277041e-05,11049.47779583931,175.35927724838257,8089.260259628296,213
9850,85,116,2.6957707e-05,11050.59234881401,175.3613474369049,8090.082874536514,213
9851,85,116,7.726847e-05,11051.69875216484,175.37605047225952,8090.904064655304,213
9852,85,116,0.00016667812,11052.807597637177,175.3816213607788,8091.724692583084,213
9853,85,116,0.0039524054,11053.926027536392,175.39046239852905,8092.551696300507,213
9854,85,116,1.341333e-05,11055.037863969803,175.39550733566284,8093.374011516571,213
9855,85,116,0.00010432648,11056.156380414963,175.40776443481445,8094.194736480713,213
9856,85,116,9.079747e-06,11057.26681303978,175.4097204208374,8095.02104139328,213
9857,85,116,0.0001850777,11058.390645742416,175.4238874912262,8095.843987703323,213
9858,85,116,2.4735105e-05,11059.50963139534,175.43124866485596,8096.66055059433,213
9859,85,116,1.9493917e-05,11060.632809877396,175.45052671432495,8097.483283519745,213
9860,85,116,2.9893563e-06,11061.74510884285,175.4575228691101,8098.2966203689575,213
9861,85,116,6.071734e-06,11062.858754634857,175.47341585159302,8099.114842414856,213
9862,85,116,1.0115187e-05,11063.975240707397,175.5056369304657,8099.933428525925,213
9863,85,116,4.6113044e-05,11065.087283849716,175.51044297218323,8100.755494356155,213
9864,85,116,3.1515056e-06,11066.206634521484,175.51224398612976,8101.5841953754425,213
9865,85,116,2.286676e-05,11067.332972288132,175.53598809242249,8102.407416343689,213
9866,85,116,0.0001600598,11068.448477506638,175.54037308692932,8103.227416276932,213
9867,85,116,8.337985e-06,11069.562548160553,175.5592920780182,8104.052947044373,213
9868,85,116,9.369195e-05,11070.684267997742,175.59339213371277,8104.871794223785,213
9869,85,116,0.00014543766,11071.79187631607,175.59866523742676,8105.692332267761,213
9870,85,116,9.217289e-06,11072.90993309021,175.61768317222595,8106.513644218445,213
9871,85,116,6.89178e-08,11074.029942035675,175.63514018058777,8107.330634355545,213
9872,85,116,1.2908021e-06,11075.128024339676,175.63732409477234,8108.146507263184,213
9873,85,116,3.742656e-05,11076.260566234589,175.67844104766846,8108.965087413788,213
9874,85,116,3.184592e-05,11077.380283355713,175.7019989490509,8109.784793376923,213
9875,85,116,1.270309e-06,11078.489924907684,175.71821212768555,8110.61114525795,213
9876,85,117,3.4605498e-06,11080.012355804443,176.1258099079132,8111.423176527023,213
9877,85,117,9.395859e-06,11081.134712934494,176.12790489196777,8112.253361463547,213
9878,85,117,1.9501458e-06,11082.249587059021,176.12984800338745,8113.077256441116,213
9879,85,117,9.272528e-06,11083.368316173553,176.1511549949646,8113.903134584427,213
9880,85,117,0.0010315975,11084.4885430336,176.15749502182007,8114.733491420746,213
9881,85,117,6.5133277e-06,11085.602590799332,176.15947794914246,8115.549818277359,213
9882,85,117,9.0939475e-06,11086.711079359055,176.1614317893982,8116.37362241745,213
9883,85,117,2.531273e-06,11087.839715480804,176.19230890274048,8117.200000524521,213
9884,85,117,5.3026506e-06,11088.947901010513,176.20472288131714,8118.018420219421,213
9885,85,117,3.0303358e-06,11090.073985099792,176.2214639186859,8118.841525316238,213
9886,85,117,0.0001180892,11091.174830436707,176.22658491134644,8119.655793428421,213
9887,85,117,0.001879139,11092.294980764389,176.26304292678833,8120.476673603058,213
9888,85,117,3.9689407e-05,11093.410477638245,176.27627992630005,8121.305676698685,213
9889,85,117,2.0252392e-05,11094.515706539154,176.28431487083435,8122.1260488033295,213
9890,85,117,3.9792252e-05,11095.626638889313,176.3024468421936,8122.946506023407,213
9891,85,117,9.488495e-05,11096.740791082382,176.31485867500305,8123.771212816238,213
9892,85,117,0.00016015582,11097.850461959839,176.33900380134583,8124.588474988937,213
9893,85,117,1.439776e-06,11098.95740556717,176.34558486938477,8125.4104180336,213
9894,85,117,3.3442117e-05,11100.062786340714,176.3476119041443,8126.228266954422,213
9895,85,117,6.99502e-05,11101.184838533401,176.3496470451355,8127.048317909241,213
9896,85,117,0.00020105149,11102.30173921585,176.3516390323639,8127.877218961716,213
9897,85,117,2.7345803e-05,11103.417707443237,176.3535041809082,8128.696952819824,213
9898,85,117,2.2347662e-05,11104.534029006958,176.355571269989,8129.5239634513855,213
9899,85,117,8.038649e-06,11105.660098314285,176.38264417648315,8130.345978498459,213
9900,85,117,7.2553003e-06,11106.779015541077,176.39287114143372,8131.164173603058,213
9901,85,117,0.0023065757,11107.887555360794,176.40390515327454,8131.980569601059,213
9902,85,117,0.00058977486,11109.003737211227,176.4059031009674,8132.811812639236,213
9903,85,117,9.527214e-06,11110.129781484604,176.40792322158813,8133.644733667374,213
9904,85,117,4.6601617e-06,11111.24496626854,176.4219331741333,8134.473569869995,213
9905,85,117,2.5817568e-05,11112.359848499298,176.4238681793213,8135.292948961258,213
9906,85,117,5.6685087e-05,11113.470905303955,176.4404182434082,8136.109676122665,213
9907,85,117,0.0017442215,11114.57944560051,176.44537210464478,8136.937059164047,213
9908,85,117,0.0011846966,11115.692298173904,176.44905614852905,8137.76033616066,213
9909,85,117,1.4116801e-05,11116.80146741867,176.45612215995789,8138.585588216782,213
9910,85,117,4.840531e-06,11117.927309274673,176.48113894462585,8139.4111750125885,213
9911,85,117,2.114023e-06,11119.043819189072,176.50772500038147,8140.2317950725555,213
9912,85,117,9.096479e-06,11120.171033620834,176.51855301856995,8141.061529874802,213
9913,85,117,3.552521e-05,11121.282527208328,176.5351161956787,8141.879326105118,213
9914,85,117,1.8253866e-07,11122.40141415596,176.54209208488464,8142.699541091919,213
9915,85,117,1.2609971e-06,11123.52291059494,176.56140303611755,8143.519339084625,213
9916,85,117,0.0003786812,11124.638731241226,176.5806441307068,8144.3413763046265,213
9917,85,117,1.5480598e-05,11125.759109020233,176.58233904838562,8145.169460058212,213
9918,85,117,5.0519644e-05,11126.867195606232,176.58543395996094,8145.99853014946,213
9919,85,117,1.5339505e-05,11127.996092557907,176.61428308486938,8146.82687330246,213
9920,85,117,3.5203897e-07,11129.120162010193,176.61620020866394,8147.649701118469,213
9921,85,117,9.395118e-05,11130.24070572853,176.6181981563568,8148.47430229187,213
9922,85,117,2.948352e-06,11131.370390415192,176.65435028076172,8149.29226732254,213
9923,85,117,2.0898312e-06,11132.476486682892,176.6631681919098,8150.109344482422,213
9924,85,117,0.00013071732,11133.582087039948,176.6651692390442,8150.93551325798,213
9925,85,117,0.00036456145,11134.69707107544,176.67596125602722,8151.756685495377,213
9926,85,117,1.0184345e-05,11135.808944225311,176.6783332824707,8152.580371618271,213
9927,85,117,3.264964e-06,11136.92967247963,176.69365620613098,8153.404554367065,213
9928,85,117,6.665383e-06,11138.038982152939,176.70764017105103,8154.226973295212,213
9929,85,117,1.4416623e-06,11139.151408433914,176.7174952030182,8155.053563117981,213
9930,85,117,1.9722942e-05,11140.272691726685,176.74470925331116,8155.8678731918335,213
9931,85,117,5.5240403e-06,11141.38798379898,176.75099325180054,8156.687868118286,213
9932,85,117,4.5741394e-06,11142.522816181183,176.75302624702454,8157.512152194977,213
9933,85,117,2.5163417e-05,11143.65382361412,176.77994418144226,8158.332510948181,213
9934,85,117,0.00053491426,11144.761810302734,176.78654408454895,8159.1475150585175,213
9935,85,117,0.0017672649,11145.882969141006,176.7880871295929,8159.968100786209,213
9936,85,117,1.6036993e-06,11146.999217748642,176.7958381175995,8160.790333986282,213
9937,85,117,4.0991996e-05,11148.114812612534,176.7977831363678,8161.620060920715,213
9938,85,117,1.3443083e-05,11149.223063707352,176.81298923492432,8162.443333864212,213
9939,85,117,0.00014425539,11150.346306324005,176.822092294693,8163.267033815384,213
9940,85,117,0.0033427652,11151.46609210968,176.82424235343933,8164.093487977982,213
9941,85,117,1.71355e-06,11152.589485168457,176.83632230758667,8164.919811964035,213
9942,85,117,7.400509e-06,11153.708312988281,176.83824229240417,8165.743646860123,213
9943,85,117,9.0337176e-07,11154.829248666763,176.84029817581177,8166.569546699524,213
9944,85,117,7.636837e-08,11155.948373556137,176.84236812591553,8167.38703584671,213
9945,85,117,0.00020836588,11157.06491470337,176.8444380760193,8168.214396715164,213
9946,85,117,2.8312098e-07,11158.180504322052,176.84656810760498,8169.039061784744,213
9947,85,117,6.562589e-05,11159.299233436584,176.8554332256317,8169.853513717651,213
9948,85,117,5.0079616e-05,11160.4228682518,176.8779113292694,8170.669942855835,213
9949,85,117,2.5908237e-06,11161.524408102036,176.88461136817932,8171.481549978256,213
9950,85,117,6.950597e-05,11162.64236998558,176.88628220558167,8172.303223848343,213
9951,85,117,2.4157885e-06,11163.768895149231,176.90830421447754,8173.129206895828,213
9952,85,117,6.2628465e-06,11164.889800548553,176.92082619667053,8173.95366191864,213
9953,85,117,1.2107168e-07,11166.01462316513,176.9226632118225,8174.777902126312,213
9954,85,117,5.4124766e-06,11167.126908302307,176.93077635765076,8175.588047027588,213
9955,85,117,5.9045396e-07,11168.242491483688,176.94725036621094,8176.413161993027,213
9956,85,117,1.057673e-05,11169.35555768013,176.96435832977295,8177.234622955322,213
9957,85,117,2.402055e-05,11170.47543644905,176.97215342521667,8178.064529180527,213
9958,85,117,1.7078695e-05,11171.592725992203,176.97420859336853,8178.891289234161,213
9959,86,117,7.0783854e-06,11172.615093708038,176.9761815071106,8179.715106248856,213
9960,86,117,7.823105e-08,11173.746165513992,176.97831058502197,8180.538591384888,213
9961,86,117,3.6859437e-06,11174.885494470596,177.00808453559875,8181.360727548599,213
9962,86,117,2.6299588e-06,11176.015728712082,177.02765560150146,8182.187832593918,213
9963,86,117,1.04864e-06,11177.122333288193,177.04320359230042,8183.000611782074,213
9964,86,117,1.0784449e-06,11178.243751525879,177.05258965492249,8183.823175668716,213
9965,86,117,0.0001866424,11179.369713306427,177.07320165634155,8184.642459630966,213
9966,86,117,1.0627942e-05,11180.492904663086,177.0978467464447,8185.464996814728,213
9967,86,117,2.114018e-06,11181.600961208344,177.10433864593506,8186.281477928162,213
9968,86,117,3.3527595e-08,11182.721225976944,177.1222858428955,8187.102840900421,213
9969,86,117,4.025106e-05,11183.83511853218,177.13794565200806,8187.927835941315,213
9970,86,117,1.4514696e-05,11184.955588579178,177.1589117050171,8188.751740932465,213
9971,86,117,2.6077027e-08,11186.060997247696,177.16105771064758,8189.570451974869,213
9972,86,117,2.2592526e-06,11187.178462266922,177.1770257949829,8190.391516208649,213
9973,86,117,3.9674222e-07,11188.283668756485,177.1788628101349,8191.2067012786865,213
9974,86,117,4.8590605e-06,11189.403277397156,177.2001829147339,8192.024241447449,213
9975,86,117,1.4714881e-07,11190.521483182907,177.22242784500122,8192.84228849411,213
9976,86,117,8.1209455e-06,11191.636824131012,177.22483086585999,8193.665308475494,213
9977,86,117,0.0010304117,11192.755658626556,177.23965787887573,8194.494410276413,213
9978,86,117,2.8125854e-07,11193.876074552536,177.26010584831238,8195.310745477676,213
9979,86,117,1.2889187e-06,11194.98892235756,177.265634059906,8196.130274295807,213
9980,86,117,7.56652e-06,11196.124854803085,177.3110990524292,8196.950756311417,213
9981,86,117,1.9185147e-07,11197.226668834686,177.31370210647583,8197.781533241272,213
9982,86,117,1.4528602e-07,11198.340111494064,177.32409596443176,8198.605904102325,213
9983,86,117,1.9185218e-07,11199.459725141525,177.32620692253113,8199.428815126419,213
9984,86,117,1.3597285e-07,11200.58864569664,177.34803986549377,8200.243058919907,213
9985,86,117,1.311285e-06,11201.712551116943,177.3524148464203,8201.067147016525,213
9986,86,117,2.1706252e-05,11202.82064962387,177.37141370773315,8201.888828992844,213
9987,86,117,2.4095729e-05,11203.936493873596,177.4075677394867,8202.703699111938,213
9988,86,117,5.178126e-07,11205.052859306335,177.43417263031006,8203.525027990341,213
9989,86,118,1.508737e-07,11206.565655946732,177.82955050468445,8204.355087041855,213
9990,86,118,2.856232e-05,11207.693509817123,177.83804059028625,8205.182769060135,213
9991,86,118,3.3823312e-06,11208.811699867249,177.85484862327576,8206.000645160675,213
9992,86,118,0.00037576916,11209.931874275208,177.86689352989197,8206.832725048065,213
9993,86,118,1.5681877e-05,11211.042099952698,177.87675046920776,8207.661883115768,213
9994,86,118,3.7216378e-05,11212.156753063202,177.90177750587463,8208.482424259186,213
9995,86,118,1.0184995e-05,11213.273068666458,177.924786567688,8209.304874420166,213
9996,86,118,8.512185e-07,11214.395424127579,177.92683672904968,8210.127882242203,213
9997,86,118,2.715949e-05,11215.505489110947,177.95282578468323,8210.94320654869,213
9998,86,118,3.6579622e-06,11216.624208450317,177.97507071495056,8211.76963853836,213
9999,86,118,0.000116013165,11217.74477648735,178.00540161132812,8212.589302301407,213
10000,86,118,7.431472e-06,11218.859963655472,178.00721549987793,8213.400291442871,213
10001,86,118,9.964983e-07,11219.975688457489,178.02693843841553,8214.216329336166,213
10002,86,118,0.0002977044,11221.07929801941,178.03820252418518,8215.033772230148,213
10003,86,118,3.45137e-06,11222.206092596054,178.04850268363953,8215.8642141819,213
10004,86,118,1.4534338e-05,11223.3216278553,178.05025577545166,8216.686360120773,213
10005,86,118,1.7688635e-05,11224.434936761856,178.06064891815186,8217.511978149414,213
10006,86,118,8.0651523e-07,11225.555664539337,178.0831778049469,8218.328179359436,213
10007,86,118,9.141516e-05,11226.671122312546,178.08507180213928,8219.151881456375,213
10008,86,118,2.6393489e-05,11227.7886698246,178.086984872818,8219.97731924057,213
10009,86,118,7.862702e-06,11228.916932582855,178.09872102737427,8220.80547118187,213
10010,86,118,0.00013779625,11230.030193805695,178.11057090759277,8221.624321222305,213
10011,86,118,5.5861874e-05,11231.139895915985,178.13455986976624,8222.443201065063,213
10012,86,118,1.407563e-05,11232.258573770523,178.1546928882599,8223.253885269165,213
10013,86,118,4.9262868e-05,11233.379530191422,178.16348099708557,8224.077179908752,213
10014,86,118,3.706649e-07,11234.516012191772,178.17653799057007,8224.902926206589,213
10015,86,118,4.755161e-06,11235.633843421936,178.17866206169128,8225.72872209549,213
10016,86,118,3.0816118e-05,11236.7444729805,178.18645095825195,8226.551160097122,213
10017,86,118,0.0011839969,11237.859004735947,178.1884560585022,8227.378866910934,213
10018,86,118,1.3113607e-05,11238.984421491623,178.214359998703,8228.201718091965,213
10019,86,118,0.00016481892,11240.099669218063,178.21631908416748,8229.031790018082,213
10020,86,118,2.4267654e-05,11241.214602470398,178.23746514320374,8229.85180926323,213
10021,86,118,7.3469637e-06,11242.32158279419,178.261479139328,8230.66898727417,213
10022,86,118,8.296343e-06,11243.442547559738,178.2787642478943,8231.49608039856,213
10023,86,118,2.698893e-05,11244.559866189957,178.2914011478424,8232.318258523941,213
10024,86,118,3.9867376e-05,11245.683055877686,178.29354619979858,8233.145325422287,213
10025,86,118,1.0244537e-07,11246.795521974564,178.318922996521,8233.964566469193,213
10026,86,118,1.18607095e-05,11247.91097998619,178.32845401763916,8234.788899421692,213
10027,86,118,9.176233e-06,11249.027819633484,178.33380818367004,8235.607891321182,213
10028,86,118,0.0017167949,11250.14351439476,178.33584213256836,8236.427657365799,213
10029,86,118,1.44271025e-05,11251.265836238861,178.33794713020325,8237.249592542648,213
10030,86,118,8.744697e-06,11252.37681221962,178.34624409675598,8238.066127538681,213
10031,86,118,0.00011344306,11253.491010665894,178.35772824287415,8238.883393287659,213
10032,86,118,3.0955662e-06,11254.609425544739,178.35962438583374,8239.706696033478,213
10033,86,118,3.720317e-05,11255.73335814476,178.37015342712402,8240.540237903595,213
10034,86,118,7.7299023e-07,11256.853438854218,178.3869411945343,8241.368296861649,213
10035,86,118,1.786215e-06,11257.966877698898,178.39201998710632,8242.191925764084,213
10036,86,118,1.6002263e-05,11259.083371162415,178.399799823761,8243.019894838333,213
10037,86,118,1.9789955e-05,11260.2061419487,178.40264797210693,8243.842780828476,213
10038,86,118,7.0004535e-05,11261.321344852448,178.41316890716553,8244.66669178009,213
10039,86,118,3.659889e-06,11262.440057754517,178.4152717590332,8245.49407863617,213
10040,86,118,0.0040591704,11263.558007001877,178.42505168914795,8246.323712587357,213
10041,86,118,5.4625775e-06,11264.67642235756,178.4395706653595,8247.143798351288,213
10042,86,118,4.3077263e-05,11265.796001195908,178.45502758026123,8247.96793437004,213
10043,86,118,1.2600747e-05,11266.905786514282,178.4646556377411,8248.791131019592,213
10044,86,119,0.00013755175,11268.389320611954,178.84818482398987,8249.607481241226,213
10045,86,119,0.000146424,11269.514107942581,178.85012793540955,8250.434316158295,213
10046,86,119,0.0003725122,11270.632033586502,178.85195994377136,8251.264724254608,213
10047,86,119,0.00010204318,11271.758895158768,178.8818919658661,8252.082248210907,213
10048,86,119,8.5394975e-05,11272.872394800186,178.91239404678345,8252.897985458374,213
10049,86,119,0.00012775825,11273.991650104523,178.93479800224304,8253.723400354385,213
10050,86,119,0.00019868641,11275.097752571106,178.94290709495544,8254.54192352295,213
10051,86,119,0.0020036413,11276.210593223572,178.94795322418213,8255.36673283577,213
10052,86,119,0.0029860418,11277.317467689514,178.96538543701172,8256.18373465538,213
10053,86,119,6.338947e-05,11278.422068595886,178.96745824813843,8256.99826669693,213
10054,86,119,9.487411e-06,11279.539757490158,178.99482822418213,8257.816187620163,213
10055,86,119,5.1055697e-05,11280.67048573494,178.99702715873718,8258.641899585724,213
10056,86,119,0.00012432714,11281.7813975811,179.00380301475525,8259.464052677155,213
10057,86,119,8.542317e-05,11282.90331029892,179.00596499443054,8260.291038751602,213
10058,86,119,5.5745368e-06,11284.017449378967,179.01418495178223,8261.110798835754,213
10059,86,119,9.0061985e-06,11285.133614778519,179.02409887313843,8261.927276849747,213
10060,86,119,1.0683198e-05,11286.244839668274,179.03649377822876,8262.740293979645,213
10061,86,119,2.7792332e-05,11287.360623121262,179.05902886390686,8263.553457021713,213
10062,86,119,0.0010065567,11288.481816291809,179.079354763031,8264.376965999603,213
10063,86,119,0.0005200335,11289.603925704956,179.0812268257141,8265.208088159561,213
10064,86,119,4.096402e-05,11290.726090431213,179.08325386047363,8266.032157182693,213
10065,86,119,8.7433975e-05,11291.843611001968,179.08525204658508,8266.854340076447,213
10066,86,119,0.00011550137,11292.944650411606,179.0951108932495,8267.669995069504,213
10067,86,119,0.00019149616,11294.060895442963,179.12241983413696,8268.486062049866,213
10068,86,119,7.1704753e-06,11295.174862146378,179.1394908428192,8269.305185079575,213
10069,86,119,8.190973e-06,11296.385463237762,179.24866580963135,8270.133691310883,213
10070,86,119,1.3681471e-05,11297.556701898575,179.30705165863037,8270.957292318344,213
10071,86,119,0.00020568684,11298.7321870327,179.3705916404724,8271.774918317795,213
10072,86,119,2.4218047e-05,11299.887613296509,179.4340717792511,8272.598737239838,213
10073,86,119,0.00011922063,11300.997275829315,179.43881583213806,8273.420026063919,213
10074,86,119,5.510691e-05,11302.110810041428,179.4525547027588,8274.241368055344,213
10075,86,119,5.1804967e-05,11303.222767829895,179.45726776123047,8275.062104940414,213
10076,87,119,0.00014679121,11304.23640036583,179.45951962471008,8275.880205154419,213
10077,87,119,0.00013081866,11305.364217758179,179.47732877731323,8276.702171087265,213
10078,87,119,7.330525e-06,11306.47734951973,179.47940278053284,8277.517744064331,213
10079,87,119,3.4996217e-06,11307.605074644089,179.48930072784424,8278.344228982925,213
10080,87,119,5.26925e-05,11308.718998670578,179.4912567138672,8279.16491985321,213
10081,87,119,0.00017566973,11309.842081546783,179.50546765327454,8279.988014698029,213
10082,87,119,1.2779859e-05,11310.957626342773,179.52128767967224,8280.814126729965,213
10083,87,119,0.05518788,11312.076404571533,179.52321672439575,8281.64260172844,213
10084,87,119,5.297336e-05,11313.192204236984,179.52539992332458,8282.471552848816,213
10085,87,119,0.00013190044,11314.30925154686,179.5370728969574,8283.289095878601,213
10086,87,119,1.6936081e-05,11315.415742397308,179.53895783424377,8284.11032986641,213
10087,87,119,1.7578326e-05,11316.52949309349,179.54369974136353,8284.938598871231,213
10088,87,119,2.0984276e-05,11317.658183336258,179.5677616596222,8285.754533052444,213
10089,87,119,0.00935827,11318.76693367958,179.56996774673462,8286.573682069778,213
10090,87,119,0.00024805818,11319.87342953682,179.57339191436768,8287.39471912384,213
10091,87,119,0.004297389,11320.987221240997,179.57556104660034,8288.21926522255,213
10092,87,119,5.6637084e-05,11322.105919599533,179.5859169960022,8289.047185182571,213
10093,87,119,0.009645971,11323.224105834961,179.58796095848083,8289.880383253098,213
10094,87,120,0.011788686,11324.7459359169,179.9987428188324,8290.701790332794,213
10095,87,120,0.00022593013,11325.874886751175,180.01364064216614,8291.52744436264,213
10096,87,120,3.1199124e-05,11326.997005462646,180.03371572494507,8292.354104280472,213
10097,87,120,1.1931688e-05,11328.115138292313,180.03546977043152,8293.174960136414,213
10098,87,120,3.804609e-05,11329.229447603226,180.04664778709412,8293.99627995491,213
10099,87,120,0.00016681221,11330.344632148743,180.04866790771484,8294.813466787338,213
10100,87,120,0.06792033,11331.461971759796,180.07755494117737,8295.634247779846,213
10101,87,120,0.00047740492,11332.57903432846,180.10701298713684,8296.449788093567,213
10102,87,120,4.660406e-05,11333.699146986008,180.12285494804382,8297.274817228317,213
10103,87,120,0.00037767942,11334.816455602646,180.13082075119019,8298.100992202759,213
10104,87,120,6.753401e-05,11335.93174123764,180.13301181793213,8298.930057287216,213
10105,87,120,0.00013756305,11337.050755023956,180.1388487815857,8299.757410287857,213
10106,87,120,1.7612312e-05,11338.162549495697,180.14309287071228,8300.582528352737,213
10107,87,120,0.00023263769,11339.275926351547,180.16419982910156,8301.401076555252,213
10108,87,120,2.723375e-05,11340.393303871155,180.18622970581055,8302.223893642426,213
10109,87,120,0.00159776,11341.507312774658,180.19128251075745,8303.038028717041,213
10110,87,120,0.0010957238,11342.62018942833,180.2090094089508,8303.854595899582,213
10111,87,120,1.3649519e-05,11343.723427295685,180.22454047203064,8304.674359798431,213
10112,87,120,1.0264223e-05,11344.837499856949,180.23462748527527,8305.49206495285,213
10113,87,120,3.6282185e-05,11345.956005334854,180.2430636882782,8306.314105033875,213
10114,87,120,0.0010787371,11347.066388607025,180.2457628250122,8307.142205953598,213
10115,87,120,0.0029637672,11348.171527147293,180.26052474975586,8307.954849004745,213
10116,87,120,1.4033075e-05,11349.305030822754,180.28807091712952,8308.771833896637,213
10117,87,120,0.0038018264,11350.432114124298,180.31626272201538,8309.598166942596,213
10118,87,120,7.985352e-05,11351.567684173584,180.3470697402954,8310.420456886292,213
10119,87,120,0.0013034763,11352.679263830185,180.3505985736847,8311.250257015228,213
10120,87,120,0.0024596401,11353.789499282837,180.35702443122864,8312.06968998909,213
10121,87,120,0.00015764695,11354.905283689499,180.37183737754822,8312.892586946487,213
10122,87,120,0.0011135127,11356.013969659805,180.37717938423157,8313.707174777985,213
10123,87,120,0.00017728587,11357.13011932373,180.41029119491577,8314.52843093872,213
10124,87,120,0.000127415,11358.240857601166,180.41999411582947,8315.349181890488,213
10125,87,120,0.00023102776,11359.356240034103,180.42544412612915,8316.17312502861,213
10126,87,120,7.388123e-06,11360.460584878922,180.43370699882507,8316.992372989655,213
10127,87,120,0.05783893,11361.591088294983,180.43584203720093,8317.821510791779,213
10128,87,120,0.00095355336,11362.720659971237,180.47853207588196,8318.635185956955,213
10129,87,120,0.025351634,11363.838397741318,180.51163125038147,8319.45195889473,213
10130,87,120,0.0009847565,11364.952737569809,180.52680921554565,8320.278705835342,213
10131,87,120,0.001250783,11366.074706077576,180.5286841392517,8321.107754707336,213
10132,87,120,1.4094856e-05,11367.183100938797,180.5404191017151,8321.925508737564,213
10133,87,120,0.010976483,11368.292457342148,180.54244923591614,8322.74529671669,213
10134,87,120,0.00055817823,11369.412328004837,180.5725963115692,8323.56370973587,213
10135,87,120,0.02352695,11370.528970003128,180.59991216659546,8324.37952208519,213
10136,87,120,1.6809905e-05,11371.636599302292,180.61695623397827,8325.20604801178,213
10137,87,120,0.0021828008,11372.755502223969,180.62726616859436,8326.028884887695,213
10138,87,120,0.0008788595,11373.866759061813,180.6340901851654,8326.843774080276,213
10139,87,120,0.06411897,11374.989038228989,180.652250289917,8327.666184186935,213
10140,87,120,0.0015310611,11376.094274282455,180.6635422706604,8328.484099149704,213
10141,87,120,0.0010833688,11377.207788467407,180.67877912521362,8329.30463051796,213
10142,87,120,0.002680034,11378.31695842743,180.68083095550537,8330.129338502884,213
10143,87,120,0.00019790021,11379.434187412262,180.70320987701416,8330.9466714859,213
10144,87,120,0.001396209,11380.543956518173,180.71447587013245,8331.768033504486,213
10145,87,120,0.00743996,11381.667603254318,180.7163827419281,8332.596642494202,213
10146,87,120,1.0803161e-06,11382.789011478424,180.7360897064209,8333.41178035736,213
10147,87,120,7.670089e-05,11383.895102500916,180.73995089530945,8334.22664141655,213
10148,87,120,0.0049954867,11385.015677928925,180.74228382110596,8335.047246217728,213
10149,87,120,0.013928064,11386.126609802246,180.75393390655518,8335.867268562317,213
10150,87,120,0.047259063,11387.243237733841,180.7684519290924,8336.693442583084,213
10151,87,120,0.02841383,11388.375767469406,180.78256583213806,8337.515483617783,213
10152,87,120,9.24966e-05,11389.48964881897,180.78947687149048,8338.350182771683,213
10153,87,120,0.0003326348,11390.615316390991,180.82170391082764,8339.170444965363,213
10154,87,120,6.862717e-05,11391.735113859177,180.83547377586365,8339.999997854233,213
10155,87,120,0.015526267,11392.849727869034,180.86756467819214,8340.819014787674,213
10156,87,120,0.114976645,11393.95886349678,180.876220703125,8341.645553827286,213
10157,87,120,0.12991002,11395.075368881226,180.88193154335022,8342.471425771713,213
10158,87,120,0.19195923,11396.193204641342,180.89386653900146,8343.291947603226,213
10159,87,120,0.09019854,11397.313779592514,180.91491866111755,8344.117725610733,213
10160,87,120,0.005107934,11398.429211378098,180.92194366455078,8344.94560956955,213
10161,87,120,0.121643856,11399.535766839981,180.93008065223694,8345.766949415207,213
10162,87,120,0.019255035,11400.65876865387,180.9498496055603,8346.585448503494,213
10163,87,120,0.03446488,11401.773735284805,180.9516146183014,8347.40567445755,213
10164,87,120,0.04669167,11402.894832611084,180.9811975955963,8348.223544359207,213
10165,87,120,0.0007474091,11404.013520002365,180.993492603302,8349.04467368126,213
10166,87,120,0.021160247,11405.133690834045,180.99530863761902,8349.872678518295,213
10167,87,120,0.19030353,11406.252462148666,181.01393365859985,8350.69011759758,213
10168,87,120,0.014538323,11407.364161729813,181.02330565452576,8351.512632608414,213
10169,87,120,0.11663016,11408.475892305374,181.04202365875244,8352.337617635727,213
10170,87,121,0.01737476,11409.985763072968,181.45054960250854,8353.156904935837,213
10171,87,121,0.004878977,11411.105431556702,181.45395064353943,8353.973836183548,213
10172,87,121,3.304465e-05,11412.225658416748,181.45600867271423,8354.792600154877,213
10173,87,121,6.997466e-06,11413.33803153038,181.4627046585083,8355.610261201859,213
10174,87,121,0.046168454,11414.452662229538,181.4704246520996,8356.43336224556,213
10175,87,121,2.0674358e-06,11415.582975387573,181.47257471084595,8357.25060224533,213
10176,87,121,0.017387431,11416.702487945557,181.5014066696167,8358.06638598442,213
10177,87,121,5.7819252e-05,11417.823474407196,181.51863360404968,8358.881663799286,213
10178,87,121,1.650355e-05,11418.933740377426,181.53447365760803,8359.704202890396,213
10179,87,121,0.00022449128,11420.056227684021,181.55995869636536,8360.524939775467,213
10180,87,121,0.0012512607,11421.170548677444,181.57891464233398,8361.34260392189,213
10181,87,121,0.00011779656,11422.277341604233,181.5863196849823,8362.163900852203,213
10182,87,121,2.4184563e-05,11423.392379283905,181.5901186466217,8362.979754924774,213
10183,87,121,0.00020198338,11424.526351451874,181.61183881759644,8363.79814171791,213
10184,87,121,0.00011927419,11425.647467374802,181.63872694969177,8364.612341880798,213
10185,87,121,0.0043132966,11426.764465093613,181.64057612419128,8365.442631959915,213
10186,87,121,0.03920696,11427.886057138443,181.6625792980194,8366.256915092468,213
10187,87,121,1.4732712e-05,11428.997034549713,181.68196415901184,8367.074886083603,213
10188,87,121,0.12658173,11430.135845422745,181.69913411140442,8367.897806167603,213
10189,87,121,0.04200118,11431.261242389679,181.70128726959229,8368.724935293198,213
10190,87,121,0.021966394,11432.394226789474,181.72983121871948,8369.547590255737,213
10191,87,121,0.00043156382,11433.516278266907,181.75198316574097,8370.371955156326,213
10192,87,121,0.00022619806,11434.642080783844,181.75425624847412,8371.205386161804,213
10193,88,121,0.00071441534,11435.657044887543,181.7562701702118,8372.019849300385,213
10194,88,121,0.0008275504,11436.784953594208,181.77249813079834,8372.848716259003,213
10195,88,121,0.14509553,11437.906789779663,181.7812602519989,8373.6683511734,213
10196,88,121,0.031024147,11439.016105175018,181.79236221313477,8374.488748073578,213
10197,88,121,0.00058435893,11440.146084308624,181.7941563129425,8375.313402175903,213
10198,88,121,0.0016313501,11441.285364866257,181.8020453453064,8376.135507106781,213
10199,88,121,0.00658015,11442.408492803574,181.8042232990265,8376.966118097305,213
10200,88,121,0.0012599714,11443.523541688919,181.80940747261047,8377.790939092636,213
10201,88,121,0.038466305,11444.645443201065,181.81713557243347,8378.618025064468,213
10202,88,121,0.07928453,11445.763098955154,181.82103157043457,8379.444919109344,213
10203,88,121,0.019660559,11446.890484809875,181.82319045066833,8380.268064260483,213
10204,88,121,0.00572407,11448.013137102127,181.83653831481934,8381.090378522873,213
10205,88,121,0.0032163605,11449.132058858871,181.83878326416016,8381.918691396713,213
10206,88,122,0.026609931,11450.629948854446,182.22088742256165,8382.74653840065,213
10207,88,122,2.057716e-05,11451.762890338898,182.2228603363037,8383.576882362366,213
10208,88,122,5.126819e-05,11452.874895334244,182.23866820335388,8384.394126415253,213
10209,88,122,0.00065842626,11453.980829954147,182.24908018112183,8385.21727347374,213
10210,88,122,5.97696e-06,11455.099145650864,182.2514410018921,8386.045769691467,213
10211,88,122,0.02503654,11456.214777946472,182.26336812973022,8386.873230695724,213
10212,88,122,4.782036e-05,11457.326246976852,182.26506805419922,8387.694461584091,213
10213,88,122,0.005049336,11458.445735692978,182.285747051239,8388.517172574997,213
10214,88,122,0.01000152,11459.559689283371,182.30462002754211,8389.339900493622,213
10215,88,122,8.901524e-05,11460.67550110817,182.31260895729065,8390.16193151474,213
10216,88,122,8.942065e-06,11461.787152528763,182.3159658908844,8390.983170509338,213
10217,88,122,0.00018443947,11462.912417650223,182.33420276641846,8391.804232597351,213
10218,88,122,2.133893e-05,11464.017883777618,182.34665870666504,8392.624782800674,213
10219,88,122,0.00014313827,11465.123547315598,182.36332964897156,8393.438622713089,213
10220,88,122,0.00034572365,11466.240113258362,182.36544251441956,8394.262984752655,213
10221,88,122,3.9405022e-05,11467.367464065552,182.39394569396973,8395.089212656021,213
10222,88,122,7.420502e-05,11468.49391746521,182.4162256717682,8395.91612648964,213
10223,88,122,0.002664058,11469.610808372498,182.4181568622589,8396.741824388504,213
10224,88,122,0.00078955,11470.739857196808,182.43610668182373,8397.559524297714,213
10225,88,122,0.033073373,11471.858492136002,182.46115565299988,8398.375833272934,213
10226,88,122,0.00014569802,11472.970786571503,182.46388864517212,8399.19686126709,213
10227,88,122,0.00085772306,11474.078909873962,182.46591973304749,8400.020039319992,213
10228,88,122,7.180413e-05,11475.203202962875,182.4834578037262,8400.83650135994,213
10229,88,122,0.0001028385,11476.320672273636,182.48543095588684,8401.656288385391,213
10230,88,122,0.0020609389,11477.433140277863,182.50890016555786,8402.472729444504,213
10231,88,122,1.4644165e-05,11478.54796242714,182.51071119308472,8403.298198461533,213
10232,88,122,0.032941535,11479.671321630478,182.54468536376953,8404.118225574493,213
10233,88,122,0.0028264597,11480.778262615204,182.55316638946533,8404.93457531929,213
10234,88,122,0.00029328617,11481.890164136887,182.56296730041504,8405.757264375687,213
10235,88,122,0.00071078126,11482.999215126038,182.5650143623352,8406.577011346817,213
10236,88,122,0.0016634862,11484.132158994675,182.56743025779724,8407.404754638672,213
10237,88,122,0.014945843,11485.250760793686,182.58246207237244,8408.218720436096,213
10238,88,122,0.06677981,11486.359923362732,182.58439207077026,8409.04107928276,213
10239,88,122,0.017333759,11487.481323719025,182.59721112251282,8409.862024068832,213
10240,88,122,0.008179875,11488.599530935287,182.60481429100037,8410.677592992783,213
10241,88,122,0.00030649154,11489.713097810745,182.61417317390442,8411.501425981522,213
10242,88,122,0.006918129,11490.834170103073,182.64607119560242,8412.323674917221,213
10243,88,122,0.005006332,11491.937911510468,182.64925408363342,8413.1378967762,213
10244,88,122,0.002096126,11493.073168039322,182.65129899978638,8413.96625995636,213
10245,88,122,0.005228716,11494.192824840546,182.66787099838257,8414.792218923569,213
10246,88,122,0.0038192363,11495.315099954605,182.67637610435486,8415.620033979416,213
10247,88,122,0.0021140575,11496.436476945877,182.69573497772217,8416.440259933472,213
10248,88,122,3.8537888e-05,11497.549830198288,182.69805693626404,8417.25344491005,213
10249,88,122,0.01997362,11498.663934707642,182.71231293678284,8418.071810007095,213
10250,88,122,0.0034886352,11499.77004981041,182.74296307563782,8418.887880086899,213
10251,88,122,0.1845695,11500.875709056854,182.745197057724,8419.718786001205,213
10252,88,122,0.0034972797,11501.992364645004,182.76445317268372,8420.538828849792,213
10253,88,122,0.11943295,11503.105741024017,182.78383421897888,8421.358906030655,213
10254,88,122,0.0144206155,11504.226096868515,182.7985692024231,8422.186605215073,213
10255,88,122,0.0071383775,11505.347791671753,182.80385828018188,8423.007513284683,213
10256,88,122,0.006783816,11506.4761698246,182.83989024162292,8423.824168205261,213
10257,88,122,0.030449724,11507.59233045578,182.86886310577393,8424.638491392136,213
10258,88,122,0.034868192,11508.703738451004,182.87432408332825,8425.465262413025,213
10259,88,122,0.00474278,11509.824430942535,182.90057706832886,8426.289343357086,213
10260,88,122,0.014097431,11510.949036836624,182.93025302886963,8427.107600450516,213
10261,88,122,0.000494497,11512.062320232391,182.93751621246338,8427.926211357117,213
10262,88,122,0.17997243,11513.18655538559,182.93933939933777,8428.753132343292,213
10263,88,122,0.063033715,11514.30625963211,182.95145630836487,8429.569651126862,213
10264,88,122,0.0041269646,11515.434680223465,183.0041093826294,8430.385395288467,213
10265,88,122,0.04855813,11516.541547298431,183.01107048988342,8431.208247184753,213
10266,88,122,0.30114406,11517.65221452713,183.0265326499939,8432.026368141174,213
10267,88,122,0.0030819003,11518.776695013046,183.03813862800598,8432.85489988327,213
10268,88,122,0.0085804,11519.885149717331,183.042076587677,8433.684327840805,213
10269,88,122,0.041883945,11521.009717226028,183.0482246875763,8434.50615477562,213
10270,88,122,0.0052243806,11522.122893571854,183.05300664901733,8435.33311367035,213
10271,88,122,0.12017223,11523.238417863846,183.05919551849365,8436.153273820877,213
10272,88,122,0.0016964327,11524.377611637115,183.06116366386414,8436.978200674057,213
10273,88,122,0.0069908146,11525.484301805496,183.06935167312622,8437.79773569107,213
10274,88,122,0.0031705012,11526.612661123276,183.08982276916504,8438.618228673935,213
10275,88,122,0.01795622,11527.723228216171,183.10263872146606,8439.438218832016,213
10276,88,122,0.0006474898,11528.844611167908,183.1185986995697,8440.260803937912,213
10277,88,122,0.0013291221,11529.96162891388,183.14171981811523,8441.080144882202,213
10278,88,122,0.0018265671,11531.07774233818,183.16645073890686,8441.89865064621,213
10279,88,122,0.09046999,11532.201228141785,183.17758893966675,8442.725558519363,213
10280,88,123,0.014460879,11533.705379962921,183.57950496673584,8443.540523529053,213
10281,88,123,3.414155e-06,11534.841754674911,183.58123993873596,8444.365912437439,213
10282,88,123,0.0016119594,11535.95719909668,183.5945327281952,8445.189720153809,213
10283,88,123,0.00022219642,11537.073364973068,183.60510873794556,8446.009360313416,213
10284,88,123,2.8626027e-05,11538.185114622116,183.6112117767334,8446.834043264389,213
10285,88,123,0.00020289778,11539.311508178711,183.61323881149292,8447.659807443619,213
10286,88,123,4.545795e-05,11540.42254948616,183.61506581306458,8448.480739593506,213
10287,88,123,0.00025045598,11541.541449785233,183.64430403709412,8449.303444623947,213
10288,88,123,0.0038522254,11542.661858320236,183.6463541984558,8450.122538805008,213
10289,88,123,0.00082527095,11543.789139986038,183.68299508094788,8450.937472820282,213
10290,88,123,0.0003168857,11544.902176380157,183.70016193389893,8451.75863456726,213
10291,88,123,0.00079191825,11546.009370565414,183.71291995048523,8452.574509620667,213
10292,88,123,4.703571e-05,11547.121717214584,183.73681092262268,8453.393230676651,213
10293,88,123,4.6868183e-05,11548.222120523453,183.74331903457642,8454.214545726776,213
10294,88,123,1.4569051e-05,11549.334081411362,183.75088787078857,8455.037402629852,213
10295,88,123,0.0015858404,11550.462138414383,183.75287294387817,8455.850952386856,213
10296,88,123,9.3154435e-05,11551.572253704071,183.75867199897766,8456.67721748352,213
10297,88,123,0.00031096884,11552.700055360794,183.79882097244263,8457.493608474731,213
10298,88,123,0.00035908923,11553.817404985428,183.8420650959015,8458.305009365082,213
10299,88,123,2.0790074e-05,11554.929911851883,183.8498980998993,8459.12684416771,213
10300,88,123,0.00020360944,11556.051335334778,183.89176321029663,8459.93831706047,213
10301,88,123,0.0030386308,11557.171374797821,183.91647934913635,8460.753064155579,213
10302,88,123,0.00011014407,11558.280202627182,183.92395043373108,8461.567541360855,213
10303,88,123,3.8403756e-05,11559.407645225525,183.94555258750916,8462.391491413116,213
10304,88,123,0.016895004,11560.524207115173,183.96167755126953,8463.201586484909,213
10305,88,123,0.0031437946,11561.632975816727,183.9693214893341,8464.020506381989,213
10306,88,123,0.16813064,11562.753188371658,183.9931924343109,8464.836567401886,213
10307,88,123,0.0008695777,11563.857957363129,184.00473427772522,8465.654573440552,213
10308,88,123,4.5261262e-05,11564.959786176682,184.00883626937866,8466.47560429573,213
10309,88,123,3.9282353e-05,11566.06906747818,184.0184941291809,8467.300030231476,213
10310,89,123,0.00014578685,11567.091481208801,184.02070999145508,8468.116192102432,213
10311,89,123,0.00042710823,11568.224377632141,184.0229389667511,8468.93412399292,213
10312,89,123,0.0011864948,11569.34027838707,184.03237581253052,8469.74868798256,213
10313,89,123,0.00019973556,11570.446380138397,184.04363083839417,8470.569084882736,213
10314,89,123,3.4227134e-05,11571.563268184662,184.06399583816528,8471.393156051636,213
10315,89,123,0.00024044028,11572.679555416107,184.06599593162537,8472.220894098282,213
10316,89,123,0.000625337,11573.790333032608,184.0717670917511,8473.042109966278,213
10317,89,123,0.00013864315,11574.906587600708,184.07382106781006,8473.872562885284,213
10318,89,123,0.0006295589,11576.024245262146,184.09098291397095,8474.690485954285,213
10319,89,123,0.0022385377,11577.14637374878,184.09288787841797,8475.51726603508,213
10320,89,123,0.00073648355,11578.271829605103,184.12139773368835,8476.341147184372,213
10321,89,123,0.003809698,11579.404662370682,184.1233057975769,8477.170139312744,213
10322,89,123,0.0011267535,11580.503507137299,184.1262867450714,8477.990496397018,213
10323,89,123,0.00033288676,11581.617463827133,184.12810564041138,8478.818467378616,213
10324,89,123,9.678421e-06,11582.728628635406,184.1533706188202,8479.63865160942,213
10325,89,123,0.0016722269,11583.844601869583,184.17421650886536,8480.456588745117,213
10326,89,123,0.00014831856,11584.951185941696,184.17646169662476,8481.278399705887,213
10327,89,123,0.0005666735,11586.076041936874,184.1951026916504,8482.093398571014,213
10328,89,123,0.017898925,11587.203587055206,184.2241747379303,8482.919138669968,213
10329,89,123,0.0019515808,11588.355941295624,184.27069687843323,8483.73891377449,213
10330,89,123,0.00025095383,11589.475471019745,184.2726788520813,8484.563336610794,213
10331,89,123,2.2311358e-05,11590.619508743286,184.31018495559692,8485.381638765335,213
10332,89,123,0.0015161269,11591.748574495316,184.33773398399353,8486.19560599327,213
10333,89,123,9.416745e-05,11592.85698890686,184.34631204605103,8487.017306804657,213
10334,89,123,5.170092e-06,11593.978755950928,184.37705206871033,8487.838278770447,213
10335,89,123,8.980269e-05,11595.091923236847,184.39122414588928,8488.65515089035,213
10336,89,123,1.368749e-05,11596.214635372162,184.3931541442871,8489.478267908096,213
10337,89,123,2.3577431e-05,11597.331457138062,184.42530131340027,8490.296306848526,213
10338,89,123,0.00045179288,11598.440673351288,184.44031739234924,8491.113261699677,213
10339,89,123,0.0006244147,11599.563622236252,184.45391035079956,8491.937126636505,213
10340,89,123,0.00025059696,11600.66859793663,184.45587730407715,8492.759080648422,213
10341,89,123,0.0001410666,11601.790429592133,184.4578733444214,8493.592235565186,213
10342,89,123,1.5427659e-05,11602.90474820137,184.46417140960693,8494.41422867775,213
10343,89,123,6.003915e-05,11604.016394615173,184.46616339683533,8495.231907606125,213
10344,89,123,0.031968657,11605.14078426361,184.48698949813843,8496.058769464493,213
10345,89,123,1.2311257e-05,11606.26304268837,184.5080533027649,8496.880130290985,213
10346,89,123,2.6906228e-05,11607.373496770859,184.5147852897644,8497.70556139946,213
10347,89,123,0.00909353,11608.482986688614,184.53872227668762,8498.531150579453,213
10348,89,123,1.2848127e-05,11609.598632335663,184.56997513771057,8499.349566459656,213
10349,89,123,1.114797e-05,11610.705377101898,184.57390522956848,8500.183333396912,213
10350,89,123,0.00011868093,11611.822126865387,184.5875551700592,8501.003170251846,213
10351,89,123,9.2354865e-05,11612.933744430542,184.60002613067627,8501.82206439972,213
10352,89,123,0.00013571362,11614.044708967209,184.6020941734314,8502.646196365356,213
10353,89,123,1.0995831e-05,11615.169495344162,184.63023710250854,8503.465851545334,213
10354,89,123,0.00027268927,11616.283156633377,184.63565921783447,8504.288582324982,213
10355,89,123,0.0029984296,11617.393562793732,184.63789415359497,8505.106562376022,213
10356,89,123,0.0022869583,11618.517434835434,184.65258717536926,8505.926337480545,213
10357,89,123,0.03127244,11619.63430404663,184.67270421981812,8506.740414619446,213
10358,89,123,3.1496314e-05,11620.752928733826,184.67514634132385,8507.567070484161,213
10359,89,123,8.983781e-05,11621.883028030396,184.67721438407898,8508.386301517487,213
10360,89,123,1.9032319e-05,11622.998861789703,184.67926740646362,8509.212503671646,213
10361,89,123,0.00026715506,11624.110234737396,184.68759536743164,8510.037522792816,213
10362,89,123,9.113737e-05,11625.231316804886,184.699321269989,8510.85827088356,213
10363,89,123,0.0037135452,11626.3396089077,184.70432329177856,8511.682856798172,213
10364,89,123,0.0018258864,11627.45234632492,184.71926832199097,8512.50458574295,213
10365,89,123,0.0003172387,11628.55592417717,184.73149728775024,8513.322588682175,213
10366,89,123,9.4570905e-06,11629.668750286102,184.73958039283752,8514.15538764,213
10367,89,123,0.027858375,11630.78072977066,184.7522792816162,8514.972000837326,213
10368,89,123,7.3700685e-05,11631.89817237854,184.75418829917908,8515.798889875412,213
10369,89,123,4.729024e-06,11633.01205611229,184.76181030273438,8516.615827083588,213
10370,89,123,0.001822505,11634.129657268524,184.76968836784363,8517.432821035385,213
10371,89,123,0.0027823953,11635.237808227539,184.80075025558472,8518.245903015137,213
10372,89,123,6.414525e-06,11636.358277082443,184.82295727729797,8519.068793058395,213
10373,89,123,4.2184998e-05,11637.474065542221,184.83948826789856,8519.887278318405,213
10374,89,123,4.218523e-06,11638.58549284935,184.8416130542755,8520.709963321686,213
10375,89,123,9.382558e-06,11639.694224119186,184.8433380126953,8521.521992444992,213
10376,89,123,0.00084571214,11640.807576179504,184.8620228767395,8522.337196350098,213
10377,89,123,5.2594485e-05,11641.918083667755,184.88651275634766,8523.158363103867,213
10378,89,123,5.34687e-05,11643.041879415512,184.88830161094666,8523.988429307938,213
10379,89,123,0.00012372126,11644.16693687439,184.91473269462585,8524.805320262909,213
10380,89,123,0.0011169309,11645.274339914322,184.91665172576904,8525.626177310944,213
10381,89,123,3.3030894e-05,11646.394221305847,184.91834592819214,8526.450976371765,213
10382,89,123,0.0011422205,11647.507073640823,184.94361686706543,8527.2714676857,213
10383,89,123,0.00022660288,11648.614790439606,184.95328378677368,8528.092470645905,213
10384,89,123,0.0035088968,11649.733642101288,184.99254179000854,8528.910911560059,213
10385,89,123,0.1624866,11650.851534843445,185.02401566505432,8529.724755764008,213
10386,89,123,1.6904993e-05,11651.97525525093,185.0318467617035,8530.55435705185,213
10387,89,123,0.0044361902,11653.086111783981,185.06544089317322,8531.368826150894,213
10388,89,123,0.02953156,11654.197109222412,185.06758499145508,8532.190553188324,213
10389,89,123,8.492784e-05,11655.307117700577,185.09219813346863,8533.011473417282,213
10390,89,123,0.00023763237,11656.423874378204,185.10432124137878,8533.83507514,213
10391,89,123,0.00079307717,11657.52115225792,185.1221673488617,8534.650878190994,213
10392,89,123,0.0027748032,11658.6381149292,185.14805340766907,8535.477113246918,213
10393,89,124,0.00044483144,11660.135103940964,185.5379183292389,8536.296140432358,213
10394,89,124,5.0849985e-07,11661.253016710281,185.5659773349762,8537.121904611588,213
10395,89,124,0.0013074795,11662.352568149567,185.56991934776306,8537.941618680954,213
10396,89,124,9.836023e-06,11663.472457885742,185.59657335281372,8538.76557970047,213
10397,89,124,3.3928038e-05,11664.599844694138,185.61241817474365,8539.589789390564,213
10398,89,124,7.878925e-07,11665.719499349594,185.63002014160156,8540.408626317978,213
10399,89,124,2.8461976e-05,11666.838869333267,185.63292813301086,8541.239547491074,213
10400,89,124,1.504877e-05,11667.961431980133,185.6708562374115,8542.05422449112,213
10401,89,124,0.00015259595,11669.08143901825,185.68402314186096,8542.87231016159,213
10402,89,124,2.2612232e-05,11670.187389850616,185.68599700927734,8543.697281122208,213
10403,89,124,6.790793e-06,11671.30851149559,185.6881458759308,8544.519711017609,213
10404,89,124,8.666045e-06,11672.424149990082,185.70889377593994,8545.34544301033,213
10405,89,124,1.8357998e-05,11673.538742542267,185.71713781356812,8546.166710853577,213
10406,89,124,6.266471e-05,11674.653401374817,185.73199272155762,8546.98323392868,213
10407,89,124,0.00082308956,11675.772875785828,185.73415088653564,8547.81172990799,213
10408,89,124,0.0002789397,11676.903772115707,185.7623279094696,8548.63430404663,213
10409,89,124,5.105264e-06,11678.016746759415,185.7641019821167,8549.458945035934,213
10410,89,124,0.00028864577,11679.14720249176,185.7921199798584,8550.279929161072,213
10411,89,124,2.17627e-05,11680.267940759659,185.79385805130005,8551.102634191513,213
10412,89,124,0.001619008,11681.39700460434,185.82699298858643,8551.91927909851,213
10413,89,124,0.00013640204,11682.5306391716,185.85165405273438,8552.735615968704,213
10414,89,124,2.5964557e-06,11683.656740903854,185.86574792861938,8553.552053928375,213
10415,89,124,0.00010152037,11684.764093399048,185.8733308315277,8554.36756014824,213
10416,89,124,5.0922627e-06,11685.88350057602,185.89595365524292,8555.184580087662,213
10417,89,124,0.0017275519,11687.017367362976,185.92280554771423,8556.006508111954,213
10418,89,124,0.00013885986,11688.125858545303,185.92477560043335,8556.82251214981,213
10419,89,124,3.496102e-05,11689.248505592346,185.92676281929016,8557.643570184708,213
10420,89,124,1.9085634e-05,11690.364488124847,185.9449589252472,8558.457188129425,213
10421,89,124,1.7637543e-05,11691.498517036438,185.97937202453613,8559.27410531044,213
10422,89,124,0.0014192094,11692.620205640793,185.9813950061798,8560.105206251144,213
10423,89,124,0.004050506,11693.742067098618,186.00599813461304,8560.923540115356,213
10424,89,124,3.2782248e-07,11694.864768743515,186.00819516181946,8561.748526096344,213
10425,89,124,0.0015930167,11695.984728097916,186.02974724769592,8562.575407266617,213
10426,89,124,0.0042369566,11697.109113693237,186.0601954460144,8563.393371343613,213
10427,89,124,0.00012490113,11698.230949640274,186.08372235298157,8564.219805240631,213
10428,90,124,0.0028069676,11699.249027729034,186.08583641052246,8565.036584377289,213
10429,90,124,0.0018794665,11700.364665269852,186.08795142173767,8565.860565423965,213
10430,90,124,5.788525e-06,11701.475652456284,186.1076145172119,8566.685927391052,213
10431,90,124,6.6007444e-05,11702.591180562973,186.11230540275574,8567.509734630585,213
10432,90,124,0.00011156172,11703.704380273819,186.12584733963013,8568.331639528275,213
10433,90,124,0.00012321619,11704.822144031525,186.1416482925415,8569.150060653687,213
10434,90,124,1.458418e-06,11705.945253372192,186.14360547065735,8569.980444908142,213
10435,90,124,1.9824129e-05,11707.054025173187,186.15587449073792,8570.797174930573,213
10436,90,124,5.0247134e-05,11708.166455507278,186.15779638290405,8571.619231939316,213
10437,90,124,3.7066525e-07,11709.288511753082,186.18813753128052,8572.436265945435,213
10438,90,124,6.6165953e-06,11710.399038791656,186.20825958251953,8573.249345064163,213
10439,90,124,1.824014e-05,11711.525228500366,186.21182775497437,8574.07555103302,213
10440,90,124,1.1244075e-05,11712.635489702225,186.21815466880798,8574.891155958176,213
10441,90,124,0.00023520608,11713.753188610077,186.25495958328247,8575.709666728973,213
10442,90,124,1.1268826e-06,11714.866703510284,186.2712526321411,8576.534603834152,213
10443,90,124,2.9726483e-05,11715.987756967545,186.2866916656494,8577.356169939041,213
10444,90,124,0.0001738596,11717.096551656723,186.29090666770935,8578.17346572876,213
10445,90,124,2.5518048e-07,11718.21788573265,186.2928388118744,8579.0006878376,213
10446,90,124,3.4458756e-07,11719.341819524765,186.32149386405945,8579.813659667969,213
10447,90,124,1.6018724e-07,11720.45670413971,186.3398997783661,8580.639336585999,213
10448,90,124,1.001285e-05,11721.577603816986,186.34845566749573,8581.456963539124,213
10449,90,124,1.3924132e-05,11722.699589729309,186.36077761650085,8582.278245687485,213
10450,90,124,0.0002181511,11723.814662456512,186.38243651390076,8583.102804422379,213
10451,90,124,4.1099054e-05,11724.938471078873,186.40320444107056,8583.916847467422,213
10452,90,124,1.85513e-06,11726.059434175491,186.40524053573608,8584.740206480026,213
10453,90,124,1.2027822e-05,11727.175937891006,186.43316650390625,8585.557151556015,213
10454,90,124,7.891279e-06,11728.291705608368,186.44141054153442,8586.383128404617,213
10455,90,124,6.610914e-05,11729.418279409409,186.44330263137817,8587.209340572357,213
10456,90,124,7.0437505e-05,11730.535412073135,186.46871161460876,8588.03291964531,213
10457,90,124,1.8383362e-06,11731.638951063156,186.4878056049347,8588.853316545486,213
10458,90,124,0.00029280156,11732.742273330688,186.49150347709656,8589.680184602737,213
10459,90,124,1.7358187e-05,11733.857701063156,186.49353647232056,8590.507960319519,213
10460,90,124,8.754419e-08,11734.96736741066,186.49552536010742,8591.328511238098,213
10461,90,124,3.2129035e-05,11736.090418577194,186.51926851272583,8592.154595136642,213
10462,90,124,4.1773583e-06,11737.212504148483,186.5213704109192,8592.97631931305,213
10463,90,124,1.6893782e-06,11738.344714403152,186.5234534740448,8593.799086332321,213
10464,90,124,3.8184027e-07,11739.46250128746,186.52574849128723,8594.616567134857,213
10465,90,124,1.4342318e-07,11740.574136972427,186.5413465499878,8595.430129051208,213
10466,90,124,1.06170496e-07,11741.700201511383,186.54337358474731,8596.26403927803,213
10467,90,124,8.544606e-05,11742.821276426315,186.56412959098816,8597.083873033524,213
10468,90,124,1.3285311e-05,11743.932458400726,186.56635570526123,8597.909358024597,213
10469,90,124,5.587935e-09,11745.062462091446,186.59478569030762,8598.73071193695,213
10470,90,125,2.0919964e-05,11746.565909147263,186.98353791236877,8599.54772400856,213
10471,90,125,6.0923644e-06,11747.685162067413,187.0033929347992,8600.369225263596,213
10472,90,125,7.468394e-05,11748.807965755463,187.0388367176056,8601.19026517868,213
10473,90,125,4.7596233e-05,11749.930357933044,187.04069185256958,8602.01786327362,213
10474,90,125,0.00036973035,11751.050070762634,187.0470609664917,8602.837924957275,213
10475,90,125,1.4258794e-05,11752.162584781647,187.0562560558319,8603.6583609581,213
10476,90,125,0.00012497639,11753.268622398376,187.06663584709167,8604.475903749466,213
10477,90,125,6.064256e-05,11754.376324653625,187.06865882873535,8605.301033735275,213
10478,90,125,0.0013125666,11755.4880464077,187.0710756778717,8606.130193710327,213
10479,90,125,9.591266e-06,11756.613355875015,187.07318758964539,8606.958317518234,213
10480,90,125,3.977069e-05,11757.72332406044,187.08130264282227,8607.778756380081,213
10481,90,125,2.1827798e-05,11758.841747999191,187.10858273506165,8608.602348089218,213
10482,90,125,0.00011719187,11759.967192649841,187.11058473587036,8609.433448314667,213
10483,90,125,0.00028911777,11761.084321260452,187.11246371269226,8610.26040148735,213
10484,90,125,6.0380167e-05,11762.206141471863,187.12181282043457,8611.095285654068,213
10485,90,125,3.2266133e-05,11763.323217391968,187.14765286445618,8611.911845684052,213
10486,90,125,7.5494645e-05,11764.439549207687,187.1717448234558,8612.735179662704,213
10487,90,125,9.892382e-05,11765.56584763527,187.1934998035431,8613.553923606873,213
10488,90,125,0.00027527023,11766.671557664871,187.19777178764343,8614.370836496353,213
10489,90,125,7.293568e-06,11767.792125701904,187.2126386165619,8615.19737648964,213
10490,90,125,1.541295e-05,11768.903289794922,187.2142035961151,8616.025032520294,213
10491,90,125,1.974331e-06,11770.01925444603,187.22193574905396,8616.860488653183,213
10492,90,125,0.0071601267,11771.14004445076,187.22414469718933,8617.6824157238,213
10493,90,125,4.5771252e-05,11772.247338533401,187.23616886138916,8618.507030963898,213
10494,90,125,1.4619072e-05,11773.359183549881,187.24379086494446,8619.333720684052,213
10495,90,125,5.940644e-05,11774.473291397095,187.26288890838623,8620.155520677567,213
10496,90,125,5.6024364e-06,11775.598180055618,187.29697585105896,8620.975009679794,213
10497,90,125,0.00019359443,11776.722984313965,187.33242774009705,8621.791486501694,213
10498,90,125,2.6424259e-05,11777.842554807663,187.33780884742737,8622.614083528519,213
10499,90,125,8.44304e-06,11778.958616733551,187.33966398239136,8623.440976381302,213
10500,90,125,5.043752e-06,11780.080328702927,187.35237097740173,8624.269534349442,213
10501,90,125,7.852119e-06,11781.191689252853,187.36314296722412,8625.085288524628,213
10502,90,125,0.00019304242,11782.3051571846,187.37081503868103,8625.913204669952,213
10503,90,125,3.1313746e-05,11783.415705919266,187.3836100101471,8626.742613554,213
10504,90,125,7.0975075e-06,11784.524065494537,187.38568210601807,8627.567703723907,213
10505,90,125,5.8909563e-06,11785.65201330185,187.3959460258484,8628.395451784134,213
10506,90,125,3.5288427e-05,11786.774795770645,187.42612624168396,8629.215802907944,213
10507,90,125,3.1092026e-05,11787.89276432991,187.42802143096924,8630.043927907944,213
10508,90,125,1.832796e-06,11789.01340508461,187.43756341934204,8630.869243860245,213
10509,90,125,2.4459996e-05,11790.12049293518,187.45033836364746,8631.690410852432,213
10510,90,125,1.2293966e-05,11791.236021280289,187.45238733291626,8632.516674757004,213
10511,90,125,2.9685038e-05,11792.342650413513,187.4543912410736,8633.335635900497,213
10512,90,125,9.313211e-08,11793.462261199951,187.46226930618286,8634.156042814255,213
10513,90,125,2.2500559e-05,11794.583988666534,187.47470426559448,8634.977585792542,213
10514,90,125,0.00016768178,11795.707805633545,187.4966971874237,8635.803511857986,213
10515,90,125,6.455696e-05,11796.826949834824,187.50380516052246,8636.627066850662,213
10516,90,125,1.9260253e-05,11797.93669295311,187.50799322128296,8637.450563907623,213
10517,90,125,6.431586e-05,11799.044094085693,187.51017808914185,8638.27809381485,213
10518,90,125,0.0001829401,11800.1659014225,187.5205991268158,8639.094052791595,213
10519,90,125,3.5513865e-05,11801.278925657272,187.54741024971008,8639.91435956955,213
10520,90,125,2.0153243e-06,11802.40388059616,187.5850682258606,8640.729053735733,213
10521,90,125,5.1781353e-07,11803.516747236252,187.59255528450012,8641.548549890518,213
10522,90,125,4.835098e-06,11804.633292198181,187.60321831703186,8642.368489027023,213
10523,90,125,8.650915e-05,11805.75962638855,187.65005540847778,8643.184621810913,213
10524,90,125,4.4467357e-05,11806.873968839645,187.6601402759552,8644.011517763138,213
10525,90,125,2.6554608e-05,11807.990778923035,187.67176938056946,8644.832692623138,213
10526,90,125,2.0038358e-05,11809.096431016922,187.67347955703735,8645.651330471039,213
10527,90,125,2.6436514e-05,11810.217468261719,187.6845555305481,8646.473776578903,213
10528,90,125,6.528794e-05,11811.334760189056,187.70544958114624,8647.296937704086,213
10529,90,125,5.2095493e-06,11812.460624217987,187.7151186466217,8648.119052886963,213
10530,90,125,2.1162945e-05,11813.592820882797,187.7399706840515,8648.944797754288,213
10531,90,125,5.2205555e-06,11814.711272239685,187.74207973480225,8649.775002002716,213
10532,90,125,8.459086e-06,11815.82734966278,187.76114058494568,8650.597569942474,213
10533,90,125,0.000299114,11816.942456245422,187.77437663078308,8651.418555259705,213
10534,90,125,2.2285865e-05,11818.054169178009,187.78367567062378,8652.236151218414,213
10535,90,125,5.2483447e-05,11819.16566991806,187.7910556793213,8653.059823989868,213
10536,90,125,7.864715e-06,11820.282220840454,187.79636359214783,8653.882853984833,213
10537,90,125,0.00014859349,11821.399961233139,187.79815077781677,8654.698972940445,213
10538,90,125,7.990684e-07,11822.509277820587,187.80960869789124,8655.52347278595,213
10539,90,125,6.707272e-05,11823.62500834465,187.81160163879395,8656.353271961212,213
10540,90,125,0.00012900768,11824.741959095001,187.82450366020203,8657.17573928833,213
10541,90,125,7.314696e-05,11825.85347533226,187.83373260498047,8657.99798631668,213
10542,90,125,0.00039518872,11826.96531200409,187.8419644832611,8658.811440229416,213
10543,90,125,4.119634e-05,11828.08640909195,187.84411430358887,8659.639504432678,213
10544,90,125,6.2356844e-06,11829.213468551636,187.86620831489563,8660.46397948265,213
10545,91,125,2.2558415e-05,11830.233244419098,187.86861848831177,8661.277658462524,213
10546,91,125,9.885118e-06,11831.347596406937,187.87406659126282,8662.097536563873,213
10547,91,125,0.01119642,11832.460483312607,187.87597060203552,8662.926830530167,213
10548,91,125,1.0178791e-05,11833.57191991806,187.87773966789246,8663.742872476578,213
10549,91,125,5.0401453e-05,11834.691146612167,187.8795986175537,8664.562309265137,213
10550,91,125,5.047739e-07,11835.796256303787,187.8866946697235,8665.375363349915,213
10551,91,125,0.00032038148,11836.908248186111,187.90896654129028,8666.193556308746,213
10552,91,125,6.649095e-05,11838.0235850811,187.91217231750488,8667.017156362534,213
10553,91,125,4.2330765e-05,11839.140735149384,187.9143283367157,8667.849186182022,213
10554,91,125,9.69213e-06,11840.249302148819,187.92517352104187,8668.670597314835,213
10555,91,125,2.4914047e-05,11841.37417435646,187.95136141777039,8669.496636390686,213
10556,91,125,2.0116511e-07,11842.498533964157,187.97684121131897,8670.317776441574,213
10557,91,125,1.0219354e-05,11843.619449615479,188.00715732574463,8671.137536525726,213
10558,91,125,4.3585638e-07,11844.734342813492,188.02203035354614,8671.954080581665,213
10559,91,125,5.2875566e-05,11845.839559078217,188.03276228904724,8672.770161628723,213
10560,91,125,0.0007725809,11846.94786810875,188.03509521484375,8673.593668699265,213
10561,91,125,5.933214e-05,11848.059171199799,188.03716826438904,8674.423587799072,213
10562,91,125,6.4851597e-06,11849.184185266495,188.039044380188,8675.25314283371,213
10563,91,125,2.2351738e-08,11850.306686401367,188.0662055015564,8676.078583717346,213
10564,91,125,0.0005459497,11851.423999547958,188.0735855102539,8676.901493787766,213
10565,91,125,0.0014484164,11852.546221494675,188.07552337646484,8677.72898364067,213
10566,91,125,3.706402e-06,11853.659217596054,188.07758736610413,8678.547227621078,213
10567,91,125,1.4156068e-07,11854.768251657486,188.09471940994263,8679.362635612488,213
10568,91,125,4.417833e-06,11855.888042211533,188.096830368042,8680.18743276596,213
10569,91,125,0.0002170891,11857.011719465256,188.13175129890442,8681.007922649384,213
10570,91,125,8.095022e-06,11858.13426065445,188.13476037979126,8681.834249734879,213
10571,91,125,3.8013727e-06,11859.255951881409,188.14651656150818,8682.653511762619,213
10572,91,125,1.9910733e-06,11860.379674196243,188.1841197013855,8683.471285581589,213
10573,91,125,1.8434945e-05,11861.502540588379,188.1859838962555,8684.301132678986,213
10574,91,125,4.949745e-05,11862.621555805206,188.2062668800354,8685.11954665184,213
10575,91,125,7.013836e-06,11863.749371051788,188.20840287208557,8685.937836647034,213
10576,91,125,1.3853503e-05,11864.876059770584,188.23486399650574,8686.75971364975,213
10577,91,125,0.00066576427,11866.008525133133,188.25826692581177,8687.5815615654,213
10578,91,125,5.587931e-08,11867.124613761902,188.2882387638092,8688.401066541672,213
10579,91,125,2.4214371e-08,11868.242799282074,188.3053708076477,8689.21950340271,213
10580,91,125,2.9819334e-06,11869.367223501205,188.32248878479004,8690.039924383163,213
10581,91,125,1.6204976e-07,11870.484352827072,188.33305072784424,8690.864359378815,213
10582,91,125,0.0006615246,11871.596444129944,188.34232473373413,8691.687601566315,213
10583,91,125,0.00016049067,11872.707727432251,188.35060286521912,8692.50665640831,213
10584,91,125,1.1976364e-06,11873.839377880096,188.3526690006256,8693.334413290024,213
10585,91,125,4.4703448e-08,11874.956229925156,188.3544020652771,8694.152759075165,213
10586,91,125,4.3700038e-05,11876.08259510994,188.38526606559753,8694.973458051682,213
10587,91,125,1.1920915e-07,11877.209787845612,188.41930508613586,8695.796926736832,213
10588,91,125,8.009362e-08,11878.32724571228,188.42595410346985,8696.625190734863,213
10589,91,125,3.7918976e-06,11879.448578357697,188.4278609752655,8697.452387571335,213
10590,91,125,4.84287e-08,11880.562311649323,188.4456889629364,8698.272223711014,213
10591,91,125,4.339912e-07,11881.74700832367,188.4476399421692,8699.169107675552,213
10592,91,125,1.17346396e-07,11882.93629527092,188.44973993301392,8700.071029663086,213
10593,91,125,9.0336664e-07,11884.058089971542,188.47398805618286,8700.889714479446,213
10594,91,125,7.934765e-07,11885.16834807396,188.48305916786194,8701.709676504135,213
10595,91,125,1.3447852e-06,11886.29266166687,188.49204921722412,8702.537059545517,213
10596,91,126,1.659548e-06,11887.81185555458,188.90686345100403,8703.354244709015,213
10597,91,126,0.00051908655,11888.934240818024,188.9210343360901,8704.175619840622,213
10598,91,126,4.879779e-06,11890.045588254929,188.93150925636292,8705.005564689636,213
10599,91,126,3.3527533e-07,11891.160228013992,188.94018626213074,8705.826157808304,213
10600,91,126,1.1281412e-05,11892.275561332703,188.94897413253784,8706.652847766876,213
10601,91,126,1.021199e-05,11893.391599655151,188.95277500152588,8707.476888895035,213
10602,91,126,8.6424376e-07,11894.512873888016,188.9738781452179,8708.298737049103,213
10603,91,126,1.4059769e-05,11895.63679075241,188.99058294296265,8709.1224360466,213
10604,91,126,8.031791e-06,11896.752004384995,189.0069718360901,8709.939038038254,213
10605,91,126,0.00019662676,11897.872156143188,189.00881695747375,8710.764964818954,213
10606,91,126,2.7100286e-06,11898.981172323227,189.01582717895508,8711.587277650833,213
10607,91,126,2.62631e-07,11900.095056533813,189.04049110412598,8712.410650730133,213
10608,91,126,2.1340868e-05,11901.201795578003,189.04248690605164,8713.235941648483,213
10609,91,126,4.0137093e-06,11902.312412977219,189.05580878257751,8714.058576583862,213
10610,91,126,3.036082e-07,11903.432411193848,189.06453585624695,8714.882575511932,213
10611,91,126,2.1381938e-06,11904.547814846039,189.0762598514557,8715.708484649658,213
10612,91,126,1.0262951e-06,11905.65839099884,189.07934379577637,8716.524393558502,213
10613,91,126,6.8829263e-06,11906.785364627838,189.1009647846222,8717.348698854446,213
10614,91,126,4.0978154e-08,11907.892829656601,189.10259866714478,8718.171131849289,213
10615,91,126,1.0395562e-05,11909.014611005783,189.13884043693542,8718.993198871613,213
10616,91,126,1.7508075e-06,11910.124658346176,189.16989040374756,8719.814319849014,213
10617,91,126,2.9802308e-08,11911.246366024017,189.19601345062256,8720.631373882294,213
10618,91,126,2.8348397e-06,11912.363313436508,189.22002148628235,8721.454628944397,213
10619,91,126,5.7489437e-06,11913.477341651917,189.22197556495667,8722.2733938694,213
10620,91,126,3.1664953e-08,11914.597464084625,189.240713596344,8723.089369773865,213
10621,91,126,2.734152e-06,11915.727349996567,189.2805187702179,8723.91009092331,213
10622,91,126,6.705508e-08,11916.843975782394,189.30141377449036,8724.730945110321,213
10623,91,126,0.00016912271,11917.961020469666,189.31916785240173,8725.552391052246,213
10624,91,126,3.036091e-07,11919.079538345337,189.32102990150452,8726.373757362366,213
10625,91,126,5.3271316e-07,11920.200011253357,189.3307909965515,8727.196653604507,213
10626,91,126,2.6821982e-07,11921.320677042007,189.34881114959717,8728.018905639648,213
10627,91,126,2.4214293e-07,11922.439883470535,189.37868905067444,8728.838980674744,213
10628,91,126,3.7624983e-07,11923.554698944092,189.3928439617157,8729.66140961647,213
10629,91,126,2.741736e-06,11924.67448759079,189.41292095184326,8730.482365846634,213
10630,91,126,0.00014384252,11925.797780513763,189.43798899650574,8731.306887865067,213
10631,91,126,1.9860217e-05,11926.904473543167,189.444030046463,8732.130254745483,213
10632,91,126,2.6077016e-08,11928.025367975235,189.44861817359924,8732.954404830933,213
10633,91,126,6.3329864e-08,11929.142653942108,189.45111227035522,8733.773736000061,213
10634,91,126,1.8029365e-06,11930.26751947403,189.47995924949646,8734.591557979584,213
10635,91,126,4.1722728e-07,11931.387483596802,189.48206233978271,8735.419301748276,213
10636,91,126,1.862645e-09,11932.51012802124,189.51556515693665,8736.238560676575,213
10637,91,126,7.153082e-06,11933.631819486618,189.54821014404297,8737.057473897934,213
10638,91,126,2.346918e-07,11934.75364279747,189.57200503349304,8737.877848148346,213
10639,91,126,5.0291362e-08,11935.849917650223,189.5738980770111,8738.69914317131,213
10640,91,126,4.670754e-05,11936.958559036255,189.57605814933777,8739.527059555054,213
10641,91,126,3.7625082e-07,11938.082438468933,189.60272812843323,8740.346082687378,213
10642,91,126,1.0539092e-05,11939.203465223312,189.6048400402069,8741.165778636932,213
10643,91,126,2.8684568e-07,11940.320353031158,189.63590502738953,8741.983592748642,213
10644,91,126,5.587935e-09,11941.443791151047,189.63786101341248,8742.799874782562,213
10645,91,126,2.8125723e-07,11942.56090092659,189.66515803337097,8743.619134664536,213
10646,91,126,3.2891098e-06,11943.67682337761,189.69883704185486,8744.4391477108,213
10647,91,126,9.853088e-07,11944.793632268906,189.7035801410675,8745.269834756851,213
10648,91,126,8.2700694e-07,11945.90937447548,189.70747709274292,8746.086767673492,213
10649,91,126,3.1292288e-07,11947.030836582184,189.71976017951965,8746.906759738922,213
10650,91,127,2.2960829e-05,11948.554087877274,190.12901496887207,8747.71968793869,213
10651,91,127,1.0472272e-05,11949.677532434464,190.15643215179443,8748.535356998444,213
10652,91,127,9.578916e-05,11950.803579092026,190.18400812149048,8749.358939886093,213
10653,91,127,4.2095576e-07,11951.914770364761,190.1906542778015,8750.178654670715,213
10654,91,127,7.337462e-06,11953.025347471237,190.19262409210205,8751.001023769379,213
10655,91,127,1.1175865e-07,11954.158576250076,190.2309012413025,8751.81723189354,213
10656,91,127,3.7250668e-06,11955.275922060013,190.24093317985535,8752.643885850906,213
10657,91,127,2.5163556e-06,11956.39782834053,190.266095161438,8753.461292982101,213
10658,91,127,1.7974069e-06,11957.511941194534,190.28155207633972,8754.277774095535,213
10659,91,127,3.693404e-06,11958.627754926682,190.28996920585632,8755.097845077515,213
10660,91,127,1.5459308e-06,11959.741335868835,190.29189014434814,8755.913635969162,213
10661,91,127,2.8655497e-05,11960.866199970245,190.32256627082825,8756.737221956253,213
10662,92,127,4.3973982e-06,11961.8820374012,190.3249213695526,8757.5516269207,213
10663,92,127,8.568158e-08,11962.985421419144,190.32672238349915,8758.36910200119,213
10664,92,127,4.6945763e-05,11964.117928266525,190.3600993156433,8759.188113212585,213
10665,92,127,4.08622e-06,11965.247563838959,190.36221647262573,8760.019847393036,213
10666,92,127,1.5254845e-06,11966.359071493149,190.37242650985718,8760.847207546234,213
10667,92,127,2.1754336e-06,11967.465805053711,190.3742024898529,8761.668485403061,213
10668,92,127,4.3213103e-07,11968.581172704697,190.37599229812622,8762.492780447006,213
10669,92,127,2.0954253e-06,11969.696292161942,190.38946151733398,8763.310464382172,213
10670,92,127,7.2839107e-06,11970.81416773796,190.40856051445007,8764.13574719429,213
10671,92,127,6.507502e-06,11971.93749499321,190.43274855613708,8764.960822105408,213
10672,92,127,1.6148335e-06,11973.052627563477,190.43472337722778,8765.782469034195,213
10673,92,127,8.125694e-06,11974.171337127686,190.44957041740417,8766.606570959091,213
10674,92,127,4.4022778e-05,11975.279165744781,190.4653525352478,8767.42619395256,213
10675,92,127,2.3207358e-06,11976.3982796669,190.4837884902954,8768.247298955917,213
10676,92,127,2.7992963e-05,11977.508015871048,190.48973441123962,8769.064193964005,213
10677,92,127,3.8834555e-06,11978.623324632645,190.49182438850403,8769.892168998718,213
10678,92,127,2.645149e-05,11979.74056315422,190.5234203338623,8770.7088971138,213
10679,92,127,1.0244542e-07,11980.851271152496,190.53854322433472,8771.525625944138,213
10680,92,127,5.5692374e-07,11981.961780071259,190.54739904403687,8772.352302789688,213
10681,92,127,5.022891e-06,11983.07801747322,190.56372499465942,8773.179042816162,213
10682,92,127,3.339302e-05,11984.202786684036,190.58754301071167,8774.005750894547,213
10683,92,127,1.6316334e-06,11985.311051607132,190.59138894081116,8774.823552846909,213
10684,92,127,2.9429677e-07,11986.43109202385,190.61227297782898,8775.646593809128,213
10685,92,127,5.4997195e-06,11987.548980236053,190.62105894088745,8776.463263750076,213
10686,92,127,5.0477223e-07,11988.652368068695,190.6229739189148,8777.280529975891,213
10687,92,127,2.0395357e-06,11989.772979736328,190.62487697601318,8778.10270690918,213
10688,92,127,2.9429637e-07,11990.890470266342,190.64592790603638,8778.925350666046,213
10689,92,127,1.5787447e-05,11991.998923540115,190.66590285301208,8779.748862743378,213
10690,92,127,3.5312773e-06,11993.10983300209,190.68520998954773,8780.568474769592,213
10691,92,127,1.0151286e-06,11994.22684264183,190.6876289844513,8781.394150972366,213
10692,92,127,1.9780205e-06,11995.343219518661,190.68956303596497,8782.216009140015,213
10693,92,127,4.268756e-06,11996.443308830261,190.7121479511261,8783.03007721901,213
10694,92,127,2.2724149e-07,11997.556852340698,190.7224850654602,8783.85273194313,213
10695,92,127,4.160923e-06,11998.677371025085,190.7574121952057,8784.664666891098,213
10696,92,127,3.911553e-08,11999.79255104065,190.75948238372803,8785.492671966553,213
10697,92,127,3.8517483e-06,12000.904217243195,190.7617003917694,8786.308802604675,213
10698,92,127,8.195626e-08,12002.02423286438,190.7708864212036,8787.136006593704,213
10699,92,127,2.4028043e-07,12003.13647198677,190.77280354499817,8787.951051473618,213
10700,92,127,1.6632579e-06,12004.257067203522,190.78906440734863,8788.765663385391,213
10701,92,127,1.639124e-07,12005.36814570427,190.82218623161316,8789.586431264877,213
10702,92,127,1.0486589e-06,12006.478791236877,190.82413244247437,8790.405004501343,213
10703,92,127,5.4575094e-07,12007.593690156937,190.82606840133667,8791.234696626663,213
10704,92,127,3.3527588e-08,12008.704646348953,190.82955932617188,8792.061012506485,213
10705,92,127,7.4505756e-08,12009.823186635971,190.84121012687683,8792.87915468216,213
10706,92,127,4.1441117e-06,12010.934068918228,190.84340524673462,8793.70095872879,213
10707,92,127,2.6077021e-08,12012.044953346252,190.8452501296997,8794.525355577469,213
10708,92,127,2.346917e-07,12013.169288158417,190.87452816963196,8795.343542337418,213
10709,92,127,4.5815937e-06,12014.27078127861,190.88284826278687,8796.158710241318,213
10710,92,127,9.49736e-05,12015.37742114067,190.88511323928833,8796.980219125748,213
10711,92,127,1.6712098e-05,12016.49047589302,190.88691329956055,8797.801186323166,213
10712,92,127,2.7939667e-08,12017.599251508713,190.888756275177,8798.614444494247,213
10713,92,127,3.6135015e-07,12018.729289531708,190.9264781475067,8799.429958343506,213
10714,92,127,4.2035695e-06,12019.841464042664,190.9284873008728,8800.25112938881,213
10715,92,127,1.1175836e-07,12020.965698719025,190.9470293521881,8801.073105096817,213
10716,92,127,8.6052364e-07,12022.076466798782,190.96488451957703,8801.896958112717,213
10717,92,127,6.4310652e-06,12023.184953451157,190.96669960021973,8802.711614847183,213
10718,92,127,3.6321163e-07,12024.306324005127,190.97917246818542,8803.530976772308,213
10719,92,127,6.1532996e-06,12025.418791770935,191.00602865219116,8804.344315767288,213
10720,92,127,0.00014581624,12026.550339698792,191.01893544197083,8805.171738862991,213
10721,92,127,1.1614953e-05,12027.66843008995,191.02568531036377,8805.9866669178,213
10722,92,127,7.636834e-08,12028.786969184875,191.04773831367493,8806.808564901352,213
10723,92,127,3.46449e-07,12029.906458377838,191.0495753288269,8807.633464097977,213
10724,92,127,4.3036373e-05,12031.019340515137,191.0694773197174,8808.450581073761,213
10725,92,127,8.0279017e-07,12032.14536523819,191.080664396286,8809.273821115494,213
10726,92,127,5.505836e-05,12033.259615182877,191.1111934185028,8810.095938205719,213
10727,92,127,1.7731662e-06,12034.376378059387,191.11326050758362,8810.918880939484,213
10728,92,127,5.352703e-06,12035.49548983574,191.11523747444153,8811.746277809143,213
10729,92,127,0.0,12036.601922988892,191.12833452224731,8812.564893722534,213
10730,92,127,4.7160647e-05,12037.713787555695,191.13018941879272,8813.393644809723,213
10731,92,127,3.1664953e-08,12038.835388422012,191.15846037864685,8814.214060783386,213
10732,92,127,1.8455656e-05,12039.953823804855,191.16510152816772,8815.038334846497,213
10733,92,127,0.00035824734,12041.056652545929,191.17861151695251,8815.859514713287,213
10734,92,127,6.3410275e-06,12042.164118528366,191.1806845664978,8816.683205842972,213
10735,92,127,1.5496639e-06,12043.282795906067,191.1829125881195,8817.510187625885,213
10736,92,127,9.238556e-07,12044.395106077194,191.18472957611084,8818.330197572708,213
10737,92,127,1.6949998e-07,12045.5098695755,191.20035552978516,8819.151665687561,213
10738,92,127,4.419433e-06,12046.612463474274,191.20224046707153,8819.976336717606,213
10739,92,127,2.142038e-07,12047.726774215698,191.21822452545166,8820.796550750732,213
10740,92,127,1.311251e-06,12048.837138175964,191.22687435150146,8821.621130943298,213
10741,92,127,8.754425e-08,12049.949069738388,191.23070240020752,8822.445760965347,213
10742,92,127,1.2535129e-06,12051.05847620964,191.23705625534058,8823.267856836319,213
10743,92,127,5.587935e-09,12052.176617383957,191.27193427085876,8824.081009626389,213
10744,92,127,3.781149e-07,12053.28796672821,191.27724623680115,8824.895434617996,213
10745,92,127,5.30845e-07,12054.395150184631,191.2792763710022,8825.71900844574,213
10746,92,127,6.4633264e-07,12055.505643129349,191.28530144691467,8826.537404537201,213
10747,92,127,4.6565864e-07,12056.642095565796,191.3141474723816,8827.356556653976,213
10748,92,127,0.00017764186,12057.758168935776,191.31883430480957,8828.174572467804,213
10749,92,127,3.3878093e-06,12058.871625185013,191.34519028663635,8828.989638328552,213
10750,92,127,1.2311601e-06,12059.987810611725,191.34717631340027,8829.815012216568,213
10751,92,127,0.0,12061.106876850128,191.35991621017456,8830.638709545135,213
10752,92,127,4.4521963e-05,12062.218955039978,191.3622260093689,8831.454292535782,213
10753,92,127,1.5012209e-06,12063.338175296783,191.3647539615631,8832.276505470276,213
10754,92,127,7.078047e-08,12064.446240663528,191.3829128742218,8833.09452533722,213
10755,92,127,3.9115534e-08,12065.551029205322,191.39305090904236,8833.916178226471,213
10756,92,127,2.4622266e-06,12066.691812753677,191.4111578464508,8834.742332220078,213
10757,92,127,1.862645e-09,12067.81215763092,191.4229657649994,8835.565440177917,213
10758,92,127,2.5516665e-06,12068.92253112793,191.43540287017822,8836.38143825531,213
10759,92,127,8.085555e-06,12070.03706741333,191.44757294654846,8837.20863199234,213
10760,92,127,8.009366e-08,12071.148863077164,191.45601201057434,8838.027573823929,213
10761,92,127,2.6077018e-08,12072.25751376152,191.4646668434143,8838.852840900421,213
10762,92,127,1.0952162e-06,12073.358587741852,191.46663784980774,8839.672456979752,213
10763,92,127,8.526733e-06,12074.481429576874,191.48245882987976,8840.492413043976,213
10764,92,127,1.4445813e-05,12075.596747875214,191.499746799469,8841.314095258713,213
10765,92,127,1.50874e-07,12076.723850250244,191.53387093544006,8842.136320352554,213
10766,92,127,2.4959277e-07,12077.835377931595,191.5387887954712,8842.96856212616,213
10767,92,127,3.203723e-07,12078.942727565765,191.54037070274353,8843.793669223785,213
10768,92,127,1.732252e-07,12080.057085514069,191.55696868896484,8844.618747234344,213
10769,92,127,1.7023739e-06,12081.187184095383,191.59035563468933,8845.434965133667,213
10770,92,127,3.3527584e-08,12082.310007810593,191.5922827720642,8846.26519727707,213
10771,92,127,1.9649738e-06,12083.439020633698,191.61706376075745,8847.092643022537,213
10772,92,127,8.00936e-08,12084.55643939972,191.6414339542389,8847.907019138336,213
10773,92,127,5.215398e-08,12085.667069196701,191.64872884750366,8848.72685098648,213
10774,92,127,8.195619e-08,12086.785477638245,191.65059185028076,8849.55336689949,213
10775,92,128,2.287785e-05,12088.284624814987,192.02630305290222,8850.378263950348,213
10776,92,128,7.3760145e-07,12089.405125617981,192.04845809936523,8851.19928073883,213
10777,92,128,6.1053455e-05,12090.518411636353,192.05604696273804,8852.02309679985,213
10778,92,128,1.8282402e-05,12091.639980077744,192.07724690437317,8852.843193769455,213
10779,93,128,5.494757e-07,12092.670449495316,192.0797369480133,8853.663961648941,213
10780,93,128,0.00013887795,12093.795931339264,192.08167695999146,8854.488347768784,213
10781,93,128,6.333865e-06,12094.915967941284,192.08637285232544,8855.314449548721,213
10782,93,128,2.1400906e-06,12096.026882886887,192.10782289505005,8856.134722471237,213
10783,93,128,5.885913e-07,12097.14978146553,192.1203339099884,8856.957884311676,213
10784,93,128,9.305287e-05,12098.271740913391,192.12262797355652,8857.78679561615,213
10785,93,128,3.8182598e-06,12099.388840675354,192.13751196861267,8858.61614561081,213
10786,93,128,2.0693606e-06,12100.50974726677,192.16213512420654,8859.434475660324,213
10787,93,128,1.8085859e-06,12101.637366056442,192.1846899986267,8860.253832817078,213
10788,93,128,1.0952157e-06,12102.753866195679,192.19043898582458,8861.068081855774,213
10789,93,128,3.427101e-06,12103.879548311234,192.19224905967712,8861.896664857864,213
10790,93,128,0.00013899115,12104.981270074844,192.20170211791992,8862.716247797012,213
10791,93,128,9.307314e-06,12106.094384908676,192.21070313453674,8863.540143966675,213
10792,93,128,2.1624537e-06,12107.21720957756,192.2215931415558,8864.370042800903,213
10793,93,128,7.023242e-06,12108.335510492325,192.2236292362213,8865.197891712189,213
10794,93,128,9.3876065e-07,12109.435773849487,192.2286412715912,8866.018299818039,213
10795,93,128,2.2966437e-05,12110.562932014465,192.25924515724182,8866.840984106064,213
10796,93,128,2.3993176e-05,12111.666398763657,192.2612223625183,8867.65904712677,213
10797,93,128,0.00027287655,12112.774993896484,192.27457523345947,8868.476896047592,213
10798,93,128,1.5906686e-06,12113.889950275421,192.28262734413147,8869.294621944427,213
10799,93,128,3.4645015e-07,12115.015246629715,192.30833435058594,8870.122174739838,213
10800,93,128,0.0016117089,12116.135764837265,192.3273823261261,8870.949586629868,213
10801,93,128,1.670706e-06,12117.253573417664,192.3293492794037,8871.77709388733,213
10802,93,128,1.4901159e-08,12118.37540602684,192.36625337600708,8872.596071958542,213
10803,93,128,2.946638e-06,12119.498822689056,192.4006404876709,8873.409399747849,213
10804,93,128,5.774196e-08,12120.623954057693,192.4262056350708,8874.228246688843,213
10805,93,128,5.5071787e-06,12121.731665372849,192.44590973854065,8875.049872636795,213
10806,93,128,7.078046e-08,12122.84805393219,192.46509981155396,8875.865923643112,213
10807,93,128,5.9604577e-08,12123.970283269882,192.4760718345642,8876.686833620071,213
10808,93,128,1.8626446e-08,12125.090590715408,192.50283479690552,8877.508323669434,213
10809,93,128,1.2921537e-05,12126.207273721695,192.52098965644836,8878.335953712463,213
10810,93,128,5.885921e-07,12127.341100215912,192.5230586528778,8879.165249824524,213
10811,93,128,2.868457e-07,12128.470587015152,192.5524938106537,8879.98631811142,213
10812,93,128,2.4214373e-08,12129.59814786911,192.55467581748962,8880.810523033142,213
10813,93,128,7.264303e-08,12130.723456144333,192.5701768398285,8881.624925851822,213
10814,93,128,0.0029754965,12131.84451174736,192.5906159877777,8882.448722839355,213
10815,93,128,3.8742567e-07,12132.952378511429,192.6055130958557,8883.267707586288,213
10816,93,128,5.96046e-08,12134.083702087402,192.62204217910767,8884.094471693039,213
10817,93,128,2.7918622e-06,12135.197457313538,192.63568711280823,8884.918269634247,213
10818,93,128,5.1848106e-06,12136.321038246155,192.64659905433655,8885.736905813217,213
10819,93,128,5.356067e-06,12137.42857336998,192.64858508110046,8886.554906845093,213
10820,93,128,4.019661e-05,12138.54498910904,192.6504099369049,8887.369964838028,213
10821,93,128,1.7136293e-07,12139.66934800148,192.6524109840393,8888.194853782654,213
10822,93,128,2.7567057e-07,12140.78101849556,192.658607006073,8889.010848522186,213
10823,93,128,2.423635e-05,12141.896330356598,192.68198585510254,8889.824640512466,213
10824,93,128,1.188113e-05,12143.019649267197,192.6951220035553,8890.648958444595,213
10825,93,128,9.126851e-07,12144.132388830185,192.7053620815277,8891.463947534561,213
10826,93,128,1.0132612e-06,12145.24490737915,192.71713995933533,8892.283524513245,213
10827,93,128,9.7144846e-05,12146.357540845871,192.73012399673462,8893.106936454773,213
10828,93,128,8.847515e-07,12147.465958356857,192.75641703605652,8893.919878482819,213
10829,93,128,8.0651046e-07,12148.571824550629,192.75823211669922,8894.734519481659,213
10830,93,128,1.5261608e-05,12149.706571102142,192.78677415847778,8895.552310705185,213
10831,93,128,3.199699e-06,12150.820944786072,192.79961609840393,8896.37414264679,213
10832,93,128,1.1399161e-06,12151.941309452057,192.80184507369995,8897.198195695877,213
10833,93,128,3.6187207e-06,12153.059813261032,192.82175612449646,8898.018857717514,213
10834,93,128,6.522272e-06,12154.180250644684,192.85421514511108,8898.837740659714,213
10835,93,128,2.8963163e-05,12155.300485610962,192.859069108963,8899.658634662628,213
10836,93,128,0.00039521244,12156.411658287048,192.86112713813782,8900.483408927917,213
10837,93,128,4.7310772e-07,12157.509271621704,192.86317920684814,8901.30786561966,213
10838,93,128,0.00063597993,12158.627920866013,192.89049625396729,8902.126888751984,213
10839,93,128,0.0004948258,12159.767211675644,192.8925383090973,8902.9545648098,213
10840,93,128,4.4531052e-06,12160.87711071968,192.89446139335632,8903.781815767288,213
10841,93,128,2.2369768e-05,12162.005308389664,192.91318130493164,8904.604952812195,213
10842,93,128,4.240707e-06,12163.124454498291,192.9263904094696,8905.431596755981,213
10843,93,128,0.29329106,12164.252316951752,192.975688457489,8906.248292684555,213
10844,93,128,0.0002237255,12165.351088523865,192.9784393310547,8907.068277597427,213
10845,93,128,7.692637e-05,12166.470602035522,192.98072123527527,8907.891129493713,213
10846,93,128,1.305681e-06,12167.587949037552,192.98278617858887,8908.71361541748,213
10847,93,128,7.968614e-06,12168.712586641312,192.99563932418823,8909.54375743866,213
10848,93,128,7.959718e-05,12169.834916830063,192.99755239486694,8910.36615562439,213
10849,93,128,0.00046142304,12170.95505285263,193.01548051834106,8911.182655572891,213
10850,93,128,8.856252e-06,12172.08016204834,193.04142546653748,8911.999524593353,213
10851,93,129,0.0055209156,12173.584580898285,193.44097232818604,8912.817203521729,213
10852,93,129,3.788436e-06,12174.70300936699,193.45444440841675,8913.632460594177,213
10853,93,129,1.1124174e-05,12175.82303929329,193.4688425064087,8914.456704378128,213
10854,93,129,6.2636104e-06,12176.96841955185,193.49977660179138,8915.290006399155,213
10855,93,129,2.3948556e-05,12178.090043783188,193.50189971923828,8916.112917423248,213
10856,93,129,1.0938338e-05,12179.211590766907,193.51067185401917,8916.93955540657,213
10857,93,129,4.4828284e-05,12180.334806919098,193.51259684562683,8917.762791633606,213
10858,93,129,0.009215182,12181.46303653717,193.5311987400055,8918.587659597397,213
10859,93,129,1.502595e-05,12182.582766532898,193.5382947921753,8919.41468667984,213
10860,93,129,0.00037770072,12183.715490579605,193.5400037765503,8920.245270490646,213
10861,93,129,0.00018523796,12184.832665205002,193.54918575286865,8921.071445703506,213
10862,93,129,0.00014712906,12185.94022321701,193.55666780471802,8921.886962652206,213
10863,93,129,7.404637e-05,12187.051540136337,193.56638360023499,8922.712127447128,213
10864,93,129,0.0007174788,12188.158236026764,193.58535265922546,8923.528207540512,213
10865,93,129,0.0008106112,12189.272905349731,193.58815050125122,8924.354503393173,213
10866,93,129,0.0015065989,12190.391290903091,193.58997249603271,8925.182857513428,213
10867,93,129,0.0010654703,12191.505874156952,193.60467052459717,8925.999673604965,213
10868,93,129,0.00034112565,12192.615980148315,193.60670256614685,8926.812041521072,213
10869,93,129,3.5091418e-06,12193.724426984787,193.61873173713684,8927.632061481476,213
10870,93,129,0.00015206797,12194.831765413284,193.62176370620728,8928.45140838623,213
10871,93,129,0.0007306831,12195.952612400055,193.6295087337494,8929.268063545227,213
10872,93,129,5.3528747e-06,12197.078556060791,193.63818788528442,8930.099996805191,213
10873,93,129,0.0018391854,12198.19733095169,193.64027380943298,8930.920491695404,213
10874,93,129,1.4523408e-05,12199.310572624207,193.65138387680054,8931.739670753479,213
10875,93,129,2.5522979e-05,12200.415523529053,193.6532747745514,8932.567459821701,213
10876,93,129,0.00025362772,12201.52243924141,193.67334485054016,8933.382347106934,213
10877,93,129,7.413744e-05,12202.64336681366,193.67731285095215,8934.204086065292,213
10878,93,129,0.004770742,12203.76423048973,193.69586396217346,8935.028876066208,213
10879,93,129,0.0002721758,12204.887913227081,193.6978361606598,8935.854805231094,213
10880,93,129,5.1725885e-05,12206.005738973618,193.70411825180054,8936.675198316574,213
10881,93,129,7.819779e-05,12207.116268873215,193.7095673084259,8937.491129398346,213
10882,93,129,3.55763e-07,12208.239576816559,193.73828744888306,8938.308105707169,213
10883,93,129,4.7215653e-06,12209.36213684082,193.75699830055237,8939.133484601974,213
10884,93,129,2.028372e-06,12210.485091209412,193.7680253982544,8939.95860362053,213
10885,93,129,7.4387785e-06,12211.588345766068,193.77017545700073,8940.78172659874,213
10886,93,129,1.2755962e-05,12212.698713302612,193.77534246444702,8941.607200622559,213
10887,93,129,0.00082284625,12213.816133022308,193.7908284664154,8942.427340507507,213
10888,93,129,4.6432197e-06,12214.92909026146,193.79444861412048,8943.248128414154,213
10889,93,129,5.6768804e-06,12216.042629241943,193.80819058418274,8944.066123485565,213
10890,93,129,5.96042e-07,12217.166644334793,193.8100664615631,8944.892296552658,213
10891,93,129,5.787725e-05,12218.284605503082,193.8173155784607,8945.711441516876,213
10892,93,129,7.5435844e-07,12219.41452383995,193.8554105758667,8946.537165403366,213
10893,93,129,0.00011392667,12220.52371430397,193.87491464614868,8947.353680372238,213
10894,93,129,1.1226151e-05,12221.642995119095,193.9034025669098,8948.173228263855,213
10895,93,129,0.0010586386,12222.771183252335,193.91825771331787,8948.99430513382,213
10896,94,129,1.2563964e-05,12223.787277460098,193.92051482200623,8949.811264038086,213
10897,94,129,0.00014441447,12224.907309770584,193.92239379882812,8950.630186796188,213
10898,94,129,7.7297955e-07,12226.030800580978,193.9405496120453,8951.455653905869,213
10899,94,129,0.00012659909,12227.129304885864,193.94416761398315,8952.269882917404,213
10900,94,129,2.1214921e-06,12228.243017911911,193.94590163230896,8953.095993995667,213
10901,94,129,8.389559e-06,12229.368727207184,193.95590662956238,8953.926822900772,213
10902,94,129,0.0001504491,12230.484558105469,193.96213555335999,8954.74542593956,213
10903,94,129,9.704086e-07,12231.614119529724,193.97834968566895,8955.570027828217,213
10904,94,129,0.000799285,12232.719205379486,193.99328470230103,8956.39433670044,213
10905,94,129,2.2979339e-05,12233.828693628311,194.00294756889343,8957.215896606445,213
10906,94,129,0.008338403,12234.944541454315,194.00558161735535,8958.043526411057,213
10907,94,129,5.726378e-05,12236.06430196762,194.02455949783325,8958.868384599686,213
10908,94,129,7.761179e-05,12237.18956899643,194.05975246429443,8959.691912412643,213
10909,94,129,1.5091355e-05,12238.285786390305,194.06421756744385,8960.510640382767,213
10910,94,129,1.8847762e-05,12239.411920070648,194.10019850730896,8961.32503938675,213
10911,94,129,0.00052051054,12240.528526306152,194.12355852127075,8962.14331459999,213
10912,94,129,1.2936178e-05,12241.645076036453,194.1339726448059,8962.973286390305,213
10913,94,129,0.00340668,12242.7661755085,194.1552186012268,8963.793076515198,213
10914,94,129,0.00028997406,12243.884898424149,194.1814706325531,8964.611756563187,213
10915,94,129,0.12897573,12245.010290622711,194.19695949554443,8965.434326648712,213
10916,94,129,4.57228e-05,12246.125279903412,194.19902634620667,8966.260422468185,213
10917,94,129,0.00053997507,12247.249513864517,194.2041232585907,8967.082115411758,213
10918,94,129,2.7252701e-05,12248.363597631454,194.23837733268738,8967.902614355087,213
10919,94,129,2.883203e-05,12249.4898250103,194.27208709716797,8968.72532248497,213
10920,94,129,0.00044224187,12250.606698036194,194.2890510559082,8969.54760169983,213
10921,94,129,4.9560927e-06,12251.72233915329,194.30276703834534,8970.369279623032,213
10922,94,129,7.058801e-05,12252.840088129044,194.32325100898743,8971.192991495132,213
10923,94,129,0.0012105221,12253.957874774933,194.34693884849548,8972.008503437042,213
10924,94,129,0.00015932601,12255.072642087936,194.36776876449585,8972.827378511429,213
10925,94,129,0.031244788,12256.182853221893,194.388338804245,8973.651592493057,213
10926,94,129,4.3695577e-06,12257.297733306885,194.4120569229126,8974.470838546753,213
10927,94,129,2.4301695e-05,12258.41286945343,194.42570090293884,8975.29422545433,213
10928,94,129,0.014344225,12259.533839702606,194.44095277786255,8976.113956689835,213
10929,94,129,0.0060510314,12260.643812894821,194.45888876914978,8976.937690734863,213
10930,94,129,0.0011755743,12261.757809400558,194.4609558582306,8977.76537680626,213
10931,94,129,0.00096619327,12262.872361183167,194.48949670791626,8978.581219673157,213
10932,94,129,1.8868475e-05,12263.98130607605,194.50227880477905,8979.40405368805,213
10933,94,129,1.2040045e-05,12265.091975688934,194.52920079231262,8980.223856687546,213
10934,94,129,0.016571974,12266.21643280983,194.5532808303833,8981.044404745102,213
10935,94,129,0.010512418,12267.328138113022,194.56259679794312,8981.87280678749,213
10936,94,129,0.013956885,12268.442789077759,194.57301783561707,8982.69212269783,213
10937,94,129,0.043374732,12269.559033632278,194.58950781822205,8983.51035785675,213
10938,94,129,0.0011761019,12270.687577009201,194.6098198890686,8984.333825826645,213
10939,94,129,0.011234081,12271.815789699554,194.61171007156372,8985.165576696396,213
10940,94,129,0.0090197185,12272.923736810684,194.61868906021118,8985.99136376381,213
10941,94,129,1.9560423e-05,12274.046483755112,194.62726402282715,8986.817529439926,213
10942,94,129,0.07318085,12275.170139789581,194.62919998168945,8987.6368932724,213
10943,94,129,9.580693e-05,12276.287586212158,194.63128399848938,8988.461033344269,213
10944,94,129,0.005921295,12277.409412622452,194.64123010635376,8989.281647443771,213
10945,94,129,4.7604935e-05,12278.5160074234,194.64972114562988,8990.103986501694,213
10946,94,129,0.067647815,12279.631685495377,194.65632605552673,8990.931730270386,213
10947,94,129,0.00054620043,12280.752594947815,194.67401599884033,8991.753707408905,213
10948,94,129,0.0006271864,12281.876291275024,194.6759090423584,8992.572165489197,213
10949,94,129,0.001244608,12283.012824296951,194.72357606887817,8993.389952421188,213
10950,94,129,0.00083272904,12284.136175870895,194.7408640384674,8994.212698698044,213
10951,94,129,6.5781715e-05,12285.266123533249,194.77077221870422,8995.035668849945,213
10952,94,129,0.013068477,12286.380910158157,194.7730734348297,8995.857408046722,213
10953,94,129,0.0003645507,12287.494538545609,194.7750232219696,8996.678745031357,213
10954,94,129,0.006691804,12288.609306573868,194.78192114830017,8997.507066011429,213
10955,94,129,0.00022409769,12289.732110500336,194.78391528129578,8998.32061624527,213
10956,94,129,6.530782e-05,12290.848343372345,194.7914433479309,8999.138147115707,213
10957,94,130,0.0018382911,12292.36557507515,195.17388343811035,8999.969861030579,213
10958,94,130,1.812879e-05,12293.488013982773,195.17577028274536,9000.801043272018,213
10959,94,130,0.0006021752,12294.616589307785,195.18485713005066,9001.631087303162,213
10960,94,130,4.5987344e-06,12295.720051288605,195.18679404258728,9002.445570230484,213
10961,94,130,1.285224e-07,12296.837631940842,195.22504019737244,9003.259691238403,213
10962,94,130,0.00012931405,12297.946584939957,195.2491843700409,9004.078421354294,213
10963,94,130,1.1591546e-05,12299.057489871979,195.25959038734436,9004.899802207947,213
10964,94,130,7.496559e-06,12300.182399511337,195.27771639823914,9005.717862129211,213
10965,94,130,1.5161517e-06,12301.312597036362,195.3004174232483,9006.539721727371,213
10966,94,130,9.6200405e-05,12302.428900003433,195.3147304058075,9007.369803667068,213
10967,94,130,0.00025289573,12303.559151649475,195.34654235839844,9008.1902115345,213
10968,94,130,2.0022162e-06,12304.664534807205,195.34849333763123,9009.007204294205,213
10969,94,130,5.4065178e-05,12305.771871805191,195.3506681919098,9009.824313402176,213
10970,94,130,1.7988856e-05,12306.887054920197,195.35274815559387,9010.652912378311,213
10971,94,130,2.6858288e-06,12307.993387460709,195.3635573387146,9011.475855112076,213
10972,94,130,9.201259e-07,12309.118497371674,195.38476133346558,9012.302134990692,213
10973,94,130,1.6486198e-05,12310.248747348785,195.41411924362183,9013.126378059387,213
10974,94,130,8.2872546e-05,12311.366005659103,195.4160704612732,9013.95172214508,213
10975,94,130,1.073372e-05,12312.489952325821,195.4409716129303,9014.775355100632,213
10976,94,130,5.21537e-07,12313.588988780975,195.44750666618347,9015.590283155441,213
10977,94,130,6.4633593e-07,12314.706062793732,195.45550060272217,9016.414967298508,213
10978,94,130,7.208284e-07,12315.818504333496,195.46026468276978,9017.237229585648,213
10979,94,130,1.9963514e-05,12316.924456357956,195.47124576568604,9018.061183691025,213
10980,94,130,1.9295729e-05,12318.04591679573,195.49467277526855,9018.886033773422,213
10981,94,130,4.605709e-05,12319.165285348892,195.5062506198883,9019.709654092789,213
10982,94,130,2.8684636e-07,12320.30099272728,195.5083167552948,9020.538675069809,213
10983,94,130,2.5721904e-06,12321.428211212158,195.52982878684998,9021.366341114044,213
10984,94,130,2.6931723e-06,12322.549283981323,195.5503168106079,9022.185166358948,213
10985,94,130,0.00037500777,12323.66969370842,195.552259683609,9023.008989334106,213
10986,94,130,1.191117e-05,12324.78100013733,195.5544536113739,9023.822718381882,213
10987,94,130,7.7520555e-05,12325.895036697388,195.55763173103333,9024.642209529877,213
10988,94,130,1.9187415e-05,12327.012057304382,195.56741452217102,9025.463042497635,213
10989,94,130,5.8519654e-06,12328.131795167923,195.5929925441742,9026.278831720352,213
10990,94,130,1.6409155e-06,12329.242270946503,195.60215759277344,9027.096368551254,213
10991,94,130,6.6937746e-06,12330.361072778702,195.61992049217224,9027.911361217499,213
10992,94,130,0.00042902047,12331.483662128448,195.63114142417908,9028.73164820671,213
10993,94,130,2.4870396e-05,12332.60314297676,195.6461284160614,9029.55318236351,213
10994,94,130,0.00012493305,12333.72319149971,195.6535005569458,9030.379470348358,213
10995,94,130,6.088769e-05,12334.843436717987,195.65972352027893,9031.204290151596,213
10996,94,130,6.0087365e-05,12335.956194400787,195.67838144302368,9032.021071195602,213
10997,94,130,1.0915017e-05,12337.068552732468,195.68497729301453,9032.847934246063,213
10998,94,130,8.7543316e-07,12338.19112253189,195.7110095024109,9033.673704385757,213
10999,94,130,1.4719714e-05,12339.29988694191,195.71303462982178,9034.497644424438,213
11000,94,130,2.2210294e-05,12340.41125869751,195.72780871391296,9035.32325220108,213
11001,94,130,9.126953e-08,12341.539685487747,195.75633478164673,9036.134575366974,213
11002,94,130,9.46167e-06,12342.658145427704,195.76191878318787,9036.951036453247,213
11003,94,130,2.6336916e-06,12343.774250030518,195.76379466056824,9037.768250465393,213
11004,94,130,3.2667713e-06,12344.904947519302,195.7656466960907,9038.586589336395,213
11005,94,130,9.313224e-09,12346.026339769363,195.78935551643372,9039.407549142838,213
11006,94,130,2.3756542e-05,12347.147773265839,195.81551456451416,9040.228223085403,213
11007,94,130,3.7252875e-08,12348.270140171051,195.81749939918518,9041.058604001999,213
11008,94,130,5.662396e-07,12349.39606499672,195.81937050819397,9041.891700983047,213
11009,94,130,0.00013500107,12350.50647687912,195.82131552696228,9042.71811079979,213
11010,94,130,3.6989945e-06,12351.6281914711,195.83577156066895,9043.54530286789,213
11011,94,130,1.5310366e-06,12352.7349755764,195.83772349357605,9044.368576049805,213
11012,94,130,1.7136284e-07,12353.85474228859,195.85138463974,9045.194808959961,213
11013,95,130,1.1920808e-06,12354.874132871628,195.85381054878235,9046.01018500328,213
11014,95,130,3.6880095e-07,12355.992460727692,195.8788697719574,9046.826383829117,213
11015,95,130,1.7226948e-05,12357.12431192398,195.8926727771759,9047.660653114319,213
11016,95,130,1.2479389e-06,12358.246702671051,195.89460372924805,9048.480292081833,213
11017,95,130,1.171592e-06,12359.360466003418,195.89721870422363,9049.306306123734,213
11018,95,130,1.8421093e-06,12360.49174785614,195.9548408985138,9050.12369799614,213
11019,95,130,1.1753095e-06,12361.629701375961,195.96338605880737,9050.947747707367,213
11020,95,130,0.03833389,12362.736154556274,195.96535801887512,9051.776095867157,213
11021,95,130,2.154975e-06,12363.851839542389,195.96758389472961,9052.592330694199,213
11022,95,130,1.8197751e-06,12364.972304821014,195.9732768535614,9053.417597770691,213
11023,95,130,5.2153797e-07,12366.092289924622,195.9922740459442,9054.235006570816,213
11024,95,130,1.316322e-05,12367.214406728745,195.9943151473999,9055.06008052826,213
11025,95,130,0.00013946224,12368.331376791,196.0147340297699,9055.878059625626,213
11026,95,130,3.0676597e-06,12369.462836742401,196.01698517799377,9056.714800596237,213
11027,95,130,5.0480015e-05,12370.58164691925,196.0240831375122,9057.539823532104,213
11028,95,130,6.89909e-05,12371.693218946457,196.02854108810425,9058.365605354309,213
11029,95,130,7.450463e-07,12372.812973737717,196.06474995613098,9059.184170246124,213
11030,95,130,4.8242305e-07,12373.93417429924,196.0909788608551,9060.006909370422,213
11031,95,130,4.756566e-06,12375.052309274673,196.09307384490967,9060.831155538559,213
11032,95,130,0.027693694,12376.166105985641,196.0950448513031,9061.658044338226,213
11033,95,130,0.000129693,12377.285239458084,196.10021686553955,9062.481464385986,213
11034,95,130,0.0015585213,12378.39531159401,196.110191822052,9063.29685139656,213
11035,95,130,2.6463102e-05,12379.52128458023,196.11216187477112,9064.121891260147,213
11036,95,130,1.0975039e-05,12380.63846373558,196.12585592269897,9064.936843156815,213
11037,95,130,0.00020091716,12381.752258777618,196.13371396064758,9065.752447128296,213
11038,95,130,0.019000275,12382.861528158188,196.14151191711426,9066.563282251358,213
11039,95,130,0.0010396168,12383.969905376434,196.1435158252716,9067.390731096268,213
11040,95,130,0.033585176,12385.091172933578,196.15857601165771,9068.219669103622,213
11041,95,130,4.8268314e-05,12386.197528600693,196.17606592178345,9069.038811922073,213
11042,95,130,0.0002082202,12387.312026500702,196.1785900592804,9069.864125967026,213
11043,95,130,0.0002713522,12388.436480998993,196.2173900604248,9070.68142080307,213
11044,95,130,0.00925444,12389.55093884468,196.21974515914917,9071.512449741364,213
11045,95,130,0.00021677435,12390.660176753998,196.23000311851501,9072.326523780823,213
11046,95,130,3.5277394e-06,12391.780630350113,196.26135516166687,9073.154168844223,213
11047,95,130,0.00014015946,12392.894011259079,196.26357316970825,9073.975653886795,213
11048,95,130,4.6813537e-05,12394.012429237366,196.28165912628174,9074.802009820938,213
11049,95,130,8.651846e-06,12395.124598741531,196.2839241027832,9075.62672495842,213
11050,95,130,7.9373945e-05,12396.248636960983,196.32354712486267,9076.449418067932,213
11051,95,130,2.6664364e-05,12397.365097999573,196.33136320114136,9077.272053003311,213
11052,95,130,0.00014910157,12398.489544153214,196.33869624137878,9078.096129179,213
11053,95,130,4.1329763e-06,12399.614849328995,196.34054827690125,9078.92043018341,213
11054,95,130,3.8042155e-05,12400.728446483612,196.35623812675476,9079.742725372314,213
11055,95,130,2.4584033e-05,12401.853394031525,196.37878608703613,9080.559806346893,213
11056,95,130,1.5039594e-05,12402.975034236908,196.39749312400818,9081.381237506866,213
11057,95,130,0.0008022341,12404.087594747543,196.3994963169098,9082.210205554962,213
11058,95,130,7.46113e-06,12405.208965539932,196.41371750831604,9083.039545536041,213
11059,95,130,3.9248258e-05,12406.332443237305,196.4326994419098,9083.868507623672,213
11060,95,130,2.3917552e-05,12407.448293209076,196.4349546432495,9084.696039438248,213
11061,95,130,7.022142e-07,12408.569902420044,196.45033264160156,9085.52342247963,213
11062,95,130,0.00013838019,12409.674538373947,196.45232367515564,9086.342376470566,213
11063,95,130,0.0001904745,12410.790323495865,196.45431089401245,9087.16883945465,213
11064,95,130,0.00019852101,12411.916351795197,196.47029995918274,9087.996732711792,213
11065,95,130,0.000315638,12413.040471792221,196.47242999076843,9088.820835828781,213
11066,95,130,2.2928502e-06,12414.166414499283,196.50829410552979,9089.634962797165,213
11067,95,130,0.00027859048,12415.276246786118,196.52280807495117,9090.455385684967,213
11068,95,130,9.694942e-05,12416.400266885757,196.54125714302063,9091.275077819824,213
11069,95,130,0.097521804,12417.52865934372,196.543377161026,9092.10531783104,213
11070,95,130,0.00013402874,12418.650628089905,196.5626699924469,9092.930174589157,213
11071,95,130,1.0625656e-05,12419.76400732994,196.60767793655396,9093.74946641922,213
11072,95,130,0.00047568043,12420.872311115265,196.61025881767273,9094.57250547409,213
11073,95,130,2.8771197e-05,12421.976977109909,196.61293482780457,9095.38663315773,213
11074,95,130,0.0010976982,12423.111347675323,196.64084267616272,9096.205444097519,213
11075,95,130,0.00026334033,12424.218468904495,196.64914870262146,9097.027315855026,213
11076,95,130,1.9920679e-05,12425.341479539871,196.66011762619019,9097.848880767822,213
11077,95,130,0.0004091463,12426.454393863678,196.6788227558136,9098.669323921204,213
11078,95,130,0.00037092678,12427.578844308853,196.6942765712738,9099.48538684845,213
11079,95,130,0.00059326895,12428.69668841362,196.69887447357178,9100.302574634552,213
11080,95,130,0.00012179196,12429.804102897644,196.7120542526245,9101.118841648102,213
11081,95,130,0.00013976419,12430.919627904892,196.7428331375122,9101.933292627335,213
11082,95,130,0.28437355,12432.036153793335,196.7585060596466,9102.758461475372,213
11083,95,130,7.486093e-05,12433.154886960983,196.76033306121826,9103.587846517563,213
11084,95,130,0.00033681132,12434.265374660492,196.76909613609314,9104.416863441467,213
11085,95,130,0.000115272764,12435.382012605667,196.78500819206238,9105.241566419601,213
11086,95,130,0.010683917,12436.497029781342,196.7960262298584,9106.06613945961,213
11087,95,130,0.0049330443,12437.621145963669,196.823322057724,9106.884860277176,213
11088,95,130,0.009662408,12438.744220972061,196.85743713378906,9107.703374147415,213
11089,95,130,0.0018350454,12439.856748104095,196.85956501960754,9108.521539211273,213
11090,95,130,0.00050497835,12440.98320889473,196.8817949295044,9109.341291189194,213
11091,95,130,0.00093494385,12442.098044872284,196.89506912231445,9110.162286996841,213
11092,95,130,0.012616603,12443.214624166489,196.91222524642944,9110.98111796379,213
11093,95,130,0.00089124386,12444.336872816086,196.91421127319336,9111.809017181396,213
11094,95,130,0.0003214451,12445.445307254791,196.9211094379425,9112.630685329437,213
11095,95,130,0.00038470112,12446.560111999512,196.92295241355896,9113.445830345154,213
11096,95,130,0.011111585,12447.66856956482,196.93114757537842,9114.274841308594,213
11097,95,130,0.0036174066,12448.780309438705,196.93473362922668,9115.099189281464,213
11098,95,130,0.002788394,12449.899587631226,196.93676567077637,9115.92760515213,213
11099,95,130,0.0002733115,12451.002491474152,196.93840384483337,9116.752878189087,213
11100,95,130,0.022316188,12452.13358259201,196.9533109664917,9117.579986810684,213
11101,95,130,0.0012578876,12453.260838270187,196.97652387619019,9118.405565738678,213
11102,95,130,0.009104795,12454.383934259415,196.98814368247986,9119.234476566315,213
11103,95,130,8.9469846e-05,12455.491130113602,196.99277472496033,9120.0469186306,213
11104,95,130,0.00012743336,12456.59783244133,197.0023307800293,9120.867724657059,213
11105,95,130,0.00013581867,12457.718786478043,197.03499269485474,9121.688035726547,213
11106,95,130,1.2592242e-05,12458.834778785706,197.03809785842896,9122.503137588501,213
11107,95,130,0.05101907,12459.953294992447,197.05833864212036,9123.32534646988,213
11108,95,130,5.833482e-06,12461.066468000412,197.06314969062805,9124.14406323433,213
11109,95,130,5.1929226e-05,12462.19503569603,197.10154271125793,9124.964926242828,213
11110,95,130,7.861331e-06,12463.303545713425,197.10383677482605,9125.7865421772,213
11111,95,130,0.0006477223,12464.408879756927,197.10596179962158,9126.620595216751,213
11112,95,130,8.333023e-05,12465.524559259415,197.1185266971588,9127.443565130234,213
11113,95,130,0.09679362,12466.651170492172,197.14193272590637,9128.274745464325,213
11114,95,130,4.1627056e-05,12467.765586853027,197.16110277175903,9129.093201637268,213
11115,95,130,4.0629096e-05,12468.871965408325,197.16732454299927,9129.91726565361,213
11116,95,130,0.0042509115,12470.02511715889,197.22283840179443,9130.734390497208,213
11117,95,130,0.00081226334,12471.175925254822,197.27624440193176,9131.5547478199,213
11118,95,130,0.0023038394,12472.3749396801,197.3659703731537,9132.378021717072,213
11119,95,130,0.00014386735,12473.485732793808,197.36932730674744,9133.193395614624,213
11120,95,130,0.065330274,12474.609071731567,197.38918232917786,9134.018440961838,213
11121,95,130,0.004613993,12475.727041959763,197.40344738960266,9134.83750796318,213
11122,95,130,0.1229816,12476.85017991066,197.43250823020935,9135.655487060547,213
11123,95,130,0.016976582,12477.966496229172,197.4344573020935,9136.484168052673,213
11124,95,130,0.0017070358,12479.08379983902,197.44379925727844,9137.304183244705,213
11125,95,130,0.0186627,12480.200022935867,197.46349811553955,9138.120304346085,213
11126,95,130,0.01883881,12481.323431491852,197.4807801246643,9138.94383430481,213
11127,95,131,0.12682502,12482.83010172844,197.86174201965332,9139.763374328613,213
11128,95,131,4.1571006e-06,12483.944937705994,197.86662602424622,9140.575255155563,213
11129,95,131,2.1004429e-05,12485.062798976898,197.87127900123596,9141.40435910225,213
11130,95,131,3.8618273e-05,12486.171811580658,197.87700700759888,9142.227390050888,213
11131,96,131,6.479877e-05,12487.18591952324,197.8792860507965,9143.041499853134,213
11132,96,131,5.989992e-06,12488.302836894989,197.89053106307983,9143.865166664124,213
11133,96,131,2.4618212e-05,12489.421310663223,197.92849493026733,9144.689324855804,213
11134,96,131,3.4831082e-05,12490.539609670639,197.93068099021912,9145.512257814407,213
11135,96,131,0.00020030313,12491.664541959763,197.95439791679382,9146.332244634628,213
11136,96,131,2.0875841e-05,12492.774687051773,197.9669771194458,9147.155183553696,213
11137,96,131,7.3649855e-05,12493.901648283005,197.98842096328735,9147.969059228897,213
11138,96,131,1.7466991e-05,12495.02363204956,198.0122148990631,9148.788347005844,213
11139,96,131,0.009378585,12496.139539003372,198.0380928516388,9149.611268997192,213
11140,96,131,0.00024467905,12497.26075387001,198.06446266174316,9150.435559988022,213
11141,96,131,0.00078914996,12498.375325202942,198.06796860694885,9151.260792255402,213
11142,96,131,0.006863848,12499.517554283142,198.10946369171143,9152.082913160324,213
11143,96,131,3.7224054e-05,12500.627320051193,198.11350750923157,9152.898168087006,213
11144,96,131,2.6541464e-05,12501.743014097214,198.1153745651245,9153.71518087387,213
11145,96,131,0.017048761,12502.86181306839,198.12203741073608,9154.542630910873,213
11146,96,131,0.00022510445,12503.973377227783,198.1240952014923,9155.365411758423,213
11147,96,131,2.1401396e-05,12505.10409283638,198.15861225128174,9156.181054592133,213
11148,96,131,0.003069813,12506.227851390839,198.1705391407013,9156.999768733978,213
11149,96,131,2.8282724e-05,12507.346927642822,198.18226718902588,9157.826309680939,213
11150,96,131,8.251352e-07,12508.453131198883,198.19085812568665,9158.643365621567,213
11151,96,131,2.5881427e-05,12509.568752288818,198.19965529441833,9159.464861869812,213
11152,96,131,0.00036722358,12510.694766521454,198.20160031318665,9160.296439647675,213
11153,96,131,2.2635359e-05,12511.81394147873,198.2222661972046,9161.11869597435,213
11154,96,131,1.3727298e-06,12512.95252609253,198.2241621017456,9161.947699785233,213
11155,96,131,7.117883e-05,12514.056893825531,198.22672510147095,9162.76174378395,213
11156,96,131,0.050120927,12515.17061161995,198.23168802261353,9163.586941719055,213
11157,96,131,8.06233e-06,12516.29130244255,198.23429799079895,9164.417250871658,213
11158,96,131,0.0334642,12517.402276992798,198.24666500091553,9165.243237018585,213
11159,96,131,1.673624e-05,12518.521129131317,198.26268815994263,9166.067330121994,213
11160,96,131,2.2794724e-05,12519.636064767838,198.28675818443298,9166.884996175766,213
11161,96,131,0.00089274894,12520.76015996933,198.3064832687378,9167.707612276077,213
11162,96,131,0.00021660503,12521.876618146896,198.3085813522339,9168.53268122673,213
11163,96,131,0.00163651,12522.991356134415,198.3268084526062,9169.355322122574,213
11164,96,131,0.0016634348,12524.104387283325,198.343341588974,9170.17961716652,213
11165,96,131,0.0034832826,12525.21324133873,198.35901856422424,9170.996474266052,213
11166,96,131,0.000113807735,12526.314173698425,198.36550855636597,9171.8143222332,213
11167,96,131,4.078832e-05,12527.43259048462,198.36753463745117,9172.640930175781,213
11168,96,131,0.042586908,12528.54715013504,198.36947655677795,9173.469581365585,213
11169,96,131,0.0037714501,12529.671904087067,198.37158250808716,9174.300817251205,213
11170,96,131,0.0519465,12530.79313826561,198.37364840507507,9175.128140211105,213
11171,96,131,1.4341774e-06,12531.90716290474,198.38905358314514,9175.945920228958,213
11172,96,131,0.00036691982,12533.030153989792,198.40753555297852,9176.767684221268,213
11173,96,131,0.0006358662,12534.135434865952,198.42677760124207,9177.583644151688,213
11174,96,131,1.776351e-05,12535.244455337524,198.4293086528778,9178.40799331665,213
11175,96,131,3.2743112e-06,12536.377467155457,198.46386766433716,9179.233427524567,213
11176,96,131,0.006566822,12537.498090267181,198.4894895553589,9180.056983470917,213
11177,96,131,0.09695936,12538.621107578278,198.49846744537354,9180.881607532501,213
11178,96,131,0.00016953921,12539.743591308594,198.51665043830872,9181.698148488998,213
11179,96,131,0.005423861,12540.859831809998,198.52405333518982,9182.514142513275,213
11180,96,131,0.004493171,12541.986544132233,198.55260920524597,9183.335188627243,213
11181,96,131,0.0003234637,12543.092749357224,198.5572452545166,9184.151909589767,213
11182,96,131,7.39072e-05,12544.204405069351,198.56489324569702,9184.973111629486,213
11183,96,131,0.0005240001,12545.320681810379,198.57592225074768,9185.788643360138,213
11184,96,131,0.07250946,12546.431731939316,198.58126425743103,9186.607021570206,213
11185,96,131,0.025998155,12547.55835533142,198.62557935714722,9187.422711610794,213
11186,96,131,0.00090828026,12548.673970222473,198.63378524780273,9188.252935647964,213
11187,96,131,0.00035396544,12549.796087741852,198.63565921783447,9189.06902050972,213
11188,96,131,0.2726934,12550.915766954422,198.64678025245667,9189.891975402832,213
11189,96,131,0.03169275,12552.026966571808,198.65196323394775,9190.706270456314,213
11190,96,131,0.14917205,12553.153243541718,198.66517424583435,9191.529978513718,213
11191,96,131,0.37564594,12554.267133712769,198.67386412620544,9192.35872745514,213
11192,96,131,0.0005096885,12555.38709807396,198.6845462322235,9193.178076505661,213
11193,96,131,0.026610758,12556.501799583435,198.71000719070435,9193.998187541962,213
11194,96,131,0.024976933,12557.60695385933,198.71909832954407,9194.815212488174,213
11195,96,131,0.0012298299,12558.716883659363,198.73886227607727,9195.631888151169,213
11196,96,131,0.106348544,12559.835848093033,198.7498173713684,9196.450835943222,213
11197,96,131,0.20070966,12560.957327365875,198.76194429397583,9197.271254062653,213
11198,96,131,0.051496565,12562.07700586319,198.77588534355164,9198.09293794632,213
11199,96,131,0.0042314106,12563.210444688797,198.77795124053955,9198.92246890068,213
11200,96,131,0.0058842697,12564.324862241745,198.78012228012085,9199.738759994507,213
11201,96,131,0.29490736,12565.436432361603,198.79749727249146,9200.557806015015,213
11202,96,131,0.036389343,12566.543460130692,198.81551027297974,9201.378251791,213
11203,96,131,0.018299175,12567.668350696564,198.8178322315216,9202.202397584915,213
11204,96,131,0.034547187,12568.79330778122,198.824068069458,9203.02117395401,213
11205,96,131,0.041683994,12569.912036180496,198.82583594322205,9203.850898742676,213
11206,96,131,0.006378676,12571.035719633102,198.8499939441681,9204.669626712799,213
11207,96,131,0.021541063,12572.149996519089,198.87190294265747,9205.487495660782,213
11208,96,131,0.050217904,12573.265965938568,198.8845989704132,9206.313363790512,213
11209,96,131,0.019558689,12574.386848211288,198.8950228691101,9207.132888793945,213
11210,96,131,0.0005652306,12575.503886938095,198.8971848487854,9207.962168931961,213
11211,96,131,0.037566766,12576.629935264587,198.92876386642456,9208.786271095276,213
11212,96,131,0.035307504,12577.758269786835,198.95561480522156,9209.610948085785,213
11213,96,131,0.052269526,12578.87685084343,198.97338366508484,9210.432857990265,213
11214,96,132,0.025820315,12580.378786087036,199.370014667511,9211.25774693489,213
11215,96,132,2.7008284e-07,12581.500546693802,199.39444375038147,9212.081051111221,213
11216,96,132,3.1639654e-05,12582.62497806549,199.3964307308197,9212.901780128479,213
11217,96,132,2.1901185e-05,12583.73926115036,199.4265797138214,9213.724344491959,213
11218,96,132,3.4311208e-05,12584.862248897552,199.45011186599731,9214.54545044899,213
11219,96,132,3.549441e-05,12585.976162195206,199.4614417552948,9215.369807481766,213
11220,96,132,6.54785e-05,12587.088108301163,199.46301770210266,9216.18568444252,213
11221,96,132,1.19657925e-05,12588.200716018677,199.46854376792908,9217.010238647461,213
11222,96,132,2.492156e-06,12589.3193526268,199.48584580421448,9217.838962078094,213
11223,96,132,1.8663225e-06,12590.42762374878,199.48772978782654,9218.660692930222,213
11224,96,132,1.2560644e-05,12591.550173044205,199.5012707710266,9219.488711833954,213
11225,96,132,0.0026330943,12592.672609329224,199.50317978858948,9220.314151763916,213
11226,96,132,1.0275489e-05,12593.80652809143,199.52623581886292,9221.139159679413,213
11227,96,132,2.8792638e-05,12594.923481225967,199.53032779693604,9221.960155963898,213
11228,96,132,5.327086e-07,12596.059131145477,199.57260370254517,9222.77629494667,213
11229,96,132,0.07058074,12597.181386232376,199.58346366882324,9223.604975223541,213
11230,96,132,4.211116e-06,12598.300192594528,199.60654878616333,9224.421105146408,213
11231,96,132,1.8812689e-07,12599.4007229805,199.60875272750854,9225.240985393524,213
11232,96,132,2.0488578e-06,12600.504974365234,199.611802816391,9226.059225320816,213
11233,96,132,4.959661e-06,12601.62831234932,199.6136817932129,9226.880373001099,213
11234,96,132,7.8787923e-07,12602.750297784805,199.6272428035736,9227.703456163406,213
11235,96,132,0.0001395208,12603.863353967667,199.63331985473633,9228.524259090424,213
11236,96,132,4.37498e-06,12604.991958379745,199.6484727859497,9229.34998011589,213
11237,96,132,2.0423824e-05,12606.085800647736,199.65337872505188,9230.165969133377,213
11238,96,132,2.1297334e-05,12607.189500808716,199.66203570365906,9230.977828979492,213
11239,96,132,3.293757e-05,12608.311864376068,199.6786425113678,9231.809651136398,213
11240,96,132,3.1933898e-05,12609.427142381668,199.69794344902039,9232.638002157211,213
11241,96,132,9.542864e-06,12610.548580646515,199.69983744621277,9233.464533090591,213
11242,96,132,0.027726404,12611.6652739048,199.72074842453003,9234.291813373566,213
11243,96,132,6.8356974e-05,12612.779722690582,199.72282028198242,9235.122108221054,213
11244,96,132,1.7373006e-05,12613.893082380295,199.74180817604065,9235.940445184708,213
11245,96,132,0.0007497967,12615.013013362885,199.75685501098633,9236.761887073517,213
11246,96,132,6.482738e-05,12616.134391069412,199.76944994926453,9237.574518203735,213
11247,96,132,7.431858e-07,12617.255542039871,199.7715129852295,9238.394913434982,213
11248,97,132,0.004394754,12618.286375522614,199.77364492416382,9239.21350312233,213
11249,97,132,0.00016127565,12619.40423989296,199.7754888534546,9240.03428196907,213
11250,97,132,1.3286371e-05,12620.51706790924,199.80140471458435,9240.85303401947,213
11251,97,132,2.9452665e-05,12621.631370544434,199.80993390083313,9241.677097082138,213
11252,97,132,1.2503297e-05,12622.74097442627,199.81439089775085,9242.497840166092,213
11253,97,132,1.4900983e-06,12623.853963851929,199.82702493667603,9243.318242073059,213
11254,97,132,1.2483489e-05,12624.971363067627,199.82893204689026,9244.147093296051,213
11255,97,132,5.5612963e-06,12626.081179618835,199.83109211921692,9244.970256328583,213
11256,97,132,2.0570666e-05,12627.189753293991,199.83308792114258,9245.794394493103,213
11257,97,132,8.760264e-06,12628.314763069153,199.85806107521057,9246.614238500595,213
11258,97,132,3.6414673e-05,12629.436929225922,199.88377714157104,9247.432930231094,213
11259,97,132,6.8202e-06,12630.551693439484,199.89683508872986,9248.250767230988,213
11260,97,132,0.0004899387,12631.676503181458,199.90740513801575,9249.070822238922,213
11261,97,133,0.0001693755,12633.192791938782,200.3015751838684,9249.89072227478,213
11262,97,133,2.6495178e-05,12634.302906036377,200.32136607170105,9250.712097167969,213
11263,97,133,0.00038266456,12635.41472196579,200.3233358860016,9251.539999246597,213
11264,97,133,0.00024357699,12636.529056310654,200.3296639919281,9252.3586602211,213
11265,97,133,3.7066474e-07,12637.652614593506,200.3315989971161,9253.18417930603,213
11266,97,133,1.7173354e-06,12638.778738498688,200.35947489738464,9254.001489400864,213
11267,97,133,0.002497324,12639.903487443924,200.36153984069824,9254.82430434227,213
11268,97,133,0.000120348144,12641.027631998062,200.38063383102417,9255.651819944382,213
11269,97,133,1.912889e-06,12642.135427951813,200.39105486869812,9256.470685958862,213
11270,97,133,1.3671404e-06,12643.258291959763,200.41828799247742,9257.289319992065,213
11271,97,133,1.9017368e-06,12644.373497724533,200.42785596847534,9258.107530117035,213
11272,97,133,1.3820627e-06,12645.487554073334,200.4299120903015,9258.938127040863,213
11273,97,133,0.000332298,12646.605731487274,200.4550268650055,9259.750410079956,213
11274,97,133,5.5879e-07,12647.711585998535,200.45675587654114,9260.577325105667,213
11275,97,133,1.5227237e-05,12648.829026699066,200.48231291770935,9261.39703297615,213
11276,97,133,1.7136318e-07,12649.938778162003,200.48544788360596,9262.222316026688,213
11277,97,133,0.0003377515,12651.058960676193,200.49882674217224,9263.054759025574,213
11278,97,133,2.706235e-06,12652.174611091614,200.50901055335999,9263.882415056229,213
11279,97,133,0.00023869732,12653.2975730896,200.53857350349426,9264.698381662369,213
11280,97,133,1.5571117e-06,12654.414463758469,200.54057836532593,9265.528572559357,213
11281,97,133,1.3690089e-06,12655.533828735352,200.54549837112427,9266.356755256653,213
11282,97,133,8.329744e-06,12656.666197061539,200.54761743545532,9267.183814287186,213
11283,97,133,4.1047566e-05,12657.784050941467,200.56356549263,9268.014061450958,213
11284,97,133,1.2935871e-05,12658.895991563797,200.57382249832153,9268.836795330048,213
11285,97,133,3.887061e-06,12660.005815029144,200.57589054107666,9269.65417933464,213
11286,97,133,2.5451849e-05,12661.116127729416,200.58679962158203,9270.472526311874,213
11287,97,133,2.6374482e-06,12662.24540567398,200.621928691864,9271.2921833992,213
11288,97,133,1.0185552e-05,12663.369454622269,200.6283895969391,9272.121960163116,213
11289,97,133,2.7267238e-06,12664.48346042633,200.6374855041504,9272.948827028275,213
11290,97,133,4.505586e-06,12665.60229754448,200.66417050361633,9273.76328086853,213
11291,97,133,3.8089654e-06,12666.716421365738,200.67815446853638,9274.589842796326,213
11292,97,133,0.00040033305,12667.834350347519,200.71281242370605,9275.405405759811,213
11293,97,133,4.5262036e-07,12669.358881950378,200.71491932868958,9276.652028799057,213
11294,97,133,4.2840674e-07,12670.466445207596,200.72369146347046,9277.46998667717,213
11295,97,133,3.222122e-06,12671.591396331787,200.75115633010864,9278.300152778625,213
11296,97,133,0.0006785028,12672.706520318985,200.7648344039917,9279.123866796494,213
11297,97,133,2.2984227e-06,12673.818046569824,200.76695442199707,9279.94810795784,213
11298,97,133,5.792792e-07,12674.927967786789,200.76948142051697,9280.773255825043,213
11299,97,133,0.00017919598,12676.038306713104,200.78243732452393,9281.600410699844,213
11300,97,133,3.9696806e-05,12677.14538359642,200.78925132751465,9282.424901723862,213
11301,97,133,2.7451237e-05,12678.255943059921,200.79585337638855,9283.248943805695,213
11302,97,133,4.1369312e-05,12679.37165403366,200.81100726127625,9284.076187610626,213
11303,97,134,0.00028817722,12680.877369642258,201.20545148849487,9284.89538860321,213
11304,97,134,8.931664e-05,12682.004372358322,201.23928141593933,9285.712293624878,213
11305,97,134,2.579716e-05,12683.131526470184,201.26929640769958,9286.537568807602,213
11306,97,134,6.928952e-07,12684.233588218689,201.27640342712402,9287.357628822327,213
11307,97,134,9.070374e-06,12685.343376874924,201.28865337371826,9288.173342943192,213
11308,97,134,4.6938533e-07,12686.465473175049,201.31303644180298,9288.99540901184,213
11309,97,134,1.18339785e-05,12687.578426361084,201.3151614665985,9289.821000099182,213
11310,97,134,7.605338e-05,12688.69200515747,201.34144830703735,9290.63551402092,213
11311,97,134,5.40713e-05,12689.803941011429,201.35793137550354,9291.455029964447,213
11312,97,134,9.578507e-06,12690.912136554718,201.3600845336914,9292.281463623047,213
11313,97,134,0.00014099914,12692.028008460999,201.37172055244446,9293.097447395325,213
11314,97,134,2.3524312e-06,12693.14091181755,201.39540767669678,9293.92145061493,213
11315,97,134,4.931872e-06,12694.253910303116,201.43217158317566,9294.740528821945,213
11316,97,134,0.00016524241,12695.382400751114,201.47532558441162,9295.559570074081,213
11317,97,134,1.5795032e-06,12696.501264333725,201.4860737323761,9296.382078170776,213
11318,97,134,2.1979176e-07,12697.631390571594,201.5102186203003,9297.201847314835,213
11319,97,134,9.691523e-06,12698.749204874039,201.51786470413208,9298.024787187576,213
11320,97,134,8.329133e-06,12699.859349012375,201.51987481117249,9298.851910114288,213
11321,97,134,1.4998127e-05,12700.96442270279,201.5384657382965,9299.666114091873,213
11322,97,134,5.576785e-05,12702.07086133957,201.54651856422424,9300.487063884735,213
11323,97,134,4.1627654e-06,12703.193016052246,201.56440544128418,9301.315751791,213
11324,97,134,0.007787849,12704.312444448471,201.56924533843994,9302.141171693802,213
11325,97,134,0.00022295988,12705.43170762062,201.593088388443,9302.956597566605,213
11326,97,134,1.1683074e-05,12706.540337085724,201.5950412750244,9303.77363538742,213
11327,97,134,3.8889743e-06,12707.668783426285,201.60299015045166,9304.596573591232,213
11328,97,134,2.3747401e-05,12708.771747589111,201.60778331756592,9305.418588399887,213
11329,97,134,1.1768359e-05,12709.879759311676,201.6122031211853,9306.24248456955,213
11330,97,134,0.00040295473,12710.998083114624,201.6291892528534,9307.061207771301,213
11331,97,134,1.5646054e-06,12712.113030672073,201.65305638313293,9307.884047746658,213
11332,97,134,1.1501481e-05,12713.225438594818,201.6552984714508,9308.714032888412,213
11333,97,134,5.699642e-07,12714.340369224548,201.65770745277405,9309.53176188469,213
11334,97,134,1.3536829e-05,12715.47630739212,201.65952944755554,9310.36383485794,213
11335,97,134,2.3058863e-06,12716.589872121811,201.67073345184326,9311.18854188919,213
11336,97,134,2.732337e-06,12717.702222108841,201.67305254936218,9312.013735055923,213
11337,97,134,5.3643794e-07,12718.812039613724,201.67661046981812,9312.829189062119,213
11338,97,134,6.344538e-05,12719.938370227814,201.6935453414917,9313.65015912056,213
11339,97,134,1.1860976e-05,12721.057241678238,201.71082043647766,9314.473811149597,213
11340,97,134,0.02176152,12722.17065191269,201.7139914035797,9315.295001983643,213
11341,97,134,7.99773e-05,12723.292792320251,201.73473143577576,9316.119042158127,213
11342,97,134,5.029086e-07,12724.41095995903,201.7455563545227,9316.94335603714,213
11343,97,134,2.0563886e-05,12725.528125286102,201.78160429000854,9317.765030145645,213
11344,97,135,0.00015911394,12727.035270690918,202.17968034744263,9318.576872110367,213
11345,97,135,6.1445e-06,12728.154354810715,202.213130235672,9319.393141031265,213
11346,97,135,1.4531763e-05,12729.276113510132,202.2151963710785,9320.22137594223,213
11347,97,135,0.00013329473,12730.391952037811,202.217303276062,9321.044955015182,213
11348,97,135,7.126175e-05,12731.506032943726,202.23090815544128,9321.859630823135,213
11349,97,135,1.5441168e-06,12732.626558065414,202.24616503715515,9322.68236374855,213
11350,97,135,1.1231662e-06,12733.754185676575,202.27489614486694,9323.50371170044,213
11351,97,135,0.0011839989,12734.858403682709,202.27672219276428,9324.330336332321,213
11352,97,135,0.00019188123,12735.97958445549,202.2940411567688,9325.148231267929,213
11353,97,135,4.498049e-06,12737.094579696655,202.2960662841797,9325.971751213074,213
11354,97,135,0.0008218354,12738.205408334732,202.29825830459595,9326.796544075012,213
11355,97,135,0.00060551753,12739.318633317947,202.30045914649963,9327.621459007263,213
11356,97,135,9.270147e-05,12740.446017503738,202.30859923362732,9328.448406934738,213
11357,97,135,0.0010648853,12741.552761793137,202.3299810886383,9329.26381111145,213
11358,97,135,2.740291e-05,12742.671783208847,202.35278129577637,9330.089266061783,213
11359,97,135,2.2541833e-05,12743.796735525131,202.36854529380798,9330.906747102737,213
11360,97,135,1.7899353e-06,12744.915392398834,202.39689230918884,9331.722336053848,213
11361,97,135,5.3586327e-06,12746.046617507935,202.42439222335815,9332.537572145462,213
11362,97,135,4.7470407e-05,12747.16080737114,202.42649912834167,9333.362510919571,213
11363,97,135,0.00016554732,12748.283923864365,202.43884897232056,9334.186564207077,213
11364,97,135,3.2647127e-05,12749.392613172531,202.4408779144287,9335.008598089218,213
11365,98,135,2.7119595e-06,12750.413870096207,202.44310402870178,9335.832136154175,213
11366,98,135,2.0469727e-06,12751.525312185287,202.47611093521118,9336.646439313889,213
11367,98,135,7.2559214e-06,12752.631758451462,202.49081802368164,9337.462973356247,213
11368,98,135,0.0011032855,12753.746134281158,202.49580192565918,9338.276557445526,213
11369,98,135,1.8626191e-06,12754.866879224777,202.50613594055176,9339.103739500046,213
11370,98,135,4.084293e-06,12755.99638557434,202.50801992416382,9339.932496547699,213
11371,98,135,6.467985e-05,12757.114028215408,202.51191091537476,9340.759669542313,213
11372,98,135,4.2324715e-05,12758.22791337967,202.52811288833618,9341.578623533249,213
11373,98,135,0.00020610628,12759.335147619247,202.5318169593811,9342.395595550537,213
11374,98,135,3.0583024e-06,12760.516482591629,202.60198187828064,9343.224207401276,213
11375,98,135,0.00019887522,12761.693824529648,202.66748595237732,9344.0457406044,213
11376,98,135,0.00015414812,12762.82180261612,202.70270109176636,9344.872383594513,213
11377,98,135,5.7193156e-06,12763.94011259079,202.70462107658386,9345.700368642807,213
11378,98,135,0.00018639871,12765.060019254684,202.71762013435364,9346.52931857109,213
11379,98,135,4.5817255e-06,12766.170899629593,202.72695231437683,9347.35062456131,213
11380,98,135,4.6805355e-05,12767.28402018547,202.74020648002625,9348.170785427094,213
11381,98,135,0.00014698223,12768.404964923859,202.74312543869019,9349.001095294952,213
11382,98,135,2.868467e-07,12769.518381118774,202.75132036209106,9349.82507967949,213
11383,98,135,1.1447959e-05,12770.63742685318,202.75347328186035,9350.64916062355,213
11384,98,135,0.0001600726,12771.742449998856,202.76101207733154,9351.469112634659,213
11385,98,135,9.805627e-06,12772.850513219833,202.77284812927246,9352.294086456299,213
11386,98,135,0.00019621364,12773.964663028717,202.77688717842102,9353.110390424728,213
11387,98,135,0.00040876964,12775.07519030571,202.7859401702881,9353.93451666832,213
11388,98,135,1.49596535e-05,12776.190714359283,202.79876732826233,9354.754480600357,213
11389,98,135,4.5837533e-06,12777.29002070427,202.80062747001648,9355.573329687119,213
11390,98,135,0.00022244579,12778.411657571793,202.8087944984436,9356.39510679245,213
11391,98,135,6.64126e-06,12779.532362937927,202.8108615875244,9357.22124671936,213
11392,98,135,1.5459936e-07,12780.64941072464,202.82397150993347,9358.04881477356,213
11393,98,135,1.5757738e-06,12781.757894992828,202.82602262496948,9358.860254764557,213
11394,98,135,6.6309616e-07,12782.877972841263,202.85050463676453,9359.681406974792,213
11395,98,135,4.5160043e-05,12783.9929189682,202.85244369506836,9360.500948905945,213
11396,98,135,1.2644548e-05,12785.126888513565,202.87043070793152,9361.327517986298,213
11397,98,135,3.6026195e-05,12786.245619297028,202.89910459518433,9362.154826879501,213
11398,98,135,3.227671e-05,12787.362389326096,202.91781449317932,9362.979234933853,213
11399,98,135,4.8884674e-05,12788.464637517929,202.9268114566803,9363.795776128769,213
11400,98,135,3.105518e-05,12789.560134649277,202.92893958091736,9364.618168115616,213
11401,98,135,0.0001570646,12790.678408622742,202.95677947998047,9365.445056915283,213
11402,98,135,9.721454e-06,12791.802691221237,202.98694443702698,9366.256822824478,213
11403,98,135,0.00025131743,12792.916550397873,202.98892736434937,9367.080414772034,213
11404,98,135,3.8530587e-05,12794.035083293915,203.0103724002838,9367.90685081482,213
11405,98,135,2.3252858e-05,12795.15024971962,203.02703857421875,9368.724332809448,213
11406,98,135,1.216046e-05,12796.275682210922,203.02913355827332,9369.554879665375,213
11407,98,135,1.3056864e-06,12797.397052526474,203.04705548286438,9370.37951874733,213
11408,98,135,2.3655514e-07,12798.518281698227,203.08065533638,9371.198344707489,213
11409,98,135,3.2120617e-05,12799.648322820663,203.11733436584473,9372.014192581177,213
11410,98,135,2.933415e-06,12800.763333797455,203.12430238723755,9372.840461730957,213
11411,98,135,0.00045329297,12801.88846874237,203.13867330551147,9373.657442569733,213
11412,98,135,1.0691424e-06,12803.01021695137,203.1555314064026,9374.483765602112,213
11413,98,135,4.3316082e-05,12804.1213722229,203.1577274799347,9375.31539940834,213
11414,98,135,1.9706074e-06,12805.240677833557,203.1908895969391,9376.13238120079,213
11415,98,135,3.2072728e-06,12806.360331773758,203.1987066268921,9376.958297252655,213
11416,98,135,1.5981162e-06,12807.476850748062,203.2019476890564,9377.778097391129,213
11417,98,135,2.5331826e-07,12808.59011387825,203.2038185596466,9378.596138477325,213
11418,98,135,2.328057e-05,12809.717879533768,203.22744870185852,9379.417841434479,213
11419,98,135,7.905197e-06,12810.82752919197,203.23452758789062,9380.238152503967,213
11420,98,135,0.0006959524,12811.932485103607,203.24524664878845,9381.056548595428,213
11421,98,135,2.4921214e-06,12813.046153306961,203.24723958969116,9381.88105750084,213
11422,98,135,2.5331815e-07,12814.164025783539,203.25071454048157,9382.70593047142,213
11423,98,135,0.0002941266,12815.269258499146,203.2579004764557,9383.526217460632,213
11424,98,135,1.251633e-05,12816.393288135529,203.25998854637146,9384.354332447052,213
11425,98,135,2.9988468e-07,12817.514449357986,203.28105854988098,9385.180378437042,213
11426,98,135,1.704266e-06,12818.627346992493,203.30825567245483,9385.998210430145,213
11427,98,135,2.2686027e-06,12819.746313333511,203.319397687912,9386.825369596481,213
11428,98,135,9.98677e-06,12820.873500108719,203.3528196811676,9387.644401550293,213
11429,98,135,2.751053e-06,12821.986561059952,203.36867260932922,9388.466017484665,213
11430,98,135,1.0430785e-07,12823.105631113052,203.39313054084778,9389.29302740097,213
11431,98,135,2.60769e-07,12824.218726158142,203.39563250541687,9390.124944210052,213
11432,98,135,6.755206e-06,12825.339290857315,203.39745450019836,9390.946629047394,213
11433,98,135,8.452212e-05,12826.458859443665,203.41663551330566,9391.769118070602,213
11434,98,135,1.0765901e-06,12827.570628404617,203.41920852661133,9392.588864088058,213
11435,98,135,2.2909314e-06,12828.684338569641,203.43147349357605,9393.416611909866,213
11436,98,135,0.00012538405,12829.797351837158,203.45515251159668,9394.237951040268,213
11437,98,135,5.156729e-05,12830.91332602501,203.46833157539368,9395.062413930893,213
11438,98,135,4.868396e-06,12832.040131092072,203.48780751228333,9395.879398107529,213
11439,98,135,0.00054605585,12833.152287483215,203.4957935810089,9396.700562000275,213
11440,98,135,9.178822e-06,12834.261535406113,203.50725555419922,9397.52326798439,213
11441,98,135,1.2684411e-06,12835.37069606781,203.53132677078247,9398.34475183487,213
11442,98,135,6.5795693e-06,12836.49324131012,203.56565380096436,9399.166257619858,213
11443,98,135,0.0002597342,12837.611716747284,203.59199690818787,9399.981439352036,213
11444,98,135,1.6186237e-06,12838.72030210495,203.60727286338806,9400.799335479736,213
11445,98,135,7.094834e-05,12839.847212076187,203.63601779937744,9401.617787599564,213
11446,98,135,0.00029803463,12840.961564302444,203.63771891593933,9402.440683603287,213
11447,98,135,6.4811347e-06,12842.080951690674,203.64180707931519,9403.270282506943,213
11448,98,135,3.847401e-05,12843.192909002304,203.64962911605835,9404.085832357407,213
11449,98,135,2.2611785e-06,12844.308538198471,203.65164613723755,9404.913998365402,213
11450,98,135,9.7204775e-06,12845.4344997406,203.65331721305847,9405.741030216217,213
11451,98,135,0.007633809,12846.559929609299,203.67172718048096,9406.560853481293,213
11452,98,135,0.00029217455,12847.677597761154,203.67904829978943,9407.382018566132,213
11453,98,135,7.618156e-07,12848.793706417084,203.6916983127594,9408.203717470169,213
11454,98,135,7.8196435e-06,12849.913655281067,203.69349241256714,9409.037219762802,213
11455,98,135,8.970548e-05,12851.031388044357,203.72673344612122,9409.854039907455,213
11456,98,135,5.5879337e-08,12852.154181957245,203.74845361709595,9410.67802977562,213
11457,98,135,2.0096854e-06,12853.27086353302,203.76360845565796,9411.505279779434,213
11458,98,135,0.00020175324,12854.382144927979,203.7766375541687,9412.32046175003,213
11459,98,135,9.49321e-06,12855.494911670685,203.77822756767273,9413.133659601212,213
11460,98,135,1.7173055e-06,12856.62251329422,203.80716753005981,9413.951222658157,213
11461,98,135,3.6132171e-06,12857.74593615532,203.84024357795715,9414.771117687225,213
11462,98,135,5.67891e-06,12858.85776090622,203.8422145843506,9415.594722509384,213
11463,98,135,4.9732273e-07,12859.98846912384,203.85523056983948,9416.4133746624,213
11464,98,135,2.5464069e-05,12861.100048303604,203.87286472320557,9417.234118461609,213
11465,98,135,1.6482874e-05,12862.211705446243,203.8815085887909,9418.055095434189,213
11466,98,135,0.00025419303,12863.326584339142,203.90198254585266,9418.87337231636,213
11467,98,135,5.041792e-06,12864.437410831451,203.9110655784607,9419.694331169128,213
11468,98,135,3.0507135e-05,12865.555992364883,203.91295075416565,9420.518220186234,213
11469,98,135,1.2293441e-07,12866.689015626907,203.93541979789734,9421.346335411072,213
11470,98,135,8.7915026e-07,12867.80630993843,203.9577717781067,9422.163876533508,213
11471,98,135,1.1987762e-05,12868.903180837631,203.96555280685425,9422.987773418427,213
11472,98,135,2.1623626e-05,12870.017496824265,203.96745586395264,9423.80256152153,213
11473,98,135,4.8482838e-05,12871.13709306717,203.9905776977539,9424.622323274612,213
11474,98,135,4.747614e-06,12872.251559019089,204.01838183403015,9425.438250303268,213
11475,98,135,0.0009738197,12873.362921714783,204.0205807685852,9426.265866041183,213
11476,98,135,1.55127e-05,12874.47688961029,204.0317087173462,9427.084788799286,213
11477,98,135,6.077433e-06,12875.60509109497,204.03360271453857,9427.911186933517,213
11478,98,135,4.4330613e-07,12876.720384597778,204.05294275283813,9428.727700948715,213
11479,98,135,0.0040508164,12877.841754436493,204.07034873962402,9429.55284667015,213
11480,98,135,7.096625e-07,12878.95437836647,204.0774416923523,9430.376843452454,213
11481,98,135,6.314285e-07,12880.073737859726,204.09878969192505,9431.200003385544,213
11482,99,135,6.8276154e-06,12881.092574834824,204.10104656219482,9432.014726161957,213
11483,99,135,1.5235727e-06,12882.208708286285,204.11339950561523,9432.83058142662,213
11484,99,135,4.6006835e-07,12883.322126865387,204.11907935142517,9433.652929544449,213
11485,99,135,1.0202842e-05,12884.446254730225,204.12097930908203,9434.471480607986,213
11486,99,135,8.275149e-06,12885.562057495117,204.13951420783997,9435.289599657059,213
11487,99,135,5.9417744e-07,12886.665212154388,204.14223909378052,9436.114310503006,213
11488,99,135,0.0001323496,12887.787582159042,204.16847109794617,9436.93965125084,213
11489,99,135,1.0937415e-05,12888.911385059357,204.1706211566925,9437.772398233414,213
11490,99,135,9.943967e-06,12890.023979902267,204.17249512672424,9438.592552423477,213
11491,99,135,1.7973532e-06,12891.148133993149,204.19440507888794,9439.419976472855,213
11492,99,135,4.2334395e-06,12892.251252412796,204.2011239528656,9440.24171948433,213
11493,99,135,0.0001264093,12893.363019704819,204.21249794960022,9441.062422513962,213
11494,99,135,1.8395422e-05,12894.475531816483,204.22121000289917,9441.881860494614,213
11495,99,135,1.6959846e-05,12895.596824407578,204.2229950428009,9442.711522340775,213
11496,99,135,2.6243697e-06,12896.704970121384,204.2320261001587,9443.53428530693,213
11497,99,135,5.2351283e-05,12897.811521053314,204.24213004112244,9444.35455918312,213
11498,99,135,3.2259275e-06,12898.918466806412,204.24492692947388,9445.175590276718,213
11499,99,135,1.3969819e-07,12900.037719249725,204.2469048500061,9445.996774435043,213
11500,99,135,1.7026923e-05,12901.160032272339,204.26934099197388,9446.817224264145,213
11501,99,135,4.6565637e-07,12902.28104019165,204.28138899803162,9447.644611358643,213
11502,99,135,1.15483786e-07,12903.401309013367,204.29578614234924,9448.466541290283,213
11503,99,135,6.332989e-08,12904.52257347107,204.31599020957947,9449.283013105392,213
11504,99,135,0.0004345157,12905.636647939682,204.32720112800598,9450.109107971191,213
11505,99,135,0.00012903834,12906.7544028759,204.34384632110596,9450.92771100998,213
11506,99,135,3.4941263e-06,12907.855613470078,204.3535861968994,9451.745531082153,213
11507,99,135,6.463338e-07,12908.96932888031,204.36845016479492,9452.566861152649,213
11508,99,135,9.1826365e-07,12910.07949090004,204.37091612815857,9453.395159244537,213
11509,99,135,1.1568349e-05,12911.197287082672,204.39155411720276,9454.210378408432,213
11510,99,135,4.0232973e-07,12912.303058862686,204.39686703681946,9455.032299518585,213
11511,99,135,1.117587e-08,12913.409815311432,204.40196299552917,9455.86405134201,213
11512,99,135,1.1399213e-06,12914.522132635117,204.40576815605164,9456.691865205765,213
11513,99,135,2.7939535e-07,12915.635822534561,204.41923308372498,9457.51399922371,213
11514,99,135,2.2878125e-05,12916.759903430939,204.43417930603027,9458.336019277573,213
11515,99,135,2.1281843e-05,12917.882260799408,204.44974040985107,9459.163306474686,213
11516,99,135,2.7194483e-07,12919.013100862503,204.4993805885315,9459.98289322853,213
11517,99,135,0.0012205378,12920.133273124695,204.51768469810486,9460.805254220963,213
11518,99,135,2.5385878e-06,12921.257528305054,204.51993870735168,9461.63449215889,213
11519,99,135,6.196115e-06,12922.37439417839,204.53026461601257,9462.464331388474,213
11520,99,135,3.0047844e-05,12923.48945236206,204.53708267211914,9463.277959346771,213
11521,99,135,1.1261322e-05,12924.616655111313,204.56019067764282,9464.10087633133,213
11522,99,135,5.784136e-05,12925.73338150978,204.56979060173035,9464.921849250793,213
11523,99,135,5.373376e-05,12926.8485891819,204.587233543396,9465.74313211441,213
11524,99,135,2.374812e-06,12927.968854904175,204.60595870018005,9466.562401771545,213
11525,99,135,6.3888103e-07,12929.112822771072,204.65753364562988,9467.37826681137,213
11526,99,135,2.793966e-08,12930.243730306625,204.69853162765503,9468.197957754135,213
11527,99,135,0.00019131089,12931.363178491592,204.7218735218048,9469.021204710007,213
11528,99,135,1.1790131e-06,12932.486008167267,204.72389149665833,9469.847583532333,213
11529,99,135,8.7544244e-08,12933.608207702637,204.74342131614685,9470.673020601273,213
11530,99,135,2.439965e-06,12934.725235700607,204.7535524368286,9471.49691748619,213
11531,99,135,1.4481313e-05,12935.852099895477,204.75568842887878,9472.323804616928,213
11532,99,135,9.841085e-06,12936.967735290527,204.76835346221924,9473.14395236969,213
11533,99,135,0.00013555665,12938.092074871063,204.77938055992126,9473.958454608917,213
11534,99,135,1.0281614e-06,12939.213202953339,204.78168749809265,9474.78538942337,213
11535,99,135,0.0030796726,12940.33785867691,204.80082058906555,9475.601604223251,213
11536,99,135,6.14672e-08,12941.453796625137,204.82434749603271,9476.420196056366,213
11537,99,135,3.65375e-05,12942.582654953003,204.8564853668213,9477.242461204529,213
11538,99,135,1.4881854e-06,12943.6968896389,204.87007641792297,9478.062973022461,213
11539,99,135,7.823105e-08,12944.8047478199,204.881094455719,9478.877415180206,213
11540,99,135,8.9406896e-08,12945.915117025375,204.88306951522827,9479.702195167542,213
11541,99,135,4.169967e-06,12947.034697771072,204.90046572685242,9480.518042087555,213
11542,99,135,1.8626415e-07,12948.143862962723,204.9110279083252,9481.33275604248,213
11543,99,135,1.6467244e-05,12949.265461683273,204.92456078529358,9482.157315015793,213
11544,99,135,5.960458e-08,12950.37313580513,204.93087077140808,9482.971645832062,213
11545,99,135,2.607693e-07,12951.490860700607,204.95622277259827,9483.789337158203,213
11546,99,135,2.775178e-06,12952.604927539825,204.95811486244202,9484.617976903915,213
11547,99,135,4.0977662e-07,12953.70884680748,204.96023774147034,9485.439249038696,213
11548,99,135,9.648289e-07,12954.823170661926,204.96385383605957,9486.258900880814,213
11549,99,135,7.5631388e-06,12955.936825037003,204.97942280769348,9487.082259893417,213
11550,99,135,3.166495e-08,12957.055431127548,204.99305081367493,9487.9043238163,213
11551,99,135,2.309665e-07,12958.165999174118,205.01116967201233,9488.72126173973,213
11552,99,135,1.214423e-06,12959.279153347015,205.03031873703003,9489.5462474823,213
11553,99,135,5.4962325e-06,12960.411460399628,205.06584572792053,9490.362294435501,213
11554,99,135,4.6565617e-07,12961.528437376022,205.0678277015686,9491.19043636322,213
11555,99,135,4.2868513e-05,12962.647338151932,205.07834553718567,9492.00935959816,213
11556,99,135,1.7992704e-06,12963.759645938873,205.09293842315674,9492.827695608139,213
11557,99,135,1.5832444e-07,12964.865462779999,205.0957474708557,9493.64361858368,213
11558,99,135,2.0431905e-06,12965.976585149765,205.09754037857056,9494.47106385231,213
11559,99,135,6.630911e-07,12967.091603517532,205.10653638839722,9495.289906024933,213
11560,99,135,5.9166163e-05,12968.201172828674,205.10908126831055,9496.106080055237,213
11561,99,135,1.4789055e-06,12969.311252593994,205.11744046211243,9496.929953098297,213
11562,99,135,4.02125e-06,12970.418316602707,205.1290044784546,9497.740853071213,213
11563,99,135,1.1920492e-06,12971.535627126694,205.13090252876282,9498.560741186142,213
11564,99,135,5.0291376e-08,12972.650460243225,205.16566944122314,9499.3802652359,213
11565,99,135,8.921859e-07,12973.766600370407,205.167227268219,9500.196446418762,213
11566,99,135,2.793967e-08,12974.884474754333,205.1879551410675,9501.012178659439,213
11567,99,135,2.7621927e-06,12975.999455451965,205.20705199241638,9501.8267724514,213
11568,99,135,1.0924737e-05,12977.109865665436,205.21942901611328,9502.647985458374,213
11569,99,135,1.2479703e-07,12978.244681835175,205.24064803123474,9503.478060483932,213
11570,99,135,3.2109208e-06,12979.354900360107,205.24238801002502,9504.300897598267,213
11571,99,135,0.00020324817,12980.484416484833,205.28009486198425,9505.117548704147,213
11572,99,135,4.5075632e-07,12981.602728128433,205.30227184295654,9505.930683851242,213
11573,99,135,5.6521485e-06,12982.706112861633,205.30466985702515,9506.751072883606,213
11574,99,135,6.090793e-07,12983.81472325325,205.32414484024048,9507.564897060394,213
11575,99,135,3.7252899e-09,12984.946343183517,205.34525299072266,9508.39165019989,213
11576,99,135,0.00010724373,12986.064829349518,205.36023497581482,9509.212108135223,213
11577,99,135,2.7248866e-06,12987.181105613708,205.36416006088257,9510.039734125137,213
11578,99,135,4.2840785e-08,12988.313540935516,205.3890929222107,9510.861296892166,213
11579,99,135,1.0709884e-06,12989.42771935463,205.3910529613495,9511.674083948135,213
11580,99,135,2.6635618e-07,12990.54296708107,205.39285612106323,9512.497296571732,213
11581,99,135,3.8928874e-07,12991.661402702332,205.40881514549255,9513.31940150261,213
11582,99,135,1.5994165e-05,12992.77088046074,205.41061806678772,9514.138421535492,213
11583,99,135,2.7231017e-06,12993.88971400261,205.42807602882385,9514.956235408783,213
11584,99,135,1.5571188e-06,12995.002582550049,205.43396091461182,9515.778144359589,213
11585,99,135,0.00044300864,12996.111502885818,205.43787598609924,9516.598496437073,213
11586,99,135,1.711723e-06,12997.219844341278,205.44038605690002,9517.42133140564,213
11587,99,135,3.259595e-07,12998.333503961563,205.44854426383972,9518.237003326416,213
11588,99,135,5.587935e-09,12999.437062501907,205.4596812725067,9519.057918310165,213
11589,99,135,1.735898e-06,13000.542547941208,205.48121523857117,9519.875393390656,213
11590,99,135,5.4419406e-06,13001.658896446228,205.48498606681824,9520.703927278519,213
11591,99,135,1.7414837e-06,13002.777931451797,205.49707794189453,9521.531170129776,213
11592,99,135,9.313213e-08,13003.891058921814,205.5130650997162,9522.350439310074,213
11593,99,135,3.067882e-05,13005.002526521683,205.515150308609,9523.179074525833,213
11594,99,135,7.829773e-05,13006.119648456573,205.53376841545105,9523.999300718307,213
11595,99,135,0.00013619264,13007.24830698967,205.5723373889923,9524.814418792725,213
11596,99,135,2.8887305e-06,13008.373516082764,205.61142134666443,9525.62986278534,213
11597,99,135,5.6734527e-05,13009.477022886276,205.61431741714478,9526.45225596428,213
11598,99,135,5.4575077e-07,13010.591881513596,205.6208474636078,9527.275793075562,213
11599,100,135,5.2154036e-08,13011.622026443481,205.6230924129486,9528.094161987305,213
11600,100,135,1.0280053e-05,13012.735129594803,205.62950825691223,9528.914696931839,213
11601,100,135,2.30967e-07,13013.85998082161,205.66522431373596,9529.73636007309,213
11602,100,135,4.6379554e-07,13014.982630491257,205.6826033592224,9530.562840223312,213
11603,100,135,3.3899954e-07,13016.09792637825,205.69790530204773,9531.3794465065,213
11604,100,135,5.457525e-07,13017.216148376465,205.70935010910034,9532.202486515045,213
11605,100,135,6.159824e-05,13018.338042020798,205.73262095451355,9533.020029306412,213
11606,100,135,0.00014163958,13019.450402498245,205.7471809387207,9533.838587522507,213
11607,100,135,0.0009906826,13020.564641237259,205.74929189682007,9534.670750617981,213
11608,100,135,3.6001175e-06,13021.682434082031,205.7514979839325,9535.495999574661,213
11609,100,135,1.8273098e-05,13022.792682409286,205.76059794425964,9536.323949813843,213
11610,100,135,2.2890351e-06,13023.911779403687,205.76277899742126,9537.151345014572,213
11611,100,135,0.0,13025.033106565475,205.77599000930786,9537.976483106613,213
11612,100,135,6.151396e-05,13026.171910762787,205.81243801116943,9538.800755023956,213
11613,100,135,3.352758e-08,13027.294045686722,205.83013200759888,9539.628915071487,213
11614,100,135,1.298219e-06,13028.408894062042,205.8362579345703,9540.450846910477,213
11615,100,135,3.6540932e-06,13029.538071393967,205.85676288604736,9541.270442008972,213
11616,100,135,1.3493853e-05,13030.650127649307,205.8637728691101,9542.100871801376,213
11617,100,135,1.5589642e-06,13031.765253782272,205.86722373962402,9542.925530910492,213
11618,100,135,2.421438e-08,13032.880775213242,205.884911775589,9543.737488746643,213
11619,100,135,0.00013461515,13033.991510391235,205.88701558113098,9544.554344654083,213
11620,100,135,2.819973e-06,13035.103678703308,205.9128646850586,9545.375786542892,213
11621,100,135,2.9520763e-06,13036.227563381195,205.94654774665833,9546.198504686356,213
11622,100,135,5.587935e-09,13037.341324090958,205.9524426460266,9547.0177795887,213
11623,100,135,1.8793162e-06,13038.448285102844,205.96434664726257,9547.844824552536,213
11624,100,136,1.4193197e-06,13040.00066447258,206.39676451683044,9548.66329240799,213
11625,100,136,6.80753e-06,13041.12124824524,206.42445063591003,9549.481738328934,213
11626,100,136,4.3434557e-06,13042.243206262589,206.42646074295044,9550.3061773777,213
11627,100,136,3.1569418e-06,13043.361007928848,206.42858362197876,9551.118072271347,213
11628,100,136,0.00013258842,13044.471393108368,206.4361035823822,9551.93868112564,213
11629,100,136,1.601848e-06,13045.597203493118,206.4610025882721,9552.76183795929,213
11630,100,136,9.407248e-06,13046.702964782715,206.46961665153503,9553.587204933167,213
11631,100,136,3.723062e-06,13047.80755352974,206.47566866874695,9554.407452821732,213
11632,100,136,8.3541945e-06,13048.914929389954,206.48807954788208,9555.228613615036,213
11633,100,136,1.08636195e-05,13050.033396959305,206.50990653038025,9556.05051445961,213
11634,100,136,1.3997922e-05,13051.151537895203,206.52065062522888,9556.866823196411,213
11635,100,136,7.580803e-07,13052.270383834839,206.54723644256592,9557.685816287994,213
11636,100,136,2.541325e-05,13053.36920118332,206.5518593788147,9558.508036375046,213
11637,100,136,3.0361042e-07,13054.522665262222,206.55397534370422,9559.374324321747,213
11638,100,136,5.3819924e-05,13055.654009580612,206.57173037528992,9560.196497440338,213
11639,100,136,3.0228234e-06,13056.770150899887,206.58825731277466,9561.02342057228,213
11640,100,136,1.8998556e-06,13057.912519931793,206.62834429740906,9561.849381685257,213
11641,100,136,3.7252899e-09,13059.046732902527,206.65684127807617,9562.671917676926,213
11642,100,136,8.009361e-08,13060.168209791183,206.69092726707458,9563.497854709625,213
11643,100,136,3.503279e-06,13061.281908988953,206.70232224464417,9564.31846857071,213
11644,100,136,1.2110506e-05,13062.39114689827,206.71273112297058,9565.146396875381,213
11645,100,136,1.4719966e-05,13063.508425474167,206.7146589756012,9565.979176998138,213
11646,100,136,8.825363e-06,13064.620002031326,206.72147512435913,9566.797420978546,213
11647,100,136,5.3285753e-06,13065.731420516968,206.72339510917664,9567.618908166885,213
11648,100,136,0.00013224459,13066.859020233154,206.750901222229,9568.4456512928,213
11649,100,136,1.1529503e-06,13067.979310035706,206.76685619354248,9569.278131008148,213
11650,100,136,4.2654358e-07,13069.091628074646,206.78346133232117,9570.09742808342,213
11651,100,136,0.00012551284,13070.214216947556,206.79863142967224,9570.932441234589,213
11652,100,136,2.2537914e-07,13071.328001022339,206.81556630134583,9571.75189113617,213
11653,100,136,8.945479e-05,13072.438948392868,206.82342529296875,9572.579778194427,213
11654,100,136,1.9445752e-06,13073.562044858932,206.82535529136658,9573.395539283752,213
11655,100,136,2.1175892e-05,13074.678705453873,206.8416783809662,9574.219127178192,213
11656,100,136,3.631939e-06,13075.796902656555,206.8659234046936,9575.037168264389,213
11657,100,136,1.7452426e-06,13076.91606593132,206.90583157539368,9575.852368116379,213
11658,100,136,1.681944e-06,13078.043275356293,206.90792441368103,9576.68281698227,213
11659,100,136,9.164132e-07,13079.14549946785,206.92345547676086,9577.504212856293,213
11660,100,136,8.3818145e-07,13080.257308006287,206.9304003715515,9578.3216547966,213
11661,100,136,2.7249673e-06,13081.381071090698,206.9555172920227,9579.145099878311,213
11662,100,136,7.133837e-07,13082.486983537674,206.96763229370117,9579.963125944138,213
11663,100,136,8.5059055e-06,13083.61128616333,206.9939374923706,9580.784654855728,213
11664,100,136,1.5217137e-06,13084.735846281052,207.01907563209534,9581.610137939453,213
11665,100,136,9.117077e-06,13085.84721827507,207.0371696949005,9582.427186012268,213
11666,100,136,2.7677816e-06,13086.959874868393,207.04244184494019,9583.242707014084,213
11667,100,136,7.5125914e-05,13088.07317686081,207.04426074028015,9584.06913304329,213
11668,100,136,9.610309e-06,13089.185226678848,207.05430793762207,9584.896685123444,213
11669,100,136,5.138671e-06,13090.310688734055,207.06831288337708,9585.726915121078,213
11670,100,136,2.7901801e-06,13091.432774543762,207.0840790271759,9586.547047138214,213
11671,100,136,8.083795e-07,13092.560881137848,207.10634589195251,9587.366797924042,213
11672,100,136,4.745572e-06,13093.685754537582,207.13318586349487,9588.189887046814,213
11673,100,136,8.0892505e-06,13094.804507017136,207.14955186843872,9589.01477599144,213
11674,100,136,2.8374394e-05,13095.912264347076,207.17545199394226,9589.830920934677,213
11675,100,136,2.0302798e-07,13097.028513908386,207.18797397613525,9590.654725790024,213
11676,100,136,1.9849718e-05,13098.139950037003,207.2015359401703,9591.479074954987,213
11677,100,136,1.9110187e-06,13099.257332086563,207.23273587226868,9592.296866178513,213
11678,100,136,3.6507663e-07,13100.383766651154,207.2346749305725,9593.115447282791,213
11679,100,136,7.699294e-05,13101.489635705948,207.237783908844,9593.933671236038,213
11680,100,136,0.00025508003,13102.600048542023,207.25560784339905,9594.747288227081,213
11681,100,136,0.0026061293,13103.71325469017,207.26763081550598,9595.565038204193,213
11682,100,136,5.736108e-05,13104.831687450409,207.30398869514465,9596.379563093185,213
11683,100,136,3.805208e-06,13105.948722362518,207.310852766037,9597.203464269638,213
11684,100,136,4.583346e-06,13107.069529771805,207.32695078849792,9598.029949188232,213
11685,100,136,1.3144717e-05,13108.195132017136,207.3438687324524,9598.856542348862,213
11686,100,136,1.9501133e-06,13109.308068275452,207.36909890174866,9599.675165176392,213
11687,100,136,6.9661667e-07,13110.426601409912,207.3839180469513,9600.4992582798,213
11688,100,136,0.00021059645,13111.537937879562,207.3912410736084,9601.316449403763,213
11689,100,136,1.1939173e-06,13112.653297901154,207.39310812950134,9602.146991729736,213
11690,100,136,0.00030302632,13113.762663602829,207.40942430496216,9602.966409683228,213
11691,100,136,1.4876037e-05,13114.876688241959,207.43460631370544,9603.778805732727,213
11692,100,136,3.9860473e-07,13115.993670225143,207.4365622997284,9604.606204748154,213
11693,100,136,2.7414815e-05,13117.113445281982,207.4539942741394,9605.425568819046,213
11694,100,136,3.5071398e-06,13118.234033346176,207.45604825019836,9606.250007867813,213
11695,100,136,1.8476851e-06,13119.344917297363,207.4580192565918,9607.07668185234,213
11696,100,136,7.2828374e-07,13120.455292463303,207.4597682952881,9607.893817901611,213
11697,100,136,4.988601e-05,13121.580009698868,207.46195244789124,9608.720222949982,213
11698,100,136,8.075449e-06,13122.687293291092,207.49144840240479,9609.534012079239,213
11699,100,136,8.827272e-06,13123.808145046234,207.4933304786682,9610.355341911316,213
11700,100,136,7.133874e-07,13124.919988155365,207.49691462516785,9611.175379753113,213
11701,100,136,3.406374e-05,13126.034965991974,207.50618767738342,9611.997476816177,213
11702,100,136,3.129227e-07,13127.143785953522,207.50844383239746,9612.818233728409,213
11703,100,136,6.389244e-05,13128.263059139252,207.5254669189453,9613.640085697174,213
11704,100,136,2.2164859e-06,13129.368421554565,207.52714371681213,9614.462990760803,213
11705,100,136,4.4703455e-08,13130.490690469742,207.5465157032013,9615.286028862,213
11706,100,136,6.83582e-07,13131.602693796158,207.55381774902344,9616.104336977005,213
11707,100,136,9.294442e-07,13132.717446565628,207.57441663742065,9616.930050134659,213
11708,100,136,1.6744993e-06,13133.837251901627,207.58544945716858,9617.756065368652,213
11709,100,136,1.0952195e-06,13134.958899497986,207.5959722995758,9618.579774141312,213
11710,100,136,4.6379387e-07,13136.07942867279,207.6166172027588,9619.400269985199,213
11711,100,136,1.4937408e-05,13137.183311462402,207.62065720558167,9620.22702407837,213
11712,100,136,1.8877134e-05,13138.29869890213,207.62262725830078,9621.041668176651,213
11713,100,136,8.3818975e-08,13139.413444757462,207.64271640777588,9621.859502077103,213
11714,100,136,4.3599734e-06,13140.52906370163,207.66858053207397,9622.678680181503,213
11715,100,136,5.941766e-07,13141.645359754562,207.68977546691895,9623.503858327866,213
